,name,type_id_id
0,harshil,111111111111111111111111111111111111111111@1111111111111111111111111111a1111111111111111111a111111111
1,harshil,1
2,harshil,1
3,harshil,1
4,harshil,111111111111111111111111111111111111111111@1111111111111111111111111111a1111111111111111111a111111111
5,harshil,111
6,harshil,111111111111111111111111111111111111111111@1111111111111111111111111111a1111111111111111111a111111111
7,harshil,1
8,harshil,1
9,harshil,1
10,harshil,111111111111111111111111111111111111111111@1111111111111111111111111111a1111111111111111111a111111111
11,harshil,111
12,harshil,111111111111111111111111111111111111111111@1111111111111111111111111111a1111111111111111111a111111111
13,harshil,1
14,harshil,1
15,harshil,1
16,harshil,111111111111111111111111111111111111111111@1111111111111111111111111111a1111111111111111111a111111111
17,harshil,111
18,harshil,111111111111111111111111111111111111111111@1111111111111111111111111111a1111111111111111111a111111111
19,harshil,1
20,harshil,1
21,harshil,1
22,harshil,111111111111111111111111111111111111111111@1111111111111111111111111111a1111111111111111111a111111111
23,harshil,111
24,harshil,111111111111111111111111111111111111111111@1111111111111111111111111111a1111111111111111111a111111111
25,harshil,1
26,harshil,1
27,harshil,1
28,harshil,111111111111111111111111111111111111111111@1111111111111111111111111111a1111111111111111111a111111111
29,harshil,111
30,harshil,111111111111111111111111111111111111111111@1111111111111111111111111111a1111111111111111111a111111111
31,harshil,1
32,harshil,1
33,harshil,1
34,harshil,111111111111111111111111111111111111111111@1111111111111111111111111111a1111111111111111111a111111111
35,harshil,111
36,harshil,111111111111111111111111111111111111111111@1111111111111111111111111111a1111111111111111111a111111111
37,harshil,1
38,harshil,1
39,harshil,1
40,harshil,111111111111111111111111111111111111111111@1111111111111111111111111111a1111111111111111111a111111111
41,harshil,111
42,harshil,111111111111111111111111111111111111111111@1111111111111111111111111111a1111111111111111111a111111111
43,harshil,1
44,harshil,1
45,harshil,1
46,harshil,111111111111111111111111111111111111111111@1111111111111111111111111111a1111111111111111111a111111111
47,harshil,111
48,harshil,111111111111111111111111111111111111111111@1111111111111111111111111111a1111111111111111111a111111111
49,harshil,1
50,harshil,1
51,harshil,1
52,harshil,111111111111111111111111111111111111111111@1111111111111111111111111111a1111111111111111111a111111111
53,harshil,111
54,harshil,111111111111111111111111111111111111111111@1111111111111111111111111111a1111111111111111111a111111111
55,harshil,1
56,harshil,1
57,harshil,1
58,harshil,111111111111111111111111111111111111111111@1111111111111111111111111111a1111111111111111111a111111111
59,harshil,111
60,harshil,111111111111111111111111111111111111111111@1111111111111111111111111111a1111111111111111111a111111111
61,harshil,1
62,harshil,1
63,harshil,1
64,harshil,111111111111111111111111111111111111111111@1111111111111111111111111111a1111111111111111111a111111111
65,harshil,111
66,harshil,111111111111111111111111111111111111111111@1111111111111111111111111111a1111111111111111111a111111111
67,harshil,1
68,harshil,1
69,harshil,1
70,harshil,111111111111111111111111111111111111111111@1111111111111111111111111111a1111111111111111111a111111111
71,harshil,111
72,harshil,111111111111111111111111111111111111111111@1111111111111111111111111111a1111111111111111111a111111111
73,harshil,1
74,harshil,1
75,harshil,1
76,harshil,111111111111111111111111111111111111111111@1111111111111111111111111111a1111111111111111111a111111111
77,harshil,111
78,harshil,111111111111111111111111111111111111111111@1111111111111111111111111111a1111111111111111111a111111111
79,harshil,1
80,harshil,1
81,harshil,1
82,harshil,111111111111111111111111111111111111111111@1111111111111111111111111111a1111111111111111111a111111111
83,harshil,111
84,harshil,111111111111111111111111111111111111111111@1111111111111111111111111111a1111111111111111111a111111111
85,harshil,1
86,harshil,1
87,harshil,1
88,harshil,111111111111111111111111111111111111111111@1111111111111111111111111111a1111111111111111111a111111111
89,harshil,111
90,harshil,111111111111111111111111111111111111111111@1111111111111111111111111111a1111111111111111111a111111111
91,harshil,1
92,harshil,1
93,harshil,1
94,harshil,111111111111111111111111111111111111111111@1111111111111111111111111111a1111111111111111111a111111111
95,harshil,111
96,harshil,111111111111111111111111111111111111111111@1111111111111111111111111111a1111111111111111111a111111111
97,harshil,1
98,harshil,1
99,harshil,1
100,harshil,111111111111111111111111111111111111111111@1111111111111111111111111111a1111111111111111111a111111111
101,harshil,111
102,harshil,111111111111111111111111111111111111111111@1111111111111111111111111111a1111111111111111111a111111111
103,harshil,1
104,harshil,1
105,harshil,1
106,harshil,111111111111111111111111111111111111111111@1111111111111111111111111111a1111111111111111111a111111111
107,harshil,111
108,harshil,111111111111111111111111111111111111111111@1111111111111111111111111111a1111111111111111111a111111111
109,harshil,1
110,harshil,1
111,harshil,1
112,harshil,111111111111111111111111111111111111111111@1111111111111111111111111111a1111111111111111111a111111111
113,harshil,111
114,harshil,111111111111111111111111111111111111111111@1111111111111111111111111111a1111111111111111111a111111111
115,harshil,1
116,harshil,1
117,harshil,1
118,harshil,111111111111111111111111111111111111111111@1111111111111111111111111111a1111111111111111111a111111111
119,harshil,111
120,harshil,111111111111111111111111111111111111111111@1111111111111111111111111111a1111111111111111111a111111111
121,harshil,1
122,harshil,1
123,harshil,1
124,harshil,111111111111111111111111111111111111111111@1111111111111111111111111111a1111111111111111111a111111111
125,harshil,111
126,harshil,111111111111111111111111111111111111111111@1111111111111111111111111111a1111111111111111111a111111111
127,harshil,1
128,harshil,1
129,harshil,1
130,harshil,111111111111111111111111111111111111111111@1111111111111111111111111111a1111111111111111111a111111111
131,harshil,111
132,harshil,111111111111111111111111111111111111111111@1111111111111111111111111111a1111111111111111111a111111111
133,harshil,1
134,harshil,1
135,harshil,1
136,harshil,111111111111111111111111111111111111111111@1111111111111111111111111111a1111111111111111111a111111111
137,harshil,111
138,harshil,111111111111111111111111111111111111111111@1111111111111111111111111111a1111111111111111111a111111111
139,harshil,1
140,harshil,1
141,harshil,1
142,harshil,111111111111111111111111111111111111111111@1111111111111111111111111111a1111111111111111111a111111111
143,harshil,111
144,harshil,111111111111111111111111111111111111111111@1111111111111111111111111111a1111111111111111111a111111111
145,harshil,1
146,harshil,1
147,harshil,1
148,harshil,111111111111111111111111111111111111111111@1111111111111111111111111111a1111111111111111111a111111111
149,harshil,111
150,harshil,111111111111111111111111111111111111111111@1111111111111111111111111111a1111111111111111111a111111111
151,harshil,1
152,harshil,1
153,harshil,1
154,harshil,111111111111111111111111111111111111111111@1111111111111111111111111111a1111111111111111111a111111111
155,harshil,111
156,harshil,111111111111111111111111111111111111111111@1111111111111111111111111111a1111111111111111111a111111111
157,harshil,1
158,harshil,1
159,harshil,1
160,harshil,111111111111111111111111111111111111111111@1111111111111111111111111111a1111111111111111111a111111111
161,harshil,111
162,harshil,111111111111111111111111111111111111111111@1111111111111111111111111111a1111111111111111111a111111111
163,harshil,1
164,harshil,1
165,harshil,1
166,harshil,111111111111111111111111111111111111111111@1111111111111111111111111111a1111111111111111111a111111111
167,harshil,111
168,harshil,111111111111111111111111111111111111111111@1111111111111111111111111111a1111111111111111111a111111111
169,harshil,1
170,harshil,1
171,harshil,1
172,harshil,111111111111111111111111111111111111111111@1111111111111111111111111111a1111111111111111111a111111111
173,harshil,111
174,harshil,111111111111111111111111111111111111111111@1111111111111111111111111111a1111111111111111111a111111111
175,harshil,1
176,harshil,1
177,harshil,1
178,harshil,111111111111111111111111111111111111111111@1111111111111111111111111111a1111111111111111111a111111111
179,harshil,111
180,harshil,111111111111111111111111111111111111111111@1111111111111111111111111111a1111111111111111111a111111111
181,harshil,1
182,harshil,1
183,harshil,1
184,harshil,111111111111111111111111111111111111111111@1111111111111111111111111111a1111111111111111111a111111111
185,harshil,111
186,harshil,111111111111111111111111111111111111111111@1111111111111111111111111111a1111111111111111111a111111111
187,harshil,1
188,harshil,1
189,harshil,1
190,harshil,111111111111111111111111111111111111111111@1111111111111111111111111111a1111111111111111111a111111111
191,harshil,111
192,harshil,111111111111111111111111111111111111111111@1111111111111111111111111111a1111111111111111111a111111111
193,harshil,1
194,harshil,1
195,harshil,1
196,harshil,111111111111111111111111111111111111111111@1111111111111111111111111111a1111111111111111111a111111111
197,harshil,111
198,harshil,111111111111111111111111111111111111111111@1111111111111111111111111111a1111111111111111111a111111111
199,harshil,1
200,harshil,1
201,harshil,1
202,harshil,111111111111111111111111111111111111111111@1111111111111111111111111111a1111111111111111111a111111111
203,harshil,111
204,harshil,111111111111111111111111111111111111111111@1111111111111111111111111111a1111111111111111111a111111111
205,harshil,1
206,harshil,1
207,harshil,1
208,harshil,111111111111111111111111111111111111111111@1111111111111111111111111111a1111111111111111111a111111111
209,harshil,111
210,harshil,111111111111111111111111111111111111111111@1111111111111111111111111111a1111111111111111111a111111111
211,harshil,1
212,harshil,1
213,harshil,1
214,harshil,111111111111111111111111111111111111111111@1111111111111111111111111111a1111111111111111111a111111111
215,harshil,111
216,harshil,111111111111111111111111111111111111111111@1111111111111111111111111111a1111111111111111111a111111111
217,harshil,1
218,harshil,1
219,harshil,1
220,harshil,111111111111111111111111111111111111111111@1111111111111111111111111111a1111111111111111111a111111111
221,harshil,111
222,harshil,111111111111111111111111111111111111111111@1111111111111111111111111111a1111111111111111111a111111111
223,harshil,1
224,harshil,1
225,harshil,1
226,harshil,111111111111111111111111111111111111111111@1111111111111111111111111111a1111111111111111111a111111111
227,harshil,111
228,harshil,111111111111111111111111111111111111111111@1111111111111111111111111111a1111111111111111111a111111111
229,harshil,1
230,harshil,1
231,harshil,1
232,harshil,111111111111111111111111111111111111111111@1111111111111111111111111111a1111111111111111111a111111111
233,harshil,111
234,harshil,111111111111111111111111111111111111111111@1111111111111111111111111111a1111111111111111111a111111111
235,harshil,1
236,harshil,1
237,harshil,1
238,harshil,111111111111111111111111111111111111111111@1111111111111111111111111111a1111111111111111111a111111111
239,harshil,111
240,harshil,111111111111111111111111111111111111111111@1111111111111111111111111111a1111111111111111111a111111111
241,harshil,1
242,harshil,1
243,harshil,1
244,harshil,111111111111111111111111111111111111111111@1111111111111111111111111111a1111111111111111111a111111111
245,harshil,111
246,harshil,111111111111111111111111111111111111111111@1111111111111111111111111111a1111111111111111111a111111111
247,harshil,1
248,harshil,1
249,harshil,1
250,harshil,111111111111111111111111111111111111111111@1111111111111111111111111111a1111111111111111111a111111111
251,harshil,111
252,harshil,111111111111111111111111111111111111111111@1111111111111111111111111111a1111111111111111111a111111111
253,harshil,1
254,harshil,1
255,harshil,1
256,harshil,111111111111111111111111111111111111111111@1111111111111111111111111111a1111111111111111111a111111111
257,harshil,111
258,harshil,111111111111111111111111111111111111111111@1111111111111111111111111111a1111111111111111111a111111111
259,harshil,1
260,harshil,1
261,harshil,1
262,harshil,111111111111111111111111111111111111111111@1111111111111111111111111111a1111111111111111111a111111111
263,harshil,111
264,harshil,111111111111111111111111111111111111111111@1111111111111111111111111111a1111111111111111111a111111111
265,harshil,1
266,harshil,1
267,harshil,1
268,harshil,111111111111111111111111111111111111111111@1111111111111111111111111111a1111111111111111111a111111111
269,harshil,111
270,harshil,111111111111111111111111111111111111111111@1111111111111111111111111111a1111111111111111111a111111111
271,harshil,1
272,harshil,1
273,harshil,1
274,harshil,111111111111111111111111111111111111111111@1111111111111111111111111111a1111111111111111111a111111111
275,harshil,111
276,harshil,111111111111111111111111111111111111111111@1111111111111111111111111111a1111111111111111111a111111111
277,harshil,1
278,harshil,1
279,harshil,1
280,harshil,111111111111111111111111111111111111111111@1111111111111111111111111111a1111111111111111111a111111111
281,harshil,111
282,harshil,111111111111111111111111111111111111111111@1111111111111111111111111111a1111111111111111111a111111111
283,harshil,1
284,harshil,1
285,harshil,1
286,harshil,111111111111111111111111111111111111111111@1111111111111111111111111111a1111111111111111111a111111111
287,harshil,111
288,harshil,111111111111111111111111111111111111111111@1111111111111111111111111111a1111111111111111111a111111111
289,harshil,1
290,harshil,1
291,harshil,1
292,harshil,111111111111111111111111111111111111111111@1111111111111111111111111111a1111111111111111111a111111111
293,harshil,111
294,harshil,111111111111111111111111111111111111111111@1111111111111111111111111111a1111111111111111111a111111111
295,harshil,1
296,harshil,1
297,harshil,1
298,harshil,111111111111111111111111111111111111111111@1111111111111111111111111111a1111111111111111111a111111111
299,harshil,111
300,harshil,111111111111111111111111111111111111111111@1111111111111111111111111111a1111111111111111111a111111111
301,harshil,1
302,harshil,1
303,harshil,1
304,harshil,111111111111111111111111111111111111111111@1111111111111111111111111111a1111111111111111111a111111111
305,harshil,111
306,harshil,111111111111111111111111111111111111111111@1111111111111111111111111111a1111111111111111111a111111111
307,harshil,1
308,harshil,1
309,harshil,1
310,harshil,111111111111111111111111111111111111111111@1111111111111111111111111111a1111111111111111111a111111111
311,harshil,111
312,harshil,111111111111111111111111111111111111111111@1111111111111111111111111111a1111111111111111111a111111111
313,harshil,1
314,harshil,1
315,harshil,1
316,harshil,111111111111111111111111111111111111111111@1111111111111111111111111111a1111111111111111111a111111111
317,harshil,111
318,harshil,111111111111111111111111111111111111111111@1111111111111111111111111111a1111111111111111111a111111111
319,harshil,1
320,harshil,1
321,harshil,1
322,harshil,111111111111111111111111111111111111111111@1111111111111111111111111111a1111111111111111111a111111111
323,harshil,111
324,harshil,111111111111111111111111111111111111111111@1111111111111111111111111111a1111111111111111111a111111111
325,harshil,1
326,harshil,1
327,harshil,1
328,harshil,111111111111111111111111111111111111111111@1111111111111111111111111111a1111111111111111111a111111111
329,harshil,111
330,harshil,111111111111111111111111111111111111111111@1111111111111111111111111111a1111111111111111111a111111111
331,harshil,1
332,harshil,1
333,harshil,1
334,harshil,111111111111111111111111111111111111111111@1111111111111111111111111111a1111111111111111111a111111111
335,harshil,111
336,harshil,111111111111111111111111111111111111111111@1111111111111111111111111111a1111111111111111111a111111111
337,harshil,1
338,harshil,1
339,harshil,1
340,harshil,111111111111111111111111111111111111111111@1111111111111111111111111111a1111111111111111111a111111111
341,harshil,111
342,harshil,111111111111111111111111111111111111111111@1111111111111111111111111111a1111111111111111111a111111111
343,harshil,1
344,harshil,1
345,harshil,1
346,harshil,111111111111111111111111111111111111111111@1111111111111111111111111111a1111111111111111111a111111111
347,harshil,111
348,harshil,111111111111111111111111111111111111111111@1111111111111111111111111111a1111111111111111111a111111111
349,harshil,1
350,harshil,1
351,harshil,1
352,harshil,111111111111111111111111111111111111111111@1111111111111111111111111111a1111111111111111111a111111111
353,harshil,111
354,harshil,111111111111111111111111111111111111111111@1111111111111111111111111111a1111111111111111111a111111111
355,harshil,1
356,harshil,1
357,harshil,1
358,harshil,111111111111111111111111111111111111111111@1111111111111111111111111111a1111111111111111111a111111111
359,harshil,111
360,harshil,111111111111111111111111111111111111111111@1111111111111111111111111111a1111111111111111111a111111111
361,harshil,1
362,harshil,1
363,harshil,1
364,harshil,111111111111111111111111111111111111111111@1111111111111111111111111111a1111111111111111111a111111111
365,harshil,111
366,harshil,111111111111111111111111111111111111111111@1111111111111111111111111111a1111111111111111111a111111111
367,harshil,1
368,harshil,1
369,harshil,1
370,harshil,111111111111111111111111111111111111111111@1111111111111111111111111111a1111111111111111111a111111111
371,harshil,111
372,harshil,111111111111111111111111111111111111111111@1111111111111111111111111111a1111111111111111111a111111111
373,harshil,1
374,harshil,1
375,harshil,1
376,harshil,111111111111111111111111111111111111111111@1111111111111111111111111111a1111111111111111111a111111111
377,harshil,111
378,harshil,111111111111111111111111111111111111111111@1111111111111111111111111111a1111111111111111111a111111111
379,harshil,1
380,harshil,1
381,harshil,1
382,harshil,111111111111111111111111111111111111111111@1111111111111111111111111111a1111111111111111111a111111111
383,harshil,111
384,harshil,111111111111111111111111111111111111111111@1111111111111111111111111111a1111111111111111111a111111111
385,harshil,1
386,harshil,1
387,harshil,1
388,harshil,111111111111111111111111111111111111111111@1111111111111111111111111111a1111111111111111111a111111111
389,harshil,111
390,harshil,111111111111111111111111111111111111111111@1111111111111111111111111111a1111111111111111111a111111111
391,harshil,1
392,harshil,1
393,harshil,1
394,harshil,111111111111111111111111111111111111111111@1111111111111111111111111111a1111111111111111111a111111111
395,harshil,111
396,harshil,111111111111111111111111111111111111111111@1111111111111111111111111111a1111111111111111111a111111111
397,harshil,1
398,harshil,1
399,harshil,1
400,harshil,111111111111111111111111111111111111111111@1111111111111111111111111111a1111111111111111111a111111111
401,harshil,111
402,harshil,111111111111111111111111111111111111111111@1111111111111111111111111111a1111111111111111111a111111111
403,harshil,1
404,harshil,1
405,harshil,1
406,harshil,111111111111111111111111111111111111111111@1111111111111111111111111111a1111111111111111111a111111111
407,harshil,111
408,harshil,111111111111111111111111111111111111111111@1111111111111111111111111111a1111111111111111111a111111111
409,harshil,1
410,harshil,1
411,harshil,1
412,harshil,111111111111111111111111111111111111111111@1111111111111111111111111111a1111111111111111111a111111111
413,harshil,111
414,harshil,111111111111111111111111111111111111111111@1111111111111111111111111111a1111111111111111111a111111111
415,harshil,1
416,harshil,1
417,harshil,1
418,harshil,111111111111111111111111111111111111111111@1111111111111111111111111111a1111111111111111111a111111111
419,harshil,111
420,harshil,111111111111111111111111111111111111111111@1111111111111111111111111111a1111111111111111111a111111111
421,harshil,1
422,harshil,1
423,harshil,1
424,harshil,111111111111111111111111111111111111111111@1111111111111111111111111111a1111111111111111111a111111111
425,harshil,111
426,harshil,111111111111111111111111111111111111111111@1111111111111111111111111111a1111111111111111111a111111111
427,harshil,1
428,harshil,1
429,harshil,1
430,harshil,111111111111111111111111111111111111111111@1111111111111111111111111111a1111111111111111111a111111111
431,harshil,111
432,harshil,111111111111111111111111111111111111111111@1111111111111111111111111111a1111111111111111111a111111111
433,harshil,1
434,harshil,1
435,harshil,1
436,harshil,111111111111111111111111111111111111111111@1111111111111111111111111111a1111111111111111111a111111111
437,harshil,111
438,harshil,111111111111111111111111111111111111111111@1111111111111111111111111111a1111111111111111111a111111111
439,harshil,1
440,harshil,1
441,harshil,1
442,harshil,111111111111111111111111111111111111111111@1111111111111111111111111111a1111111111111111111a111111111
443,harshil,111
444,harshil,111111111111111111111111111111111111111111@1111111111111111111111111111a1111111111111111111a111111111
445,harshil,1
446,harshil,1
447,harshil,1
448,harshil,111111111111111111111111111111111111111111@1111111111111111111111111111a1111111111111111111a111111111
449,harshil,111
450,harshil,111111111111111111111111111111111111111111@1111111111111111111111111111a1111111111111111111a111111111
451,harshil,1
452,harshil,1
453,harshil,1
454,harshil,111111111111111111111111111111111111111111@1111111111111111111111111111a1111111111111111111a111111111
455,harshil,111
456,harshil,111111111111111111111111111111111111111111@1111111111111111111111111111a1111111111111111111a111111111
457,harshil,1
458,harshil,1
459,harshil,1
460,harshil,111111111111111111111111111111111111111111@1111111111111111111111111111a1111111111111111111a111111111
461,harshil,111
462,harshil,111111111111111111111111111111111111111111@1111111111111111111111111111a1111111111111111111a111111111
463,harshil,1
464,harshil,1
465,harshil,1
466,harshil,111111111111111111111111111111111111111111@1111111111111111111111111111a1111111111111111111a111111111
467,harshil,111
468,harshil,111111111111111111111111111111111111111111@1111111111111111111111111111a1111111111111111111a111111111
469,harshil,1
470,harshil,1
471,harshil,1
472,harshil,111111111111111111111111111111111111111111@1111111111111111111111111111a1111111111111111111a111111111
473,harshil,111
474,harshil,111111111111111111111111111111111111111111@1111111111111111111111111111a1111111111111111111a111111111
475,harshil,1
476,harshil,1
477,harshil,1
478,harshil,111111111111111111111111111111111111111111@1111111111111111111111111111a1111111111111111111a111111111
479,harshil,111
480,harshil,111111111111111111111111111111111111111111@1111111111111111111111111111a1111111111111111111a111111111
481,harshil,1
482,harshil,1
483,harshil,1
484,harshil,111111111111111111111111111111111111111111@1111111111111111111111111111a1111111111111111111a111111111
485,harshil,111
486,harshil,111111111111111111111111111111111111111111@1111111111111111111111111111a1111111111111111111a111111111
487,harshil,1
488,harshil,1
489,harshil,1
490,harshil,111111111111111111111111111111111111111111@1111111111111111111111111111a1111111111111111111a111111111
491,harshil,111
492,harshil,111111111111111111111111111111111111111111@1111111111111111111111111111a1111111111111111111a111111111
493,harshil,1
494,harshil,1
495,harshil,1
496,harshil,111111111111111111111111111111111111111111@1111111111111111111111111111a1111111111111111111a111111111
497,harshil,111
498,harshil,111111111111111111111111111111111111111111@1111111111111111111111111111a1111111111111111111a111111111
499,harshil,1
500,harshil,1
501,harshil,1
502,harshil,111111111111111111111111111111111111111111@1111111111111111111111111111a1111111111111111111a111111111
503,harshil,111
504,harshil,111111111111111111111111111111111111111111@1111111111111111111111111111a1111111111111111111a111111111
505,harshil,1
506,harshil,1
507,harshil,1
508,harshil,111111111111111111111111111111111111111111@1111111111111111111111111111a1111111111111111111a111111111
509,harshil,111
510,harshil,111111111111111111111111111111111111111111@1111111111111111111111111111a1111111111111111111a111111111
511,harshil,1
512,harshil,1
513,harshil,1
514,harshil,111111111111111111111111111111111111111111@1111111111111111111111111111a1111111111111111111a111111111
515,harshil,111
516,harshil,111111111111111111111111111111111111111111@1111111111111111111111111111a1111111111111111111a111111111
517,harshil,1
518,harshil,1
519,harshil,1
520,harshil,111111111111111111111111111111111111111111@1111111111111111111111111111a1111111111111111111a111111111
521,harshil,111
522,harshil,111111111111111111111111111111111111111111@1111111111111111111111111111a1111111111111111111a111111111
523,harshil,1
524,harshil,1
525,harshil,1
526,harshil,111111111111111111111111111111111111111111@1111111111111111111111111111a1111111111111111111a111111111
527,harshil,111
528,harshil,111111111111111111111111111111111111111111@1111111111111111111111111111a1111111111111111111a111111111
529,harshil,1
530,harshil,1
531,harshil,1
532,harshil,111111111111111111111111111111111111111111@1111111111111111111111111111a1111111111111111111a111111111
533,harshil,111
534,harshil,111111111111111111111111111111111111111111@1111111111111111111111111111a1111111111111111111a111111111
535,harshil,1
536,harshil,1
537,harshil,1
538,harshil,111111111111111111111111111111111111111111@1111111111111111111111111111a1111111111111111111a111111111
539,harshil,111
540,harshil,111111111111111111111111111111111111111111@1111111111111111111111111111a1111111111111111111a111111111
541,harshil,1
542,harshil,1
543,harshil,1
544,harshil,111111111111111111111111111111111111111111@1111111111111111111111111111a1111111111111111111a111111111
545,harshil,111
546,harshil,111111111111111111111111111111111111111111@1111111111111111111111111111a1111111111111111111a111111111
547,harshil,1
548,harshil,1
549,harshil,1
550,harshil,111111111111111111111111111111111111111111@1111111111111111111111111111a1111111111111111111a111111111
551,harshil,111
552,harshil,111111111111111111111111111111111111111111@1111111111111111111111111111a1111111111111111111a111111111
553,harshil,1
554,harshil,1
555,harshil,1
556,harshil,111111111111111111111111111111111111111111@1111111111111111111111111111a1111111111111111111a111111111
557,harshil,111
558,harshil,111111111111111111111111111111111111111111@1111111111111111111111111111a1111111111111111111a111111111
559,harshil,1
560,harshil,1
561,harshil,1
562,harshil,111111111111111111111111111111111111111111@1111111111111111111111111111a1111111111111111111a111111111
563,harshil,111
564,harshil,111111111111111111111111111111111111111111@1111111111111111111111111111a1111111111111111111a111111111
565,harshil,1
566,harshil,1
567,harshil,1
568,harshil,111111111111111111111111111111111111111111@1111111111111111111111111111a1111111111111111111a111111111
569,harshil,111
570,harshil,111111111111111111111111111111111111111111@1111111111111111111111111111a1111111111111111111a111111111
571,harshil,1
572,harshil,1
573,harshil,1
574,harshil,111111111111111111111111111111111111111111@1111111111111111111111111111a1111111111111111111a111111111
575,harshil,111
576,harshil,111111111111111111111111111111111111111111@1111111111111111111111111111a1111111111111111111a111111111
577,harshil,1
578,harshil,1
579,harshil,1
580,harshil,111111111111111111111111111111111111111111@1111111111111111111111111111a1111111111111111111a111111111
581,harshil,111
582,harshil,111111111111111111111111111111111111111111@1111111111111111111111111111a1111111111111111111a111111111
583,harshil,1
584,harshil,1
585,harshil,1
586,harshil,111111111111111111111111111111111111111111@1111111111111111111111111111a1111111111111111111a111111111
587,harshil,111
588,harshil,111111111111111111111111111111111111111111@1111111111111111111111111111a1111111111111111111a111111111
589,harshil,1
590,harshil,1
591,harshil,1
592,harshil,111111111111111111111111111111111111111111@1111111111111111111111111111a1111111111111111111a111111111
593,harshil,111
594,harshil,111111111111111111111111111111111111111111@1111111111111111111111111111a1111111111111111111a111111111
595,harshil,1
596,harshil,1
597,harshil,1
598,harshil,111111111111111111111111111111111111111111@1111111111111111111111111111a1111111111111111111a111111111
599,harshil,111
600,harshil,111111111111111111111111111111111111111111@1111111111111111111111111111a1111111111111111111a111111111
601,harshil,1
602,harshil,1
603,harshil,1
604,harshil,111111111111111111111111111111111111111111@1111111111111111111111111111a1111111111111111111a111111111
605,harshil,111
606,harshil,111111111111111111111111111111111111111111@1111111111111111111111111111a1111111111111111111a111111111
607,harshil,1
608,harshil,1
609,harshil,1
610,harshil,111111111111111111111111111111111111111111@1111111111111111111111111111a1111111111111111111a111111111
611,harshil,111
612,harshil,111111111111111111111111111111111111111111@1111111111111111111111111111a1111111111111111111a111111111
613,harshil,1
614,harshil,1
615,harshil,1
616,harshil,111111111111111111111111111111111111111111@1111111111111111111111111111a1111111111111111111a111111111
617,harshil,111
618,harshil,111111111111111111111111111111111111111111@1111111111111111111111111111a1111111111111111111a111111111
619,harshil,1
620,harshil,1
621,harshil,1
622,harshil,111111111111111111111111111111111111111111@1111111111111111111111111111a1111111111111111111a111111111
623,harshil,111
624,harshil,111111111111111111111111111111111111111111@1111111111111111111111111111a1111111111111111111a111111111
625,harshil,1
626,harshil,1
627,harshil,1
628,harshil,111111111111111111111111111111111111111111@1111111111111111111111111111a1111111111111111111a111111111
629,harshil,111
630,harshil,111111111111111111111111111111111111111111@1111111111111111111111111111a1111111111111111111a111111111
631,harshil,1
632,harshil,1
633,harshil,1
634,harshil,111111111111111111111111111111111111111111@1111111111111111111111111111a1111111111111111111a111111111
635,harshil,111
636,harshil,111111111111111111111111111111111111111111@1111111111111111111111111111a1111111111111111111a111111111
637,harshil,1
638,harshil,1
639,harshil,1
640,harshil,111111111111111111111111111111111111111111@1111111111111111111111111111a1111111111111111111a111111111
641,harshil,111
642,harshil,111111111111111111111111111111111111111111@1111111111111111111111111111a1111111111111111111a111111111
643,harshil,1
644,harshil,1
645,harshil,1
646,harshil,111111111111111111111111111111111111111111@1111111111111111111111111111a1111111111111111111a111111111
647,harshil,111
648,harshil,111111111111111111111111111111111111111111@1111111111111111111111111111a1111111111111111111a111111111
649,harshil,1
650,harshil,1
651,harshil,1
652,harshil,111111111111111111111111111111111111111111@1111111111111111111111111111a1111111111111111111a111111111
653,harshil,111
654,harshil,111111111111111111111111111111111111111111@1111111111111111111111111111a1111111111111111111a111111111
655,harshil,1
656,harshil,1
657,harshil,1
658,harshil,111111111111111111111111111111111111111111@1111111111111111111111111111a1111111111111111111a111111111
659,harshil,111
660,harshil,111111111111111111111111111111111111111111@1111111111111111111111111111a1111111111111111111a111111111
661,harshil,1
662,harshil,1
663,harshil,1
664,harshil,111111111111111111111111111111111111111111@1111111111111111111111111111a1111111111111111111a111111111
665,harshil,111
666,harshil,111111111111111111111111111111111111111111@1111111111111111111111111111a1111111111111111111a111111111
667,harshil,1
668,harshil,1
669,harshil,1
670,harshil,111111111111111111111111111111111111111111@1111111111111111111111111111a1111111111111111111a111111111
671,harshil,111
672,harshil,111111111111111111111111111111111111111111@1111111111111111111111111111a1111111111111111111a111111111
673,harshil,1
674,harshil,1
675,harshil,1
676,harshil,111111111111111111111111111111111111111111@1111111111111111111111111111a1111111111111111111a111111111
677,harshil,111
678,harshil,111111111111111111111111111111111111111111@1111111111111111111111111111a1111111111111111111a111111111
679,harshil,1
680,harshil,1
681,harshil,1
682,harshil,111111111111111111111111111111111111111111@1111111111111111111111111111a1111111111111111111a111111111
683,harshil,111
684,harshil,111111111111111111111111111111111111111111@1111111111111111111111111111a1111111111111111111a111111111
685,harshil,1
686,harshil,1
687,harshil,1
688,harshil,111111111111111111111111111111111111111111@1111111111111111111111111111a1111111111111111111a111111111
689,harshil,111
690,harshil,111111111111111111111111111111111111111111@1111111111111111111111111111a1111111111111111111a111111111
691,harshil,1
692,harshil,1
693,harshil,1
694,harshil,111111111111111111111111111111111111111111@1111111111111111111111111111a1111111111111111111a111111111
695,harshil,111
696,harshil,111111111111111111111111111111111111111111@1111111111111111111111111111a1111111111111111111a111111111
697,harshil,1
698,harshil,1
699,harshil,1
700,harshil,111111111111111111111111111111111111111111@1111111111111111111111111111a1111111111111111111a111111111
701,harshil,111
702,harshil,111111111111111111111111111111111111111111@1111111111111111111111111111a1111111111111111111a111111111
703,harshil,1
704,harshil,1
705,harshil,1
706,harshil,111111111111111111111111111111111111111111@1111111111111111111111111111a1111111111111111111a111111111
707,harshil,111
708,harshil,111111111111111111111111111111111111111111@1111111111111111111111111111a1111111111111111111a111111111
709,harshil,1
710,harshil,1
711,harshil,1
712,harshil,111111111111111111111111111111111111111111@1111111111111111111111111111a1111111111111111111a111111111
713,harshil,111
714,harshil,111111111111111111111111111111111111111111@1111111111111111111111111111a1111111111111111111a111111111
715,harshil,1
716,harshil,1
717,harshil,1
718,harshil,111111111111111111111111111111111111111111@1111111111111111111111111111a1111111111111111111a111111111
719,harshil,111
720,harshil,111111111111111111111111111111111111111111@1111111111111111111111111111a1111111111111111111a111111111
721,harshil,1
722,harshil,1
723,harshil,1
724,harshil,111111111111111111111111111111111111111111@1111111111111111111111111111a1111111111111111111a111111111
725,harshil,111
726,harshil,111111111111111111111111111111111111111111@1111111111111111111111111111a1111111111111111111a111111111
727,harshil,1
728,harshil,1
729,harshil,1
730,harshil,111111111111111111111111111111111111111111@1111111111111111111111111111a1111111111111111111a111111111
731,harshil,111
732,harshil,111111111111111111111111111111111111111111@1111111111111111111111111111a1111111111111111111a111111111
733,harshil,1
734,harshil,1
735,harshil,1
736,harshil,111111111111111111111111111111111111111111@1111111111111111111111111111a1111111111111111111a111111111
737,harshil,111
738,harshil,111111111111111111111111111111111111111111@1111111111111111111111111111a1111111111111111111a111111111
739,harshil,1
740,harshil,1
741,harshil,1
742,harshil,111111111111111111111111111111111111111111@1111111111111111111111111111a1111111111111111111a111111111
743,harshil,111
744,harshil,111111111111111111111111111111111111111111@1111111111111111111111111111a1111111111111111111a111111111
745,harshil,1
746,harshil,1
747,harshil,1
748,harshil,111111111111111111111111111111111111111111@1111111111111111111111111111a1111111111111111111a111111111
749,harshil,111
750,harshil,111111111111111111111111111111111111111111@1111111111111111111111111111a1111111111111111111a111111111
751,harshil,1
752,harshil,1
753,harshil,1
754,harshil,111111111111111111111111111111111111111111@1111111111111111111111111111a1111111111111111111a111111111
755,harshil,111
756,harshil,111111111111111111111111111111111111111111@1111111111111111111111111111a1111111111111111111a111111111
757,harshil,1
758,harshil,1
759,harshil,1
760,harshil,111111111111111111111111111111111111111111@1111111111111111111111111111a1111111111111111111a111111111
761,harshil,111
762,harshil,111111111111111111111111111111111111111111@1111111111111111111111111111a1111111111111111111a111111111
763,harshil,1
764,harshil,1
765,harshil,1
766,harshil,111111111111111111111111111111111111111111@1111111111111111111111111111a1111111111111111111a111111111
767,harshil,111
768,harshil,111111111111111111111111111111111111111111@1111111111111111111111111111a1111111111111111111a111111111
769,harshil,1
770,harshil,1
771,harshil,1
772,harshil,111111111111111111111111111111111111111111@1111111111111111111111111111a1111111111111111111a111111111
773,harshil,111
774,harshil,111111111111111111111111111111111111111111@1111111111111111111111111111a1111111111111111111a111111111
775,harshil,1
776,harshil,1
777,harshil,1
778,harshil,111111111111111111111111111111111111111111@1111111111111111111111111111a1111111111111111111a111111111
779,harshil,111
780,harshil,111111111111111111111111111111111111111111@1111111111111111111111111111a1111111111111111111a111111111
781,harshil,1
782,harshil,1
783,harshil,1
784,harshil,111111111111111111111111111111111111111111@1111111111111111111111111111a1111111111111111111a111111111
785,harshil,111
786,harshil,111111111111111111111111111111111111111111@1111111111111111111111111111a1111111111111111111a111111111
787,harshil,1
788,harshil,1
789,harshil,1
790,harshil,111111111111111111111111111111111111111111@1111111111111111111111111111a1111111111111111111a111111111
791,harshil,111
792,harshil,111111111111111111111111111111111111111111@1111111111111111111111111111a1111111111111111111a111111111
793,harshil,1
794,harshil,1
795,harshil,1
796,harshil,111111111111111111111111111111111111111111@1111111111111111111111111111a1111111111111111111a111111111
797,harshil,111
798,harshil,111111111111111111111111111111111111111111@1111111111111111111111111111a1111111111111111111a111111111
799,harshil,1
800,harshil,1
801,harshil,1
802,harshil,111111111111111111111111111111111111111111@1111111111111111111111111111a1111111111111111111a111111111
803,harshil,111
804,harshil,111111111111111111111111111111111111111111@1111111111111111111111111111a1111111111111111111a111111111
805,harshil,1
806,harshil,1
807,harshil,1
808,harshil,111111111111111111111111111111111111111111@1111111111111111111111111111a1111111111111111111a111111111
809,harshil,111
810,harshil,111111111111111111111111111111111111111111@1111111111111111111111111111a1111111111111111111a111111111
811,harshil,1
812,harshil,1
813,harshil,1
814,harshil,111111111111111111111111111111111111111111@1111111111111111111111111111a1111111111111111111a111111111
815,harshil,111
816,harshil,111111111111111111111111111111111111111111@1111111111111111111111111111a1111111111111111111a111111111
817,harshil,1
818,harshil,1
819,harshil,1
820,harshil,111111111111111111111111111111111111111111@1111111111111111111111111111a1111111111111111111a111111111
821,harshil,111
822,harshil,111111111111111111111111111111111111111111@1111111111111111111111111111a1111111111111111111a111111111
823,harshil,1
824,harshil,1
825,harshil,1
826,harshil,111111111111111111111111111111111111111111@1111111111111111111111111111a1111111111111111111a111111111
827,harshil,111
828,harshil,111111111111111111111111111111111111111111@1111111111111111111111111111a1111111111111111111a111111111
829,harshil,1
830,harshil,1
831,harshil,1
832,harshil,111111111111111111111111111111111111111111@1111111111111111111111111111a1111111111111111111a111111111
833,harshil,111
834,harshil,111111111111111111111111111111111111111111@1111111111111111111111111111a1111111111111111111a111111111
835,harshil,1
836,harshil,1
837,harshil,1
838,harshil,111111111111111111111111111111111111111111@1111111111111111111111111111a1111111111111111111a111111111
839,harshil,111
840,harshil,111111111111111111111111111111111111111111@1111111111111111111111111111a1111111111111111111a111111111
841,harshil,1
842,harshil,1
843,harshil,1
844,harshil,111111111111111111111111111111111111111111@1111111111111111111111111111a1111111111111111111a111111111
845,harshil,111
846,harshil,111111111111111111111111111111111111111111@1111111111111111111111111111a1111111111111111111a111111111
847,harshil,1
848,harshil,1
849,harshil,1
850,harshil,111111111111111111111111111111111111111111@1111111111111111111111111111a1111111111111111111a111111111
851,harshil,111
852,harshil,111111111111111111111111111111111111111111@1111111111111111111111111111a1111111111111111111a111111111
853,harshil,1
854,harshil,1
855,harshil,1
856,harshil,111111111111111111111111111111111111111111@1111111111111111111111111111a1111111111111111111a111111111
857,harshil,111
858,harshil,111111111111111111111111111111111111111111@1111111111111111111111111111a1111111111111111111a111111111
859,harshil,1
860,harshil,1
861,harshil,1
862,harshil,111111111111111111111111111111111111111111@1111111111111111111111111111a1111111111111111111a111111111
863,harshil,111
864,harshil,111111111111111111111111111111111111111111@1111111111111111111111111111a1111111111111111111a111111111
865,harshil,1
866,harshil,1
867,harshil,1
868,harshil,111111111111111111111111111111111111111111@1111111111111111111111111111a1111111111111111111a111111111
869,harshil,111
870,harshil,111111111111111111111111111111111111111111@1111111111111111111111111111a1111111111111111111a111111111
871,harshil,1
872,harshil,1
873,harshil,1
874,harshil,111111111111111111111111111111111111111111@1111111111111111111111111111a1111111111111111111a111111111
875,harshil,111
876,harshil,111111111111111111111111111111111111111111@1111111111111111111111111111a1111111111111111111a111111111
877,harshil,1
878,harshil,1
879,harshil,1
880,harshil,111111111111111111111111111111111111111111@1111111111111111111111111111a1111111111111111111a111111111
881,harshil,111
882,harshil,111111111111111111111111111111111111111111@1111111111111111111111111111a1111111111111111111a111111111
883,harshil,1
884,harshil,1
885,harshil,1
886,harshil,111111111111111111111111111111111111111111@1111111111111111111111111111a1111111111111111111a111111111
887,harshil,111
888,harshil,111111111111111111111111111111111111111111@1111111111111111111111111111a1111111111111111111a111111111
889,harshil,1
890,harshil,1
891,harshil,1
892,harshil,111111111111111111111111111111111111111111@1111111111111111111111111111a1111111111111111111a111111111
893,harshil,111
894,harshil,111111111111111111111111111111111111111111@1111111111111111111111111111a1111111111111111111a111111111
895,harshil,1
896,harshil,1
897,harshil,1
898,harshil,111111111111111111111111111111111111111111@1111111111111111111111111111a1111111111111111111a111111111
899,harshil,111
900,harshil,111111111111111111111111111111111111111111@1111111111111111111111111111a1111111111111111111a111111111
901,harshil,1
902,harshil,1
903,harshil,1
904,harshil,111111111111111111111111111111111111111111@1111111111111111111111111111a1111111111111111111a111111111
905,harshil,111
906,harshil,111111111111111111111111111111111111111111@1111111111111111111111111111a1111111111111111111a111111111
907,harshil,1
908,harshil,1
909,harshil,1
910,harshil,111111111111111111111111111111111111111111@1111111111111111111111111111a1111111111111111111a111111111
911,harshil,111
912,harshil,111111111111111111111111111111111111111111@1111111111111111111111111111a1111111111111111111a111111111
913,harshil,1
914,harshil,1
915,harshil,1
916,harshil,111111111111111111111111111111111111111111@1111111111111111111111111111a1111111111111111111a111111111
917,harshil,111
918,harshil,111111111111111111111111111111111111111111@1111111111111111111111111111a1111111111111111111a111111111
919,harshil,1
920,harshil,1
921,harshil,1
922,harshil,111111111111111111111111111111111111111111@1111111111111111111111111111a1111111111111111111a111111111
923,harshil,111
924,harshil,111111111111111111111111111111111111111111@1111111111111111111111111111a1111111111111111111a111111111
925,harshil,1
926,harshil,1
927,harshil,1
928,harshil,111111111111111111111111111111111111111111@1111111111111111111111111111a1111111111111111111a111111111
929,harshil,111
930,harshil,111111111111111111111111111111111111111111@1111111111111111111111111111a1111111111111111111a111111111
931,harshil,1
932,harshil,1
933,harshil,1
934,harshil,111111111111111111111111111111111111111111@1111111111111111111111111111a1111111111111111111a111111111
935,harshil,111
936,harshil,111111111111111111111111111111111111111111@1111111111111111111111111111a1111111111111111111a111111111
937,harshil,1
938,harshil,1
939,harshil,1
940,harshil,111111111111111111111111111111111111111111@1111111111111111111111111111a1111111111111111111a111111111
941,harshil,111
942,harshil,111111111111111111111111111111111111111111@1111111111111111111111111111a1111111111111111111a111111111
943,harshil,1
944,harshil,1
945,harshil,1
946,harshil,111111111111111111111111111111111111111111@1111111111111111111111111111a1111111111111111111a111111111
947,harshil,111
948,harshil,111111111111111111111111111111111111111111@1111111111111111111111111111a1111111111111111111a111111111
949,harshil,1
950,harshil,1
951,harshil,1
952,harshil,111111111111111111111111111111111111111111@1111111111111111111111111111a1111111111111111111a111111111
953,harshil,111
954,harshil,111111111111111111111111111111111111111111@1111111111111111111111111111a1111111111111111111a111111111
955,harshil,1
956,harshil,1
957,harshil,1
958,harshil,111111111111111111111111111111111111111111@1111111111111111111111111111a1111111111111111111a111111111
959,harshil,111
960,harshil,111111111111111111111111111111111111111111@1111111111111111111111111111a1111111111111111111a111111111
961,harshil,1
962,harshil,1
963,harshil,1
964,harshil,111111111111111111111111111111111111111111@1111111111111111111111111111a1111111111111111111a111111111
965,harshil,111
966,harshil,111111111111111111111111111111111111111111@1111111111111111111111111111a1111111111111111111a111111111
967,harshil,1
968,harshil,1
969,harshil,1
970,harshil,111111111111111111111111111111111111111111@1111111111111111111111111111a1111111111111111111a111111111
971,harshil,111
972,harshil,111111111111111111111111111111111111111111@1111111111111111111111111111a1111111111111111111a111111111
973,harshil,1
974,harshil,1
975,harshil,1
976,harshil,111111111111111111111111111111111111111111@1111111111111111111111111111a1111111111111111111a111111111
977,harshil,111
978,harshil,111111111111111111111111111111111111111111@1111111111111111111111111111a1111111111111111111a111111111
979,harshil,1
980,harshil,1
981,harshil,1
982,harshil,111111111111111111111111111111111111111111@1111111111111111111111111111a1111111111111111111a111111111
983,harshil,111
984,harshil,111111111111111111111111111111111111111111@1111111111111111111111111111a1111111111111111111a111111111
985,harshil,1
986,harshil,1
987,harshil,1
988,harshil,111111111111111111111111111111111111111111@1111111111111111111111111111a1111111111111111111a111111111
989,harshil,111
990,harshil,111111111111111111111111111111111111111111@1111111111111111111111111111a1111111111111111111a111111111
991,harshil,1
992,harshil,1
993,harshil,1
994,harshil,111111111111111111111111111111111111111111@1111111111111111111111111111a1111111111111111111a111111111
995,harshil,111
996,harshil,111111111111111111111111111111111111111111@1111111111111111111111111111a1111111111111111111a111111111
997,harshil,1
998,harshil,1
999,harshil,1
1000,harshil,111111111111111111111111111111111111111111@1111111111111111111111111111a1111111111111111111a111111111
1001,harshil,111
1002,harshil,111111111111111111111111111111111111111111@1111111111111111111111111111a1111111111111111111a111111111
1003,harshil,1
1004,harshil,1
1005,harshil,1
1006,harshil,111111111111111111111111111111111111111111@1111111111111111111111111111a1111111111111111111a111111111
1007,harshil,111
1008,harshil,111111111111111111111111111111111111111111@1111111111111111111111111111a1111111111111111111a111111111
1009,harshil,1
1010,harshil,1
1011,harshil,1
1012,harshil,111111111111111111111111111111111111111111@1111111111111111111111111111a1111111111111111111a111111111
1013,harshil,111
1014,harshil,111111111111111111111111111111111111111111@1111111111111111111111111111a1111111111111111111a111111111
1015,harshil,1
1016,harshil,1
1017,harshil,1
1018,harshil,111111111111111111111111111111111111111111@1111111111111111111111111111a1111111111111111111a111111111
1019,harshil,111
1020,harshil,111111111111111111111111111111111111111111@1111111111111111111111111111a1111111111111111111a111111111
1021,harshil,1
1022,harshil,1
1023,harshil,1
1024,harshil,111111111111111111111111111111111111111111@1111111111111111111111111111a1111111111111111111a111111111
1025,harshil,111
1026,harshil,111111111111111111111111111111111111111111@1111111111111111111111111111a1111111111111111111a111111111
1027,harshil,1
1028,harshil,1
1029,harshil,1
1030,harshil,111111111111111111111111111111111111111111@1111111111111111111111111111a1111111111111111111a111111111
1031,harshil,111
1032,harshil,111111111111111111111111111111111111111111@1111111111111111111111111111a1111111111111111111a111111111
1033,harshil,1
1034,harshil,1
1035,harshil,1
1036,harshil,111111111111111111111111111111111111111111@1111111111111111111111111111a1111111111111111111a111111111
1037,harshil,111
1038,harshil,111111111111111111111111111111111111111111@1111111111111111111111111111a1111111111111111111a111111111
1039,harshil,1
1040,harshil,1
1041,harshil,1
1042,harshil,111111111111111111111111111111111111111111@1111111111111111111111111111a1111111111111111111a111111111
1043,harshil,111
1044,harshil,111111111111111111111111111111111111111111@1111111111111111111111111111a1111111111111111111a111111111
1045,harshil,1
1046,harshil,1
1047,harshil,1
1048,harshil,111111111111111111111111111111111111111111@1111111111111111111111111111a1111111111111111111a111111111
1049,harshil,111
1050,harshil,111111111111111111111111111111111111111111@1111111111111111111111111111a1111111111111111111a111111111
1051,harshil,1
1052,harshil,1
1053,harshil,1
1054,harshil,111111111111111111111111111111111111111111@1111111111111111111111111111a1111111111111111111a111111111
1055,harshil,111
1056,harshil,111111111111111111111111111111111111111111@1111111111111111111111111111a1111111111111111111a111111111
1057,harshil,1
1058,harshil,1
1059,harshil,1
1060,harshil,111111111111111111111111111111111111111111@1111111111111111111111111111a1111111111111111111a111111111
1061,harshil,111
1062,harshil,111111111111111111111111111111111111111111@1111111111111111111111111111a1111111111111111111a111111111
1063,harshil,1
1064,harshil,1
1065,harshil,1
1066,harshil,111111111111111111111111111111111111111111@1111111111111111111111111111a1111111111111111111a111111111
1067,harshil,111
1068,harshil,111111111111111111111111111111111111111111@1111111111111111111111111111a1111111111111111111a111111111
1069,harshil,1
1070,harshil,1
1071,harshil,1
1072,harshil,111111111111111111111111111111111111111111@1111111111111111111111111111a1111111111111111111a111111111
1073,harshil,111
1074,harshil,111111111111111111111111111111111111111111@1111111111111111111111111111a1111111111111111111a111111111
1075,harshil,1
1076,harshil,1
1077,harshil,1
1078,harshil,111111111111111111111111111111111111111111@1111111111111111111111111111a1111111111111111111a111111111
1079,harshil,111
1080,harshil,111111111111111111111111111111111111111111@1111111111111111111111111111a1111111111111111111a111111111
1081,harshil,1
1082,harshil,1
1083,harshil,1
1084,harshil,111111111111111111111111111111111111111111@1111111111111111111111111111a1111111111111111111a111111111
1085,harshil,111
1086,harshil,111111111111111111111111111111111111111111@1111111111111111111111111111a1111111111111111111a111111111
1087,harshil,1
1088,harshil,1
1089,harshil,1
1090,harshil,111111111111111111111111111111111111111111@1111111111111111111111111111a1111111111111111111a111111111
1091,harshil,111
1092,harshil,111111111111111111111111111111111111111111@1111111111111111111111111111a1111111111111111111a111111111
1093,harshil,1
1094,harshil,1
1095,harshil,1
1096,harshil,111111111111111111111111111111111111111111@1111111111111111111111111111a1111111111111111111a111111111
1097,harshil,111
1098,harshil,111111111111111111111111111111111111111111@1111111111111111111111111111a1111111111111111111a111111111
1099,harshil,1
1100,harshil,1
1101,harshil,1
1102,harshil,111111111111111111111111111111111111111111@1111111111111111111111111111a1111111111111111111a111111111
1103,harshil,111
1104,harshil,111111111111111111111111111111111111111111@1111111111111111111111111111a1111111111111111111a111111111
1105,harshil,1
1106,harshil,1
1107,harshil,1
1108,harshil,111111111111111111111111111111111111111111@1111111111111111111111111111a1111111111111111111a111111111
1109,harshil,111
1110,harshil,111111111111111111111111111111111111111111@1111111111111111111111111111a1111111111111111111a111111111
1111,harshil,1
1112,harshil,1
1113,harshil,1
1114,harshil,111111111111111111111111111111111111111111@1111111111111111111111111111a1111111111111111111a111111111
1115,harshil,111
1116,harshil,111111111111111111111111111111111111111111@1111111111111111111111111111a1111111111111111111a111111111
1117,harshil,1
1118,harshil,1
1119,harshil,1
1120,harshil,111111111111111111111111111111111111111111@1111111111111111111111111111a1111111111111111111a111111111
1121,harshil,111
1122,harshil,111111111111111111111111111111111111111111@1111111111111111111111111111a1111111111111111111a111111111
1123,harshil,1
1124,harshil,1
1125,harshil,1
1126,harshil,111111111111111111111111111111111111111111@1111111111111111111111111111a1111111111111111111a111111111
1127,harshil,111
1128,harshil,111111111111111111111111111111111111111111@1111111111111111111111111111a1111111111111111111a111111111
1129,harshil,1
1130,harshil,1
1131,harshil,1
1132,harshil,111111111111111111111111111111111111111111@1111111111111111111111111111a1111111111111111111a111111111
1133,harshil,111
1134,harshil,111111111111111111111111111111111111111111@1111111111111111111111111111a1111111111111111111a111111111
1135,harshil,1
1136,harshil,1
1137,harshil,1
1138,harshil,111111111111111111111111111111111111111111@1111111111111111111111111111a1111111111111111111a111111111
1139,harshil,111
1140,harshil,111111111111111111111111111111111111111111@1111111111111111111111111111a1111111111111111111a111111111
1141,harshil,1
1142,harshil,1
1143,harshil,1
1144,harshil,111111111111111111111111111111111111111111@1111111111111111111111111111a1111111111111111111a111111111
1145,harshil,111
1146,harshil,111111111111111111111111111111111111111111@1111111111111111111111111111a1111111111111111111a111111111
1147,harshil,1
1148,harshil,1
1149,harshil,1
1150,harshil,111111111111111111111111111111111111111111@1111111111111111111111111111a1111111111111111111a111111111
1151,harshil,111
1152,harshil,111111111111111111111111111111111111111111@1111111111111111111111111111a1111111111111111111a111111111
1153,harshil,1
1154,harshil,1
1155,harshil,1
1156,harshil,111111111111111111111111111111111111111111@1111111111111111111111111111a1111111111111111111a111111111
1157,harshil,111
1158,harshil,111111111111111111111111111111111111111111@1111111111111111111111111111a1111111111111111111a111111111
1159,harshil,1
1160,harshil,1
1161,harshil,1
1162,harshil,111111111111111111111111111111111111111111@1111111111111111111111111111a1111111111111111111a111111111
1163,harshil,111
1164,harshil,111111111111111111111111111111111111111111@1111111111111111111111111111a1111111111111111111a111111111
1165,harshil,1
1166,harshil,1
1167,harshil,1
1168,harshil,111111111111111111111111111111111111111111@1111111111111111111111111111a1111111111111111111a111111111
1169,harshil,111
1170,harshil,111111111111111111111111111111111111111111@1111111111111111111111111111a1111111111111111111a111111111
1171,harshil,1
1172,harshil,1
1173,harshil,1
1174,harshil,111111111111111111111111111111111111111111@1111111111111111111111111111a1111111111111111111a111111111
1175,harshil,111
1176,harshil,111111111111111111111111111111111111111111@1111111111111111111111111111a1111111111111111111a111111111
1177,harshil,1
1178,harshil,1
1179,harshil,1
1180,harshil,111111111111111111111111111111111111111111@1111111111111111111111111111a1111111111111111111a111111111
1181,harshil,111
1182,harshil,111111111111111111111111111111111111111111@1111111111111111111111111111a1111111111111111111a111111111
1183,harshil,1
1184,harshil,1
1185,harshil,1
1186,harshil,111111111111111111111111111111111111111111@1111111111111111111111111111a1111111111111111111a111111111
1187,harshil,111
1188,harshil,111111111111111111111111111111111111111111@1111111111111111111111111111a1111111111111111111a111111111
1189,harshil,1
1190,harshil,1
1191,harshil,1
1192,harshil,111111111111111111111111111111111111111111@1111111111111111111111111111a1111111111111111111a111111111
1193,harshil,111
1194,harshil,111111111111111111111111111111111111111111@1111111111111111111111111111a1111111111111111111a111111111
1195,harshil,1
1196,harshil,1
1197,harshil,1
1198,harshil,111111111111111111111111111111111111111111@1111111111111111111111111111a1111111111111111111a111111111
1199,harshil,111
1200,harshil,111111111111111111111111111111111111111111@1111111111111111111111111111a1111111111111111111a111111111
1201,harshil,1
1202,harshil,1
1203,harshil,1
1204,harshil,111111111111111111111111111111111111111111@1111111111111111111111111111a1111111111111111111a111111111
1205,harshil,111
1206,harshil,111111111111111111111111111111111111111111@1111111111111111111111111111a1111111111111111111a111111111
1207,harshil,1
1208,harshil,1
1209,harshil,1
1210,harshil,111111111111111111111111111111111111111111@1111111111111111111111111111a1111111111111111111a111111111
1211,harshil,111
1212,harshil,111111111111111111111111111111111111111111@1111111111111111111111111111a1111111111111111111a111111111
1213,harshil,1
1214,harshil,1
1215,harshil,1
1216,harshil,111111111111111111111111111111111111111111@1111111111111111111111111111a1111111111111111111a111111111
1217,harshil,111
1218,harshil,111111111111111111111111111111111111111111@1111111111111111111111111111a1111111111111111111a111111111
1219,harshil,1
1220,harshil,1
1221,harshil,1
1222,harshil,111111111111111111111111111111111111111111@1111111111111111111111111111a1111111111111111111a111111111
1223,harshil,111
1224,harshil,111111111111111111111111111111111111111111@1111111111111111111111111111a1111111111111111111a111111111
1225,harshil,1
1226,harshil,1
1227,harshil,1
1228,harshil,111111111111111111111111111111111111111111@1111111111111111111111111111a1111111111111111111a111111111
1229,harshil,111
1230,harshil,111111111111111111111111111111111111111111@1111111111111111111111111111a1111111111111111111a111111111
1231,harshil,1
1232,harshil,1
1233,harshil,1
1234,harshil,111111111111111111111111111111111111111111@1111111111111111111111111111a1111111111111111111a111111111
1235,harshil,111
1236,harshil,111111111111111111111111111111111111111111@1111111111111111111111111111a1111111111111111111a111111111
1237,harshil,1
1238,harshil,1
1239,harshil,1
1240,harshil,111111111111111111111111111111111111111111@1111111111111111111111111111a1111111111111111111a111111111
1241,harshil,111
1242,harshil,111111111111111111111111111111111111111111@1111111111111111111111111111a1111111111111111111a111111111
1243,harshil,1
1244,harshil,1
1245,harshil,1
1246,harshil,111111111111111111111111111111111111111111@1111111111111111111111111111a1111111111111111111a111111111
1247,harshil,111
1248,harshil,111111111111111111111111111111111111111111@1111111111111111111111111111a1111111111111111111a111111111
1249,harshil,1
1250,harshil,1
1251,harshil,1
1252,harshil,111111111111111111111111111111111111111111@1111111111111111111111111111a1111111111111111111a111111111
1253,harshil,111
1254,harshil,111111111111111111111111111111111111111111@1111111111111111111111111111a1111111111111111111a111111111
1255,harshil,1
1256,harshil,1
1257,harshil,1
1258,harshil,111111111111111111111111111111111111111111@1111111111111111111111111111a1111111111111111111a111111111
1259,harshil,111
1260,harshil,111111111111111111111111111111111111111111@1111111111111111111111111111a1111111111111111111a111111111
1261,harshil,1
1262,harshil,1
1263,harshil,1
1264,harshil,111111111111111111111111111111111111111111@1111111111111111111111111111a1111111111111111111a111111111
1265,harshil,111
1266,harshil,111111111111111111111111111111111111111111@1111111111111111111111111111a1111111111111111111a111111111
1267,harshil,1
1268,harshil,1
1269,harshil,1
1270,harshil,111111111111111111111111111111111111111111@1111111111111111111111111111a1111111111111111111a111111111
1271,harshil,111
1272,harshil,111111111111111111111111111111111111111111@1111111111111111111111111111a1111111111111111111a111111111
1273,harshil,1
1274,harshil,1
1275,harshil,1
1276,harshil,111111111111111111111111111111111111111111@1111111111111111111111111111a1111111111111111111a111111111
1277,harshil,111
1278,harshil,111111111111111111111111111111111111111111@1111111111111111111111111111a1111111111111111111a111111111
1279,harshil,1
1280,harshil,1
1281,harshil,1
1282,harshil,111111111111111111111111111111111111111111@1111111111111111111111111111a1111111111111111111a111111111
1283,harshil,111
1284,harshil,111111111111111111111111111111111111111111@1111111111111111111111111111a1111111111111111111a111111111
1285,harshil,1
1286,harshil,1
1287,harshil,1
1288,harshil,111111111111111111111111111111111111111111@1111111111111111111111111111a1111111111111111111a111111111
1289,harshil,111
1290,harshil,111111111111111111111111111111111111111111@1111111111111111111111111111a1111111111111111111a111111111
1291,harshil,1
1292,harshil,1
1293,harshil,1
1294,harshil,111111111111111111111111111111111111111111@1111111111111111111111111111a1111111111111111111a111111111
1295,harshil,111
1296,harshil,111111111111111111111111111111111111111111@1111111111111111111111111111a1111111111111111111a111111111
1297,harshil,1
1298,harshil,1
1299,harshil,1
1300,harshil,111111111111111111111111111111111111111111@1111111111111111111111111111a1111111111111111111a111111111
1301,harshil,111
1302,harshil,111111111111111111111111111111111111111111@1111111111111111111111111111a1111111111111111111a111111111
1303,harshil,1
1304,harshil,1
1305,harshil,1
1306,harshil,111111111111111111111111111111111111111111@1111111111111111111111111111a1111111111111111111a111111111
1307,harshil,111
1308,harshil,111111111111111111111111111111111111111111@1111111111111111111111111111a1111111111111111111a111111111
1309,harshil,1
1310,harshil,1
1311,harshil,1
1312,harshil,111111111111111111111111111111111111111111@1111111111111111111111111111a1111111111111111111a111111111
1313,harshil,111
1314,harshil,111111111111111111111111111111111111111111@1111111111111111111111111111a1111111111111111111a111111111
1315,harshil,1
1316,harshil,1
1317,harshil,1
1318,harshil,111111111111111111111111111111111111111111@1111111111111111111111111111a1111111111111111111a111111111
1319,harshil,111
1320,harshil,111111111111111111111111111111111111111111@1111111111111111111111111111a1111111111111111111a111111111
1321,harshil,1
1322,harshil,1
1323,harshil,1
1324,harshil,111111111111111111111111111111111111111111@1111111111111111111111111111a1111111111111111111a111111111
1325,harshil,111
1326,harshil,111111111111111111111111111111111111111111@1111111111111111111111111111a1111111111111111111a111111111
1327,harshil,1
1328,harshil,1
1329,harshil,1
1330,harshil,111111111111111111111111111111111111111111@1111111111111111111111111111a1111111111111111111a111111111
1331,harshil,111
1332,harshil,111111111111111111111111111111111111111111@1111111111111111111111111111a1111111111111111111a111111111
1333,harshil,1
1334,harshil,1
1335,harshil,1
1336,harshil,111111111111111111111111111111111111111111@1111111111111111111111111111a1111111111111111111a111111111
1337,harshil,111
1338,harshil,111111111111111111111111111111111111111111@1111111111111111111111111111a1111111111111111111a111111111
1339,harshil,1
1340,harshil,1
1341,harshil,1
1342,harshil,111111111111111111111111111111111111111111@1111111111111111111111111111a1111111111111111111a111111111
1343,harshil,111
1344,harshil,111111111111111111111111111111111111111111@1111111111111111111111111111a1111111111111111111a111111111
1345,harshil,1
1346,harshil,1
1347,harshil,1
1348,harshil,111111111111111111111111111111111111111111@1111111111111111111111111111a1111111111111111111a111111111
1349,harshil,111
1350,harshil,111111111111111111111111111111111111111111@1111111111111111111111111111a1111111111111111111a111111111
1351,harshil,1
1352,harshil,1
1353,harshil,1
1354,harshil,111111111111111111111111111111111111111111@1111111111111111111111111111a1111111111111111111a111111111
1355,harshil,111
1356,harshil,111111111111111111111111111111111111111111@1111111111111111111111111111a1111111111111111111a111111111
1357,harshil,1
1358,harshil,1
1359,harshil,1
1360,harshil,111111111111111111111111111111111111111111@1111111111111111111111111111a1111111111111111111a111111111
1361,harshil,111
1362,harshil,111111111111111111111111111111111111111111@1111111111111111111111111111a1111111111111111111a111111111
1363,harshil,1
1364,harshil,1
1365,harshil,1
1366,harshil,111111111111111111111111111111111111111111@1111111111111111111111111111a1111111111111111111a111111111
1367,harshil,111
1368,harshil,111111111111111111111111111111111111111111@1111111111111111111111111111a1111111111111111111a111111111
1369,harshil,1
1370,harshil,1
1371,harshil,1
1372,harshil,111111111111111111111111111111111111111111@1111111111111111111111111111a1111111111111111111a111111111
1373,harshil,111
1374,harshil,111111111111111111111111111111111111111111@1111111111111111111111111111a1111111111111111111a111111111
1375,harshil,1
1376,harshil,1
1377,harshil,1
1378,harshil,111111111111111111111111111111111111111111@1111111111111111111111111111a1111111111111111111a111111111
1379,harshil,111
1380,harshil,111111111111111111111111111111111111111111@1111111111111111111111111111a1111111111111111111a111111111
1381,harshil,1
1382,harshil,1
1383,harshil,1
1384,harshil,111111111111111111111111111111111111111111@1111111111111111111111111111a1111111111111111111a111111111
1385,harshil,111
1386,harshil,111111111111111111111111111111111111111111@1111111111111111111111111111a1111111111111111111a111111111
1387,harshil,1
1388,harshil,1
1389,harshil,1
1390,harshil,111111111111111111111111111111111111111111@1111111111111111111111111111a1111111111111111111a111111111
1391,harshil,111
1392,harshil,111111111111111111111111111111111111111111@1111111111111111111111111111a1111111111111111111a111111111
1393,harshil,1
1394,harshil,1
1395,harshil,1
1396,harshil,111111111111111111111111111111111111111111@1111111111111111111111111111a1111111111111111111a111111111
1397,harshil,111
1398,harshil,111111111111111111111111111111111111111111@1111111111111111111111111111a1111111111111111111a111111111
1399,harshil,1
1400,harshil,1
1401,harshil,1
1402,harshil,111111111111111111111111111111111111111111@1111111111111111111111111111a1111111111111111111a111111111
1403,harshil,111
1404,harshil,111111111111111111111111111111111111111111@1111111111111111111111111111a1111111111111111111a111111111
1405,harshil,1
1406,harshil,1
1407,harshil,1
1408,harshil,111111111111111111111111111111111111111111@1111111111111111111111111111a1111111111111111111a111111111
1409,harshil,111
1410,harshil,111111111111111111111111111111111111111111@1111111111111111111111111111a1111111111111111111a111111111
1411,harshil,1
1412,harshil,1
1413,harshil,1
1414,harshil,111111111111111111111111111111111111111111@1111111111111111111111111111a1111111111111111111a111111111
1415,harshil,111
1416,harshil,111111111111111111111111111111111111111111@1111111111111111111111111111a1111111111111111111a111111111
1417,harshil,1
1418,harshil,1
1419,harshil,1
1420,harshil,111111111111111111111111111111111111111111@1111111111111111111111111111a1111111111111111111a111111111
1421,harshil,111
1422,harshil,111111111111111111111111111111111111111111@1111111111111111111111111111a1111111111111111111a111111111
1423,harshil,1
1424,harshil,1
1425,harshil,1
1426,harshil,111111111111111111111111111111111111111111@1111111111111111111111111111a1111111111111111111a111111111
1427,harshil,111
1428,harshil,111111111111111111111111111111111111111111@1111111111111111111111111111a1111111111111111111a111111111
1429,harshil,1
1430,harshil,1
1431,harshil,1
1432,harshil,111111111111111111111111111111111111111111@1111111111111111111111111111a1111111111111111111a111111111
1433,harshil,111
1434,harshil,111111111111111111111111111111111111111111@1111111111111111111111111111a1111111111111111111a111111111
1435,harshil,1
1436,harshil,1
1437,harshil,1
1438,harshil,111111111111111111111111111111111111111111@1111111111111111111111111111a1111111111111111111a111111111
1439,harshil,111
1440,harshil,111111111111111111111111111111111111111111@1111111111111111111111111111a1111111111111111111a111111111
1441,harshil,1
1442,harshil,1
1443,harshil,1
1444,harshil,111111111111111111111111111111111111111111@1111111111111111111111111111a1111111111111111111a111111111
1445,harshil,111
1446,harshil,111111111111111111111111111111111111111111@1111111111111111111111111111a1111111111111111111a111111111
1447,harshil,1
1448,harshil,1
1449,harshil,1
1450,harshil,111111111111111111111111111111111111111111@1111111111111111111111111111a1111111111111111111a111111111
1451,harshil,111
1452,harshil,111111111111111111111111111111111111111111@1111111111111111111111111111a1111111111111111111a111111111
1453,harshil,1
1454,harshil,1
1455,harshil,1
1456,harshil,111111111111111111111111111111111111111111@1111111111111111111111111111a1111111111111111111a111111111
1457,harshil,111
1458,harshil,111111111111111111111111111111111111111111@1111111111111111111111111111a1111111111111111111a111111111
1459,harshil,1
1460,harshil,1
1461,harshil,1
1462,harshil,111111111111111111111111111111111111111111@1111111111111111111111111111a1111111111111111111a111111111
1463,harshil,111
1464,harshil,111111111111111111111111111111111111111111@1111111111111111111111111111a1111111111111111111a111111111
1465,harshil,1
1466,harshil,1
1467,harshil,1
1468,harshil,111111111111111111111111111111111111111111@1111111111111111111111111111a1111111111111111111a111111111
1469,harshil,111
1470,harshil,111111111111111111111111111111111111111111@1111111111111111111111111111a1111111111111111111a111111111
1471,harshil,1
1472,harshil,1
1473,harshil,1
1474,harshil,111111111111111111111111111111111111111111@1111111111111111111111111111a1111111111111111111a111111111
1475,harshil,111
1476,harshil,111111111111111111111111111111111111111111@1111111111111111111111111111a1111111111111111111a111111111
1477,harshil,1
1478,harshil,1
1479,harshil,1
1480,harshil,111111111111111111111111111111111111111111@1111111111111111111111111111a1111111111111111111a111111111
1481,harshil,111
1482,harshil,111111111111111111111111111111111111111111@1111111111111111111111111111a1111111111111111111a111111111
1483,harshil,1
1484,harshil,1
1485,harshil,1
1486,harshil,111111111111111111111111111111111111111111@1111111111111111111111111111a1111111111111111111a111111111
1487,harshil,111
1488,harshil,111111111111111111111111111111111111111111@1111111111111111111111111111a1111111111111111111a111111111
1489,harshil,1
1490,harshil,1
1491,harshil,1
1492,harshil,111111111111111111111111111111111111111111@1111111111111111111111111111a1111111111111111111a111111111
1493,harshil,111
1494,harshil,111111111111111111111111111111111111111111@1111111111111111111111111111a1111111111111111111a111111111
1495,harshil,1
1496,harshil,1
1497,harshil,1
1498,harshil,111111111111111111111111111111111111111111@1111111111111111111111111111a1111111111111111111a111111111
1499,harshil,111
1500,harshil,111111111111111111111111111111111111111111@1111111111111111111111111111a1111111111111111111a111111111
1501,harshil,1
1502,harshil,1
1503,harshil,1
1504,harshil,111111111111111111111111111111111111111111@1111111111111111111111111111a1111111111111111111a111111111
1505,harshil,111
1506,harshil,111111111111111111111111111111111111111111@1111111111111111111111111111a1111111111111111111a111111111
1507,harshil,1
1508,harshil,1
1509,harshil,1
1510,harshil,111111111111111111111111111111111111111111@1111111111111111111111111111a1111111111111111111a111111111
1511,harshil,111
1512,harshil,111111111111111111111111111111111111111111@1111111111111111111111111111a1111111111111111111a111111111
1513,harshil,1
1514,harshil,1
1515,harshil,1
1516,harshil,111111111111111111111111111111111111111111@1111111111111111111111111111a1111111111111111111a111111111
1517,harshil,111
1518,harshil,111111111111111111111111111111111111111111@1111111111111111111111111111a1111111111111111111a111111111
1519,harshil,1
1520,harshil,1
1521,harshil,1
1522,harshil,111111111111111111111111111111111111111111@1111111111111111111111111111a1111111111111111111a111111111
1523,harshil,111
1524,harshil,111111111111111111111111111111111111111111@1111111111111111111111111111a1111111111111111111a111111111
1525,harshil,1
1526,harshil,1
1527,harshil,1
1528,harshil,111111111111111111111111111111111111111111@1111111111111111111111111111a1111111111111111111a111111111
1529,harshil,111
1530,harshil,111111111111111111111111111111111111111111@1111111111111111111111111111a1111111111111111111a111111111
1531,harshil,1
1532,harshil,1
1533,harshil,1
1534,harshil,111111111111111111111111111111111111111111@1111111111111111111111111111a1111111111111111111a111111111
1535,harshil,111
1536,harshil,111111111111111111111111111111111111111111@1111111111111111111111111111a1111111111111111111a111111111
1537,harshil,1
1538,harshil,1
1539,harshil,1
1540,harshil,111111111111111111111111111111111111111111@1111111111111111111111111111a1111111111111111111a111111111
1541,harshil,111
1542,harshil,111111111111111111111111111111111111111111@1111111111111111111111111111a1111111111111111111a111111111
1543,harshil,1
1544,harshil,1
1545,harshil,1
1546,harshil,111111111111111111111111111111111111111111@1111111111111111111111111111a1111111111111111111a111111111
1547,harshil,111
1548,harshil,111111111111111111111111111111111111111111@1111111111111111111111111111a1111111111111111111a111111111
1549,harshil,1
1550,harshil,1
1551,harshil,1
1552,harshil,111111111111111111111111111111111111111111@1111111111111111111111111111a1111111111111111111a111111111
1553,harshil,111
1554,harshil,111111111111111111111111111111111111111111@1111111111111111111111111111a1111111111111111111a111111111
1555,harshil,1
1556,harshil,1
1557,harshil,1
1558,harshil,111111111111111111111111111111111111111111@1111111111111111111111111111a1111111111111111111a111111111
1559,harshil,111
1560,harshil,111111111111111111111111111111111111111111@1111111111111111111111111111a1111111111111111111a111111111
1561,harshil,1
1562,harshil,1
1563,harshil,1
1564,harshil,111111111111111111111111111111111111111111@1111111111111111111111111111a1111111111111111111a111111111
1565,harshil,111
1566,harshil,111111111111111111111111111111111111111111@1111111111111111111111111111a1111111111111111111a111111111
1567,harshil,1
1568,harshil,1
1569,harshil,1
1570,harshil,111111111111111111111111111111111111111111@1111111111111111111111111111a1111111111111111111a111111111
1571,harshil,111
1572,harshil,111111111111111111111111111111111111111111@1111111111111111111111111111a1111111111111111111a111111111
1573,harshil,1
1574,harshil,1
1575,harshil,1
1576,harshil,111111111111111111111111111111111111111111@1111111111111111111111111111a1111111111111111111a111111111
1577,harshil,111
1578,harshil,111111111111111111111111111111111111111111@1111111111111111111111111111a1111111111111111111a111111111
1579,harshil,1
1580,harshil,1
1581,harshil,1
1582,harshil,111111111111111111111111111111111111111111@1111111111111111111111111111a1111111111111111111a111111111
1583,harshil,111
1584,harshil,111111111111111111111111111111111111111111@1111111111111111111111111111a1111111111111111111a111111111
1585,harshil,1
1586,harshil,1
1587,harshil,1
1588,harshil,111111111111111111111111111111111111111111@1111111111111111111111111111a1111111111111111111a111111111
1589,harshil,111
1590,harshil,111111111111111111111111111111111111111111@1111111111111111111111111111a1111111111111111111a111111111
1591,harshil,1
1592,harshil,1
1593,harshil,1
1594,harshil,111111111111111111111111111111111111111111@1111111111111111111111111111a1111111111111111111a111111111
1595,harshil,111
1596,harshil,111111111111111111111111111111111111111111@1111111111111111111111111111a1111111111111111111a111111111
1597,harshil,1
1598,harshil,1
1599,harshil,1
1600,harshil,111111111111111111111111111111111111111111@1111111111111111111111111111a1111111111111111111a111111111
1601,harshil,111
1602,harshil,111111111111111111111111111111111111111111@1111111111111111111111111111a1111111111111111111a111111111
1603,harshil,1
1604,harshil,1
1605,harshil,1
1606,harshil,111111111111111111111111111111111111111111@1111111111111111111111111111a1111111111111111111a111111111
1607,harshil,111
1608,harshil,111111111111111111111111111111111111111111@1111111111111111111111111111a1111111111111111111a111111111
1609,harshil,1
1610,harshil,1
1611,harshil,1
1612,harshil,111111111111111111111111111111111111111111@1111111111111111111111111111a1111111111111111111a111111111
1613,harshil,111
1614,harshil,111111111111111111111111111111111111111111@1111111111111111111111111111a1111111111111111111a111111111
1615,harshil,1
1616,harshil,1
1617,harshil,1
1618,harshil,111111111111111111111111111111111111111111@1111111111111111111111111111a1111111111111111111a111111111
1619,harshil,111
1620,harshil,111111111111111111111111111111111111111111@1111111111111111111111111111a1111111111111111111a111111111
1621,harshil,1
1622,harshil,1
1623,harshil,1
1624,harshil,111111111111111111111111111111111111111111@1111111111111111111111111111a1111111111111111111a111111111
1625,harshil,111
1626,harshil,111111111111111111111111111111111111111111@1111111111111111111111111111a1111111111111111111a111111111
1627,harshil,1
1628,harshil,1
1629,harshil,1
1630,harshil,111111111111111111111111111111111111111111@1111111111111111111111111111a1111111111111111111a111111111
1631,harshil,111
1632,harshil,111111111111111111111111111111111111111111@1111111111111111111111111111a1111111111111111111a111111111
1633,harshil,1
1634,harshil,1
1635,harshil,1
1636,harshil,111111111111111111111111111111111111111111@1111111111111111111111111111a1111111111111111111a111111111
1637,harshil,111
1638,harshil,111111111111111111111111111111111111111111@1111111111111111111111111111a1111111111111111111a111111111
1639,harshil,1
1640,harshil,1
1641,harshil,1
1642,harshil,111111111111111111111111111111111111111111@1111111111111111111111111111a1111111111111111111a111111111
1643,harshil,111
1644,harshil,111111111111111111111111111111111111111111@1111111111111111111111111111a1111111111111111111a111111111
1645,harshil,1
1646,harshil,1
1647,harshil,1
1648,harshil,111111111111111111111111111111111111111111@1111111111111111111111111111a1111111111111111111a111111111
1649,harshil,111
1650,harshil,111111111111111111111111111111111111111111@1111111111111111111111111111a1111111111111111111a111111111
1651,harshil,1
1652,harshil,1
1653,harshil,1
1654,harshil,111111111111111111111111111111111111111111@1111111111111111111111111111a1111111111111111111a111111111
1655,harshil,111
1656,harshil,111111111111111111111111111111111111111111@1111111111111111111111111111a1111111111111111111a111111111
1657,harshil,1
1658,harshil,1
1659,harshil,1
1660,harshil,111111111111111111111111111111111111111111@1111111111111111111111111111a1111111111111111111a111111111
1661,harshil,111
1662,harshil,111111111111111111111111111111111111111111@1111111111111111111111111111a1111111111111111111a111111111
1663,harshil,1
1664,harshil,1
1665,harshil,1
1666,harshil,111111111111111111111111111111111111111111@1111111111111111111111111111a1111111111111111111a111111111
1667,harshil,111
1668,harshil,111111111111111111111111111111111111111111@1111111111111111111111111111a1111111111111111111a111111111
1669,harshil,1
1670,harshil,1
1671,harshil,1
1672,harshil,111111111111111111111111111111111111111111@1111111111111111111111111111a1111111111111111111a111111111
1673,harshil,111
1674,harshil,111111111111111111111111111111111111111111@1111111111111111111111111111a1111111111111111111a111111111
1675,harshil,1
1676,harshil,1
1677,harshil,1
1678,harshil,111111111111111111111111111111111111111111@1111111111111111111111111111a1111111111111111111a111111111
1679,harshil,111
1680,harshil,111111111111111111111111111111111111111111@1111111111111111111111111111a1111111111111111111a111111111
1681,harshil,1
1682,harshil,1
1683,harshil,1
1684,harshil,111111111111111111111111111111111111111111@1111111111111111111111111111a1111111111111111111a111111111
1685,harshil,111
1686,harshil,111111111111111111111111111111111111111111@1111111111111111111111111111a1111111111111111111a111111111
1687,harshil,1
1688,harshil,1
1689,harshil,1
1690,harshil,111111111111111111111111111111111111111111@1111111111111111111111111111a1111111111111111111a111111111
1691,harshil,111
1692,harshil,111111111111111111111111111111111111111111@1111111111111111111111111111a1111111111111111111a111111111
1693,harshil,1
1694,harshil,1
1695,harshil,1
1696,harshil,111111111111111111111111111111111111111111@1111111111111111111111111111a1111111111111111111a111111111
1697,harshil,111
1698,harshil,111111111111111111111111111111111111111111@1111111111111111111111111111a1111111111111111111a111111111
1699,harshil,1
1700,harshil,1
1701,harshil,1
1702,harshil,111111111111111111111111111111111111111111@1111111111111111111111111111a1111111111111111111a111111111
1703,harshil,111
1704,harshil,111111111111111111111111111111111111111111@1111111111111111111111111111a1111111111111111111a111111111
1705,harshil,1
1706,harshil,1
1707,harshil,1
1708,harshil,111111111111111111111111111111111111111111@1111111111111111111111111111a1111111111111111111a111111111
1709,harshil,111
1710,harshil,111111111111111111111111111111111111111111@1111111111111111111111111111a1111111111111111111a111111111
1711,harshil,1
1712,harshil,1
1713,harshil,1
1714,harshil,111111111111111111111111111111111111111111@1111111111111111111111111111a1111111111111111111a111111111
1715,harshil,111
1716,harshil,111111111111111111111111111111111111111111@1111111111111111111111111111a1111111111111111111a111111111
1717,harshil,1
1718,harshil,1
1719,harshil,1
1720,harshil,111111111111111111111111111111111111111111@1111111111111111111111111111a1111111111111111111a111111111
1721,harshil,111
1722,harshil,111111111111111111111111111111111111111111@1111111111111111111111111111a1111111111111111111a111111111
1723,harshil,1
1724,harshil,1
1725,harshil,1
1726,harshil,111111111111111111111111111111111111111111@1111111111111111111111111111a1111111111111111111a111111111
1727,harshil,111
1728,harshil,111111111111111111111111111111111111111111@1111111111111111111111111111a1111111111111111111a111111111
1729,harshil,1
1730,harshil,1
1731,harshil,1
1732,harshil,111111111111111111111111111111111111111111@1111111111111111111111111111a1111111111111111111a111111111
1733,harshil,111
1734,harshil,111111111111111111111111111111111111111111@1111111111111111111111111111a1111111111111111111a111111111
1735,harshil,1
1736,harshil,1
1737,harshil,1
1738,harshil,111111111111111111111111111111111111111111@1111111111111111111111111111a1111111111111111111a111111111
1739,harshil,111
1740,harshil,111111111111111111111111111111111111111111@1111111111111111111111111111a1111111111111111111a111111111
1741,harshil,1
1742,harshil,1
1743,harshil,1
1744,harshil,111111111111111111111111111111111111111111@1111111111111111111111111111a1111111111111111111a111111111
1745,harshil,111
1746,harshil,111111111111111111111111111111111111111111@1111111111111111111111111111a1111111111111111111a111111111
1747,harshil,1
1748,harshil,1
1749,harshil,1
1750,harshil,111111111111111111111111111111111111111111@1111111111111111111111111111a1111111111111111111a111111111
1751,harshil,111
1752,harshil,111111111111111111111111111111111111111111@1111111111111111111111111111a1111111111111111111a111111111
1753,harshil,1
1754,harshil,1
1755,harshil,1
1756,harshil,111111111111111111111111111111111111111111@1111111111111111111111111111a1111111111111111111a111111111
1757,harshil,111
1758,harshil,111111111111111111111111111111111111111111@1111111111111111111111111111a1111111111111111111a111111111
1759,harshil,1
1760,harshil,1
1761,harshil,1
1762,harshil,111111111111111111111111111111111111111111@1111111111111111111111111111a1111111111111111111a111111111
1763,harshil,111
1764,harshil,111111111111111111111111111111111111111111@1111111111111111111111111111a1111111111111111111a111111111
1765,harshil,1
1766,harshil,1
1767,harshil,1
1768,harshil,111111111111111111111111111111111111111111@1111111111111111111111111111a1111111111111111111a111111111
1769,harshil,111
1770,harshil,111111111111111111111111111111111111111111@1111111111111111111111111111a1111111111111111111a111111111
1771,harshil,1
1772,harshil,1
1773,harshil,1
1774,harshil,111111111111111111111111111111111111111111@1111111111111111111111111111a1111111111111111111a111111111
1775,harshil,111
1776,harshil,111111111111111111111111111111111111111111@1111111111111111111111111111a1111111111111111111a111111111
1777,harshil,1
1778,harshil,1
1779,harshil,1
1780,harshil,111111111111111111111111111111111111111111@1111111111111111111111111111a1111111111111111111a111111111
1781,harshil,111
1782,harshil,111111111111111111111111111111111111111111@1111111111111111111111111111a1111111111111111111a111111111
1783,harshil,1
1784,harshil,1
1785,harshil,1
1786,harshil,111111111111111111111111111111111111111111@1111111111111111111111111111a1111111111111111111a111111111
1787,harshil,111
1788,harshil,111111111111111111111111111111111111111111@1111111111111111111111111111a1111111111111111111a111111111
1789,harshil,1
1790,harshil,1
1791,harshil,1
1792,harshil,111111111111111111111111111111111111111111@1111111111111111111111111111a1111111111111111111a111111111
1793,harshil,111
1794,harshil,111111111111111111111111111111111111111111@1111111111111111111111111111a1111111111111111111a111111111
1795,harshil,1
1796,harshil,1
1797,harshil,1
1798,harshil,111111111111111111111111111111111111111111@1111111111111111111111111111a1111111111111111111a111111111
1799,harshil,111
1800,harshil,111111111111111111111111111111111111111111@1111111111111111111111111111a1111111111111111111a111111111
1801,harshil,1
1802,harshil,1
1803,harshil,1
1804,harshil,111111111111111111111111111111111111111111@1111111111111111111111111111a1111111111111111111a111111111
1805,harshil,111
1806,harshil,111111111111111111111111111111111111111111@1111111111111111111111111111a1111111111111111111a111111111
1807,harshil,1
1808,harshil,1
1809,harshil,1
1810,harshil,111111111111111111111111111111111111111111@1111111111111111111111111111a1111111111111111111a111111111
1811,harshil,111
1812,harshil,111111111111111111111111111111111111111111@1111111111111111111111111111a1111111111111111111a111111111
1813,harshil,1
1814,harshil,1
1815,harshil,1
1816,harshil,111111111111111111111111111111111111111111@1111111111111111111111111111a1111111111111111111a111111111
1817,harshil,111
1818,harshil,111111111111111111111111111111111111111111@1111111111111111111111111111a1111111111111111111a111111111
1819,harshil,1
1820,harshil,1
1821,harshil,1
1822,harshil,111111111111111111111111111111111111111111@1111111111111111111111111111a1111111111111111111a111111111
1823,harshil,111
1824,harshil,111111111111111111111111111111111111111111@1111111111111111111111111111a1111111111111111111a111111111
1825,harshil,1
1826,harshil,1
1827,harshil,1
1828,harshil,111111111111111111111111111111111111111111@1111111111111111111111111111a1111111111111111111a111111111
1829,harshil,111
1830,harshil,111111111111111111111111111111111111111111@1111111111111111111111111111a1111111111111111111a111111111
1831,harshil,1
1832,harshil,1
1833,harshil,1
1834,harshil,111111111111111111111111111111111111111111@1111111111111111111111111111a1111111111111111111a111111111
1835,harshil,111
1836,harshil,111111111111111111111111111111111111111111@1111111111111111111111111111a1111111111111111111a111111111
1837,harshil,1
1838,harshil,1
1839,harshil,1
1840,harshil,111111111111111111111111111111111111111111@1111111111111111111111111111a1111111111111111111a111111111
1841,harshil,111
1842,harshil,111111111111111111111111111111111111111111@1111111111111111111111111111a1111111111111111111a111111111
1843,harshil,1
1844,harshil,1
1845,harshil,1
1846,harshil,111111111111111111111111111111111111111111@1111111111111111111111111111a1111111111111111111a111111111
1847,harshil,111
1848,harshil,111111111111111111111111111111111111111111@1111111111111111111111111111a1111111111111111111a111111111
1849,harshil,1
1850,harshil,1
1851,harshil,1
1852,harshil,111111111111111111111111111111111111111111@1111111111111111111111111111a1111111111111111111a111111111
1853,harshil,111
1854,harshil,111111111111111111111111111111111111111111@1111111111111111111111111111a1111111111111111111a111111111
1855,harshil,1
1856,harshil,1
1857,harshil,1
1858,harshil,111111111111111111111111111111111111111111@1111111111111111111111111111a1111111111111111111a111111111
1859,harshil,111
1860,harshil,111111111111111111111111111111111111111111@1111111111111111111111111111a1111111111111111111a111111111
1861,harshil,1
1862,harshil,1
1863,harshil,1
1864,harshil,111111111111111111111111111111111111111111@1111111111111111111111111111a1111111111111111111a111111111
1865,harshil,111
1866,harshil,111111111111111111111111111111111111111111@1111111111111111111111111111a1111111111111111111a111111111
1867,harshil,1
1868,harshil,1
1869,harshil,1
1870,harshil,111111111111111111111111111111111111111111@1111111111111111111111111111a1111111111111111111a111111111
1871,harshil,111
1872,harshil,111111111111111111111111111111111111111111@1111111111111111111111111111a1111111111111111111a111111111
1873,harshil,1
1874,harshil,1
1875,harshil,1
1876,harshil,111111111111111111111111111111111111111111@1111111111111111111111111111a1111111111111111111a111111111
1877,harshil,111
1878,harshil,111111111111111111111111111111111111111111@1111111111111111111111111111a1111111111111111111a111111111
1879,harshil,1
1880,harshil,1
1881,harshil,1
1882,harshil,111111111111111111111111111111111111111111@1111111111111111111111111111a1111111111111111111a111111111
1883,harshil,111
1884,harshil,111111111111111111111111111111111111111111@1111111111111111111111111111a1111111111111111111a111111111
1885,harshil,1
1886,harshil,1
1887,harshil,1
1888,harshil,111111111111111111111111111111111111111111@1111111111111111111111111111a1111111111111111111a111111111
1889,harshil,111
1890,harshil,111111111111111111111111111111111111111111@1111111111111111111111111111a1111111111111111111a111111111
1891,harshil,1
1892,harshil,1
1893,harshil,1
1894,harshil,111111111111111111111111111111111111111111@1111111111111111111111111111a1111111111111111111a111111111
1895,harshil,111
1896,harshil,111111111111111111111111111111111111111111@1111111111111111111111111111a1111111111111111111a111111111
1897,harshil,1
1898,harshil,1
1899,harshil,1
1900,harshil,111111111111111111111111111111111111111111@1111111111111111111111111111a1111111111111111111a111111111
1901,harshil,111
1902,harshil,111111111111111111111111111111111111111111@1111111111111111111111111111a1111111111111111111a111111111
1903,harshil,1
1904,harshil,1
1905,harshil,1
1906,harshil,111111111111111111111111111111111111111111@1111111111111111111111111111a1111111111111111111a111111111
1907,harshil,111
1908,harshil,111111111111111111111111111111111111111111@1111111111111111111111111111a1111111111111111111a111111111
1909,harshil,1
1910,harshil,1
1911,harshil,1
1912,harshil,111111111111111111111111111111111111111111@1111111111111111111111111111a1111111111111111111a111111111
1913,harshil,111
1914,harshil,111111111111111111111111111111111111111111@1111111111111111111111111111a1111111111111111111a111111111
1915,harshil,1
1916,harshil,1
1917,harshil,1
1918,harshil,111111111111111111111111111111111111111111@1111111111111111111111111111a1111111111111111111a111111111
1919,harshil,111
1920,harshil,111111111111111111111111111111111111111111@1111111111111111111111111111a1111111111111111111a111111111
1921,harshil,1
1922,harshil,1
1923,harshil,1
1924,harshil,111111111111111111111111111111111111111111@1111111111111111111111111111a1111111111111111111a111111111
1925,harshil,111
1926,harshil,111111111111111111111111111111111111111111@1111111111111111111111111111a1111111111111111111a111111111
1927,harshil,1
1928,harshil,1
1929,harshil,1
1930,harshil,111111111111111111111111111111111111111111@1111111111111111111111111111a1111111111111111111a111111111
1931,harshil,111
1932,harshil,111111111111111111111111111111111111111111@1111111111111111111111111111a1111111111111111111a111111111
1933,harshil,1
1934,harshil,1
1935,harshil,1
1936,harshil,111111111111111111111111111111111111111111@1111111111111111111111111111a1111111111111111111a111111111
1937,harshil,111
1938,harshil,111111111111111111111111111111111111111111@1111111111111111111111111111a1111111111111111111a111111111
1939,harshil,1
1940,harshil,1
1941,harshil,1
1942,harshil,111111111111111111111111111111111111111111@1111111111111111111111111111a1111111111111111111a111111111
1943,harshil,111
1944,harshil,111111111111111111111111111111111111111111@1111111111111111111111111111a1111111111111111111a111111111
1945,harshil,1
1946,harshil,1
1947,harshil,1
1948,harshil,111111111111111111111111111111111111111111@1111111111111111111111111111a1111111111111111111a111111111
1949,harshil,111
1950,harshil,111111111111111111111111111111111111111111@1111111111111111111111111111a1111111111111111111a111111111
1951,harshil,1
1952,harshil,1
1953,harshil,1
1954,harshil,111111111111111111111111111111111111111111@1111111111111111111111111111a1111111111111111111a111111111
1955,harshil,111
1956,harshil,111111111111111111111111111111111111111111@1111111111111111111111111111a1111111111111111111a111111111
1957,harshil,1
1958,harshil,1
1959,harshil,1
1960,harshil,111111111111111111111111111111111111111111@1111111111111111111111111111a1111111111111111111a111111111
1961,harshil,111
1962,harshil,111111111111111111111111111111111111111111@1111111111111111111111111111a1111111111111111111a111111111
1963,harshil,1
1964,harshil,1
1965,harshil,1
1966,harshil,111111111111111111111111111111111111111111@1111111111111111111111111111a1111111111111111111a111111111
1967,harshil,111
1968,harshil,111111111111111111111111111111111111111111@1111111111111111111111111111a1111111111111111111a111111111
1969,harshil,1
1970,harshil,1
1971,harshil,1
1972,harshil,111111111111111111111111111111111111111111@1111111111111111111111111111a1111111111111111111a111111111
1973,harshil,111
1974,harshil,111111111111111111111111111111111111111111@1111111111111111111111111111a1111111111111111111a111111111
1975,harshil,1
1976,harshil,1
1977,harshil,1
1978,harshil,111111111111111111111111111111111111111111@1111111111111111111111111111a1111111111111111111a111111111
1979,harshil,111
1980,harshil,111111111111111111111111111111111111111111@1111111111111111111111111111a1111111111111111111a111111111
1981,harshil,1
1982,harshil,1
1983,harshil,1
1984,harshil,111111111111111111111111111111111111111111@1111111111111111111111111111a1111111111111111111a111111111
1985,harshil,111
1986,harshil,111111111111111111111111111111111111111111@1111111111111111111111111111a1111111111111111111a111111111
1987,harshil,1
1988,harshil,1
1989,harshil,1
1990,harshil,111111111111111111111111111111111111111111@1111111111111111111111111111a1111111111111111111a111111111
1991,harshil,111
1992,harshil,111111111111111111111111111111111111111111@1111111111111111111111111111a1111111111111111111a111111111
1993,harshil,1
1994,harshil,1
1995,harshil,1
1996,harshil,111111111111111111111111111111111111111111@1111111111111111111111111111a1111111111111111111a111111111
1997,harshil,111
1998,harshil,111111111111111111111111111111111111111111@1111111111111111111111111111a1111111111111111111a111111111
1999,harshil,1
2000,harshil,1
2001,harshil,1
2002,harshil,111111111111111111111111111111111111111111@1111111111111111111111111111a1111111111111111111a111111111
2003,harshil,111
2004,harshil,111111111111111111111111111111111111111111@1111111111111111111111111111a1111111111111111111a111111111
2005,harshil,1
2006,harshil,1
2007,harshil,1
2008,harshil,111111111111111111111111111111111111111111@1111111111111111111111111111a1111111111111111111a111111111
2009,harshil,111
2010,harshil,111111111111111111111111111111111111111111@1111111111111111111111111111a1111111111111111111a111111111
2011,harshil,1
2012,harshil,1
2013,harshil,1
2014,harshil,111111111111111111111111111111111111111111@1111111111111111111111111111a1111111111111111111a111111111
2015,harshil,111
2016,harshil,111111111111111111111111111111111111111111@1111111111111111111111111111a1111111111111111111a111111111
2017,harshil,1
2018,harshil,1
2019,harshil,1
2020,harshil,111111111111111111111111111111111111111111@1111111111111111111111111111a1111111111111111111a111111111
2021,harshil,111
2022,harshil,111111111111111111111111111111111111111111@1111111111111111111111111111a1111111111111111111a111111111
2023,harshil,1
2024,harshil,1
2025,harshil,1
2026,harshil,111111111111111111111111111111111111111111@1111111111111111111111111111a1111111111111111111a111111111
2027,harshil,111
2028,harshil,111111111111111111111111111111111111111111@1111111111111111111111111111a1111111111111111111a111111111
2029,harshil,1
2030,harshil,1
2031,harshil,1
2032,harshil,111111111111111111111111111111111111111111@1111111111111111111111111111a1111111111111111111a111111111
2033,harshil,111
2034,harshil,111111111111111111111111111111111111111111@1111111111111111111111111111a1111111111111111111a111111111
2035,harshil,1
2036,harshil,1
2037,harshil,1
2038,harshil,111111111111111111111111111111111111111111@1111111111111111111111111111a1111111111111111111a111111111
2039,harshil,111
2040,harshil,111111111111111111111111111111111111111111@1111111111111111111111111111a1111111111111111111a111111111
2041,harshil,1
2042,harshil,1
2043,harshil,1
2044,harshil,111111111111111111111111111111111111111111@1111111111111111111111111111a1111111111111111111a111111111
2045,harshil,111
2046,harshil,111111111111111111111111111111111111111111@1111111111111111111111111111a1111111111111111111a111111111
2047,harshil,1
2048,harshil,1
2049,harshil,1
2050,harshil,111111111111111111111111111111111111111111@1111111111111111111111111111a1111111111111111111a111111111
2051,harshil,111
2052,harshil,111111111111111111111111111111111111111111@1111111111111111111111111111a1111111111111111111a111111111
2053,harshil,1
2054,harshil,1
2055,harshil,1
2056,harshil,111111111111111111111111111111111111111111@1111111111111111111111111111a1111111111111111111a111111111
2057,harshil,111
2058,harshil,111111111111111111111111111111111111111111@1111111111111111111111111111a1111111111111111111a111111111
2059,harshil,1
2060,harshil,1
2061,harshil,1
2062,harshil,111111111111111111111111111111111111111111@1111111111111111111111111111a1111111111111111111a111111111
2063,harshil,111
2064,harshil,111111111111111111111111111111111111111111@1111111111111111111111111111a1111111111111111111a111111111
2065,harshil,1
2066,harshil,1
2067,harshil,1
2068,harshil,111111111111111111111111111111111111111111@1111111111111111111111111111a1111111111111111111a111111111
2069,harshil,111
2070,harshil,111111111111111111111111111111111111111111@1111111111111111111111111111a1111111111111111111a111111111
2071,harshil,1
2072,harshil,1
2073,harshil,1
2074,harshil,111111111111111111111111111111111111111111@1111111111111111111111111111a1111111111111111111a111111111
2075,harshil,111
2076,harshil,111111111111111111111111111111111111111111@1111111111111111111111111111a1111111111111111111a111111111
2077,harshil,1
2078,harshil,1
2079,harshil,1
2080,harshil,111111111111111111111111111111111111111111@1111111111111111111111111111a1111111111111111111a111111111
2081,harshil,111
2082,harshil,111111111111111111111111111111111111111111@1111111111111111111111111111a1111111111111111111a111111111
2083,harshil,1
2084,harshil,1
2085,harshil,1
2086,harshil,111111111111111111111111111111111111111111@1111111111111111111111111111a1111111111111111111a111111111
2087,harshil,111
2088,harshil,111111111111111111111111111111111111111111@1111111111111111111111111111a1111111111111111111a111111111
2089,harshil,1
2090,harshil,1
2091,harshil,1
2092,harshil,111111111111111111111111111111111111111111@1111111111111111111111111111a1111111111111111111a111111111
2093,harshil,111
2094,harshil,111111111111111111111111111111111111111111@1111111111111111111111111111a1111111111111111111a111111111
2095,harshil,1
2096,harshil,1
2097,harshil,1
2098,harshil,111111111111111111111111111111111111111111@1111111111111111111111111111a1111111111111111111a111111111
2099,harshil,111
2100,harshil,111111111111111111111111111111111111111111@1111111111111111111111111111a1111111111111111111a111111111
2101,harshil,1
2102,harshil,1
2103,harshil,1
2104,harshil,111111111111111111111111111111111111111111@1111111111111111111111111111a1111111111111111111a111111111
2105,harshil,111
2106,harshil,111111111111111111111111111111111111111111@1111111111111111111111111111a1111111111111111111a111111111
2107,harshil,1
2108,harshil,1
2109,harshil,1
2110,harshil,111111111111111111111111111111111111111111@1111111111111111111111111111a1111111111111111111a111111111
2111,harshil,111
2112,harshil,111111111111111111111111111111111111111111@1111111111111111111111111111a1111111111111111111a111111111
2113,harshil,1
2114,harshil,1
2115,harshil,1
2116,harshil,111111111111111111111111111111111111111111@1111111111111111111111111111a1111111111111111111a111111111
2117,harshil,111
2118,harshil,111111111111111111111111111111111111111111@1111111111111111111111111111a1111111111111111111a111111111
2119,harshil,1
2120,harshil,1
2121,harshil,1
2122,harshil,111111111111111111111111111111111111111111@1111111111111111111111111111a1111111111111111111a111111111
2123,harshil,111
2124,harshil,111111111111111111111111111111111111111111@1111111111111111111111111111a1111111111111111111a111111111
2125,harshil,1
2126,harshil,1
2127,harshil,1
2128,harshil,111111111111111111111111111111111111111111@1111111111111111111111111111a1111111111111111111a111111111
2129,harshil,111
2130,harshil,111111111111111111111111111111111111111111@1111111111111111111111111111a1111111111111111111a111111111
2131,harshil,1
2132,harshil,1
2133,harshil,1
2134,harshil,111111111111111111111111111111111111111111@1111111111111111111111111111a1111111111111111111a111111111
2135,harshil,111
2136,harshil,111111111111111111111111111111111111111111@1111111111111111111111111111a1111111111111111111a111111111
2137,harshil,1
2138,harshil,1
2139,harshil,1
2140,harshil,111111111111111111111111111111111111111111@1111111111111111111111111111a1111111111111111111a111111111
2141,harshil,111
2142,harshil,111111111111111111111111111111111111111111@1111111111111111111111111111a1111111111111111111a111111111
2143,harshil,1
2144,harshil,1
2145,harshil,1
2146,harshil,111111111111111111111111111111111111111111@1111111111111111111111111111a1111111111111111111a111111111
2147,harshil,111
2148,harshil,111111111111111111111111111111111111111111@1111111111111111111111111111a1111111111111111111a111111111
2149,harshil,1
2150,harshil,1
2151,harshil,1
2152,harshil,111111111111111111111111111111111111111111@1111111111111111111111111111a1111111111111111111a111111111
2153,harshil,111
2154,harshil,111111111111111111111111111111111111111111@1111111111111111111111111111a1111111111111111111a111111111
2155,harshil,1
2156,harshil,1
2157,harshil,1
2158,harshil,111111111111111111111111111111111111111111@1111111111111111111111111111a1111111111111111111a111111111
2159,harshil,111
2160,harshil,111111111111111111111111111111111111111111@1111111111111111111111111111a1111111111111111111a111111111
2161,harshil,1
2162,harshil,1
2163,harshil,1
2164,harshil,111111111111111111111111111111111111111111@1111111111111111111111111111a1111111111111111111a111111111
2165,harshil,111
2166,harshil,111111111111111111111111111111111111111111@1111111111111111111111111111a1111111111111111111a111111111
2167,harshil,1
2168,harshil,1
2169,harshil,1
2170,harshil,111111111111111111111111111111111111111111@1111111111111111111111111111a1111111111111111111a111111111
2171,harshil,111
2172,harshil,111111111111111111111111111111111111111111@1111111111111111111111111111a1111111111111111111a111111111
2173,harshil,1
2174,harshil,1
2175,harshil,1
2176,harshil,111111111111111111111111111111111111111111@1111111111111111111111111111a1111111111111111111a111111111
2177,harshil,111
2178,harshil,111111111111111111111111111111111111111111@1111111111111111111111111111a1111111111111111111a111111111
2179,harshil,1
2180,harshil,1
2181,harshil,1
2182,harshil,111111111111111111111111111111111111111111@1111111111111111111111111111a1111111111111111111a111111111
2183,harshil,111
2184,harshil,111111111111111111111111111111111111111111@1111111111111111111111111111a1111111111111111111a111111111
2185,harshil,1
2186,harshil,1
2187,harshil,1
2188,harshil,111111111111111111111111111111111111111111@1111111111111111111111111111a1111111111111111111a111111111
2189,harshil,111
2190,harshil,111111111111111111111111111111111111111111@1111111111111111111111111111a1111111111111111111a111111111
2191,harshil,1
2192,harshil,1
2193,harshil,1
2194,harshil,111111111111111111111111111111111111111111@1111111111111111111111111111a1111111111111111111a111111111
2195,harshil,111
2196,harshil,111111111111111111111111111111111111111111@1111111111111111111111111111a1111111111111111111a111111111
2197,harshil,1
2198,harshil,1
2199,harshil,1
2200,harshil,111111111111111111111111111111111111111111@1111111111111111111111111111a1111111111111111111a111111111
2201,harshil,111
2202,harshil,111111111111111111111111111111111111111111@1111111111111111111111111111a1111111111111111111a111111111
2203,harshil,1
2204,harshil,1
2205,harshil,1
2206,harshil,111111111111111111111111111111111111111111@1111111111111111111111111111a1111111111111111111a111111111
2207,harshil,111
2208,harshil,111111111111111111111111111111111111111111@1111111111111111111111111111a1111111111111111111a111111111
2209,harshil,1
2210,harshil,1
2211,harshil,1
2212,harshil,111111111111111111111111111111111111111111@1111111111111111111111111111a1111111111111111111a111111111
2213,harshil,111
2214,harshil,111111111111111111111111111111111111111111@1111111111111111111111111111a1111111111111111111a111111111
2215,harshil,1
2216,harshil,1
2217,harshil,1
2218,harshil,111111111111111111111111111111111111111111@1111111111111111111111111111a1111111111111111111a111111111
2219,harshil,111
2220,harshil,111111111111111111111111111111111111111111@1111111111111111111111111111a1111111111111111111a111111111
2221,harshil,1
2222,harshil,1
2223,harshil,1
2224,harshil,111111111111111111111111111111111111111111@1111111111111111111111111111a1111111111111111111a111111111
2225,harshil,111
2226,harshil,111111111111111111111111111111111111111111@1111111111111111111111111111a1111111111111111111a111111111
2227,harshil,1
2228,harshil,1
2229,harshil,1
2230,harshil,111111111111111111111111111111111111111111@1111111111111111111111111111a1111111111111111111a111111111
2231,harshil,111
2232,harshil,111111111111111111111111111111111111111111@1111111111111111111111111111a1111111111111111111a111111111
2233,harshil,1
2234,harshil,1
2235,harshil,1
2236,harshil,111111111111111111111111111111111111111111@1111111111111111111111111111a1111111111111111111a111111111
2237,harshil,111
2238,harshil,111111111111111111111111111111111111111111@1111111111111111111111111111a1111111111111111111a111111111
2239,harshil,1
2240,harshil,1
2241,harshil,1
2242,harshil,111111111111111111111111111111111111111111@1111111111111111111111111111a1111111111111111111a111111111
2243,harshil,111
2244,harshil,111111111111111111111111111111111111111111@1111111111111111111111111111a1111111111111111111a111111111
2245,harshil,1
2246,harshil,1
2247,harshil,1
2248,harshil,111111111111111111111111111111111111111111@1111111111111111111111111111a1111111111111111111a111111111
2249,harshil,111
2250,harshil,111111111111111111111111111111111111111111@1111111111111111111111111111a1111111111111111111a111111111
2251,harshil,1
2252,harshil,1
2253,harshil,1
2254,harshil,111111111111111111111111111111111111111111@1111111111111111111111111111a1111111111111111111a111111111
2255,harshil,111
2256,harshil,111111111111111111111111111111111111111111@1111111111111111111111111111a1111111111111111111a111111111
2257,harshil,1
2258,harshil,1
2259,harshil,1
2260,harshil,111111111111111111111111111111111111111111@1111111111111111111111111111a1111111111111111111a111111111
2261,harshil,111
2262,harshil,111111111111111111111111111111111111111111@1111111111111111111111111111a1111111111111111111a111111111
2263,harshil,1
2264,harshil,1
2265,harshil,1
2266,harshil,111111111111111111111111111111111111111111@1111111111111111111111111111a1111111111111111111a111111111
2267,harshil,111
2268,harshil,111111111111111111111111111111111111111111@1111111111111111111111111111a1111111111111111111a111111111
2269,harshil,1
2270,harshil,1
2271,harshil,1
2272,harshil,111111111111111111111111111111111111111111@1111111111111111111111111111a1111111111111111111a111111111
2273,harshil,111
2274,harshil,111111111111111111111111111111111111111111@1111111111111111111111111111a1111111111111111111a111111111
2275,harshil,1
2276,harshil,1
2277,harshil,1
2278,harshil,111111111111111111111111111111111111111111@1111111111111111111111111111a1111111111111111111a111111111
2279,harshil,111
2280,harshil,111111111111111111111111111111111111111111@1111111111111111111111111111a1111111111111111111a111111111
2281,harshil,1
2282,harshil,1
2283,harshil,1
2284,harshil,111111111111111111111111111111111111111111@1111111111111111111111111111a1111111111111111111a111111111
2285,harshil,111
2286,harshil,111111111111111111111111111111111111111111@1111111111111111111111111111a1111111111111111111a111111111
2287,harshil,1
2288,harshil,1
2289,harshil,1
2290,harshil,111111111111111111111111111111111111111111@1111111111111111111111111111a1111111111111111111a111111111
2291,harshil,111
2292,harshil,111111111111111111111111111111111111111111@1111111111111111111111111111a1111111111111111111a111111111
2293,harshil,1
2294,harshil,1
2295,harshil,1
2296,harshil,111111111111111111111111111111111111111111@1111111111111111111111111111a1111111111111111111a111111111
2297,harshil,111
2298,harshil,111111111111111111111111111111111111111111@1111111111111111111111111111a1111111111111111111a111111111
2299,harshil,1
2300,harshil,1
2301,harshil,1
2302,harshil,111111111111111111111111111111111111111111@1111111111111111111111111111a1111111111111111111a111111111
2303,harshil,111
2304,harshil,111111111111111111111111111111111111111111@1111111111111111111111111111a1111111111111111111a111111111
2305,harshil,1
2306,harshil,1
2307,harshil,1
2308,harshil,111111111111111111111111111111111111111111@1111111111111111111111111111a1111111111111111111a111111111
2309,harshil,111
2310,harshil,111111111111111111111111111111111111111111@1111111111111111111111111111a1111111111111111111a111111111
2311,harshil,1
2312,harshil,1
2313,harshil,1
2314,harshil,111111111111111111111111111111111111111111@1111111111111111111111111111a1111111111111111111a111111111
2315,harshil,111
2316,harshil,111111111111111111111111111111111111111111@1111111111111111111111111111a1111111111111111111a111111111
2317,harshil,1
2318,harshil,1
2319,harshil,1
2320,harshil,111111111111111111111111111111111111111111@1111111111111111111111111111a1111111111111111111a111111111
2321,harshil,111
2322,harshil,111111111111111111111111111111111111111111@1111111111111111111111111111a1111111111111111111a111111111
2323,harshil,1
2324,harshil,1
2325,harshil,1
2326,harshil,111111111111111111111111111111111111111111@1111111111111111111111111111a1111111111111111111a111111111
2327,harshil,111
2328,harshil,111111111111111111111111111111111111111111@1111111111111111111111111111a1111111111111111111a111111111
2329,harshil,1
2330,harshil,1
2331,harshil,1
2332,harshil,111111111111111111111111111111111111111111@1111111111111111111111111111a1111111111111111111a111111111
2333,harshil,111
2334,harshil,111111111111111111111111111111111111111111@1111111111111111111111111111a1111111111111111111a111111111
2335,harshil,1
2336,harshil,1
2337,harshil,1
2338,harshil,111111111111111111111111111111111111111111@1111111111111111111111111111a1111111111111111111a111111111
2339,harshil,111
2340,harshil,111111111111111111111111111111111111111111@1111111111111111111111111111a1111111111111111111a111111111
2341,harshil,1
2342,harshil,1
2343,harshil,1
2344,harshil,111111111111111111111111111111111111111111@1111111111111111111111111111a1111111111111111111a111111111
2345,harshil,111
2346,harshil,111111111111111111111111111111111111111111@1111111111111111111111111111a1111111111111111111a111111111
2347,harshil,1
2348,harshil,1
2349,harshil,1
2350,harshil,111111111111111111111111111111111111111111@1111111111111111111111111111a1111111111111111111a111111111
2351,harshil,111
2352,harshil,111111111111111111111111111111111111111111@1111111111111111111111111111a1111111111111111111a111111111
2353,harshil,1
2354,harshil,1
2355,harshil,1
2356,harshil,111111111111111111111111111111111111111111@1111111111111111111111111111a1111111111111111111a111111111
2357,harshil,111
2358,harshil,111111111111111111111111111111111111111111@1111111111111111111111111111a1111111111111111111a111111111
2359,harshil,1
2360,harshil,1
2361,harshil,1
2362,harshil,111111111111111111111111111111111111111111@1111111111111111111111111111a1111111111111111111a111111111
2363,harshil,111
2364,harshil,111111111111111111111111111111111111111111@1111111111111111111111111111a1111111111111111111a111111111
2365,harshil,1
2366,harshil,1
2367,harshil,1
2368,harshil,111111111111111111111111111111111111111111@1111111111111111111111111111a1111111111111111111a111111111
2369,harshil,111
2370,harshil,111111111111111111111111111111111111111111@1111111111111111111111111111a1111111111111111111a111111111
2371,harshil,1
2372,harshil,1
2373,harshil,1
2374,harshil,111111111111111111111111111111111111111111@1111111111111111111111111111a1111111111111111111a111111111
2375,harshil,111
2376,harshil,111111111111111111111111111111111111111111@1111111111111111111111111111a1111111111111111111a111111111
2377,harshil,1
2378,harshil,1
2379,harshil,1
2380,harshil,111111111111111111111111111111111111111111@1111111111111111111111111111a1111111111111111111a111111111
2381,harshil,111
2382,harshil,111111111111111111111111111111111111111111@1111111111111111111111111111a1111111111111111111a111111111
2383,harshil,1
2384,harshil,1
2385,harshil,1
2386,harshil,111111111111111111111111111111111111111111@1111111111111111111111111111a1111111111111111111a111111111
2387,harshil,111
2388,harshil,111111111111111111111111111111111111111111@1111111111111111111111111111a1111111111111111111a111111111
2389,harshil,1
2390,harshil,1
2391,harshil,1
2392,harshil,111111111111111111111111111111111111111111@1111111111111111111111111111a1111111111111111111a111111111
2393,harshil,111
2394,harshil,111111111111111111111111111111111111111111@1111111111111111111111111111a1111111111111111111a111111111
2395,harshil,1
2396,harshil,1
2397,harshil,1
2398,harshil,111111111111111111111111111111111111111111@1111111111111111111111111111a1111111111111111111a111111111
2399,harshil,111
2400,harshil,111111111111111111111111111111111111111111@1111111111111111111111111111a1111111111111111111a111111111
2401,harshil,1
2402,harshil,1
2403,harshil,1
2404,harshil,111111111111111111111111111111111111111111@1111111111111111111111111111a1111111111111111111a111111111
2405,harshil,111
2406,harshil,111111111111111111111111111111111111111111@1111111111111111111111111111a1111111111111111111a111111111
2407,harshil,1
2408,harshil,1
2409,harshil,1
2410,harshil,111111111111111111111111111111111111111111@1111111111111111111111111111a1111111111111111111a111111111
2411,harshil,111
2412,harshil,111111111111111111111111111111111111111111@1111111111111111111111111111a1111111111111111111a111111111
2413,harshil,1
2414,harshil,1
2415,harshil,1
2416,harshil,111111111111111111111111111111111111111111@1111111111111111111111111111a1111111111111111111a111111111
2417,harshil,111
2418,harshil,111111111111111111111111111111111111111111@1111111111111111111111111111a1111111111111111111a111111111
2419,harshil,1
2420,harshil,1
2421,harshil,1
2422,harshil,111111111111111111111111111111111111111111@1111111111111111111111111111a1111111111111111111a111111111
2423,harshil,111
2424,harshil,111111111111111111111111111111111111111111@1111111111111111111111111111a1111111111111111111a111111111
2425,harshil,1
2426,harshil,1
2427,harshil,1
2428,harshil,111111111111111111111111111111111111111111@1111111111111111111111111111a1111111111111111111a111111111
2429,harshil,111
2430,harshil,111111111111111111111111111111111111111111@1111111111111111111111111111a1111111111111111111a111111111
2431,harshil,1
2432,harshil,1
2433,harshil,1
2434,harshil,111111111111111111111111111111111111111111@1111111111111111111111111111a1111111111111111111a111111111
2435,harshil,111
2436,harshil,111111111111111111111111111111111111111111@1111111111111111111111111111a1111111111111111111a111111111
2437,harshil,1
2438,harshil,1
2439,harshil,1
2440,harshil,111111111111111111111111111111111111111111@1111111111111111111111111111a1111111111111111111a111111111
2441,harshil,111
2442,harshil,111111111111111111111111111111111111111111@1111111111111111111111111111a1111111111111111111a111111111
2443,harshil,1
2444,harshil,1
2445,harshil,1
2446,harshil,111111111111111111111111111111111111111111@1111111111111111111111111111a1111111111111111111a111111111
2447,harshil,111
2448,harshil,111111111111111111111111111111111111111111@1111111111111111111111111111a1111111111111111111a111111111
2449,harshil,1
2450,harshil,1
2451,harshil,1
2452,harshil,111111111111111111111111111111111111111111@1111111111111111111111111111a1111111111111111111a111111111
2453,harshil,111
2454,harshil,111111111111111111111111111111111111111111@1111111111111111111111111111a1111111111111111111a111111111
2455,harshil,1
2456,harshil,1
2457,harshil,1
2458,harshil,111111111111111111111111111111111111111111@1111111111111111111111111111a1111111111111111111a111111111
2459,harshil,111
2460,harshil,111111111111111111111111111111111111111111@1111111111111111111111111111a1111111111111111111a111111111
2461,harshil,1
2462,harshil,1
2463,harshil,1
2464,harshil,111111111111111111111111111111111111111111@1111111111111111111111111111a1111111111111111111a111111111
2465,harshil,111
2466,harshil,111111111111111111111111111111111111111111@1111111111111111111111111111a1111111111111111111a111111111
2467,harshil,1
2468,harshil,1
2469,harshil,1
2470,harshil,111111111111111111111111111111111111111111@1111111111111111111111111111a1111111111111111111a111111111
2471,harshil,111
2472,harshil,111111111111111111111111111111111111111111@1111111111111111111111111111a1111111111111111111a111111111
2473,harshil,1
2474,harshil,1
2475,harshil,1
2476,harshil,111111111111111111111111111111111111111111@1111111111111111111111111111a1111111111111111111a111111111
2477,harshil,111
2478,harshil,111111111111111111111111111111111111111111@1111111111111111111111111111a1111111111111111111a111111111
2479,harshil,1
2480,harshil,1
2481,harshil,1
2482,harshil,111111111111111111111111111111111111111111@1111111111111111111111111111a1111111111111111111a111111111
2483,harshil,111
2484,harshil,111111111111111111111111111111111111111111@1111111111111111111111111111a1111111111111111111a111111111
2485,harshil,1
2486,harshil,1
2487,harshil,1
2488,harshil,111111111111111111111111111111111111111111@1111111111111111111111111111a1111111111111111111a111111111
2489,harshil,111
2490,harshil,111111111111111111111111111111111111111111@1111111111111111111111111111a1111111111111111111a111111111
2491,harshil,1
2492,harshil,1
2493,harshil,1
2494,harshil,111111111111111111111111111111111111111111@1111111111111111111111111111a1111111111111111111a111111111
2495,harshil,111
2496,harshil,111111111111111111111111111111111111111111@1111111111111111111111111111a1111111111111111111a111111111
2497,harshil,1
2498,harshil,1
2499,harshil,1
2500,harshil,111111111111111111111111111111111111111111@1111111111111111111111111111a1111111111111111111a111111111
2501,harshil,111
2502,harshil,111111111111111111111111111111111111111111@1111111111111111111111111111a1111111111111111111a111111111
2503,harshil,1
2504,harshil,1
2505,harshil,1
2506,harshil,111111111111111111111111111111111111111111@1111111111111111111111111111a1111111111111111111a111111111
2507,harshil,111
2508,harshil,111111111111111111111111111111111111111111@1111111111111111111111111111a1111111111111111111a111111111
2509,harshil,1
2510,harshil,1
2511,harshil,1
2512,harshil,111111111111111111111111111111111111111111@1111111111111111111111111111a1111111111111111111a111111111
2513,harshil,111
2514,harshil,111111111111111111111111111111111111111111@1111111111111111111111111111a1111111111111111111a111111111
2515,harshil,1
2516,harshil,1
2517,harshil,1
2518,harshil,111111111111111111111111111111111111111111@1111111111111111111111111111a1111111111111111111a111111111
2519,harshil,111
2520,harshil,111111111111111111111111111111111111111111@1111111111111111111111111111a1111111111111111111a111111111
2521,harshil,1
2522,harshil,1
2523,harshil,1
2524,harshil,111111111111111111111111111111111111111111@1111111111111111111111111111a1111111111111111111a111111111
2525,harshil,111
2526,harshil,111111111111111111111111111111111111111111@1111111111111111111111111111a1111111111111111111a111111111
2527,harshil,1
2528,harshil,1
2529,harshil,1
2530,harshil,111111111111111111111111111111111111111111@1111111111111111111111111111a1111111111111111111a111111111
2531,harshil,111
2532,harshil,111111111111111111111111111111111111111111@1111111111111111111111111111a1111111111111111111a111111111
2533,harshil,1
2534,harshil,1
2535,harshil,1
2536,harshil,111111111111111111111111111111111111111111@1111111111111111111111111111a1111111111111111111a111111111
2537,harshil,111
2538,harshil,111111111111111111111111111111111111111111@1111111111111111111111111111a1111111111111111111a111111111
2539,harshil,1
2540,harshil,1
2541,harshil,1
2542,harshil,111111111111111111111111111111111111111111@1111111111111111111111111111a1111111111111111111a111111111
2543,harshil,111
2544,harshil,111111111111111111111111111111111111111111@1111111111111111111111111111a1111111111111111111a111111111
2545,harshil,1
2546,harshil,1
2547,harshil,1
2548,harshil,111111111111111111111111111111111111111111@1111111111111111111111111111a1111111111111111111a111111111
2549,harshil,111
2550,harshil,111111111111111111111111111111111111111111@1111111111111111111111111111a1111111111111111111a111111111
2551,harshil,1
2552,harshil,1
2553,harshil,1
2554,harshil,111111111111111111111111111111111111111111@1111111111111111111111111111a1111111111111111111a111111111
2555,harshil,111
2556,harshil,111111111111111111111111111111111111111111@1111111111111111111111111111a1111111111111111111a111111111
2557,harshil,1
2558,harshil,1
2559,harshil,1
2560,harshil,111111111111111111111111111111111111111111@1111111111111111111111111111a1111111111111111111a111111111
2561,harshil,111
2562,harshil,111111111111111111111111111111111111111111@1111111111111111111111111111a1111111111111111111a111111111
2563,harshil,1
2564,harshil,1
2565,harshil,1
2566,harshil,111111111111111111111111111111111111111111@1111111111111111111111111111a1111111111111111111a111111111
2567,harshil,111
2568,harshil,111111111111111111111111111111111111111111@1111111111111111111111111111a1111111111111111111a111111111
2569,harshil,1
2570,harshil,1
2571,harshil,1
2572,harshil,111111111111111111111111111111111111111111@1111111111111111111111111111a1111111111111111111a111111111
2573,harshil,111
2574,harshil,111111111111111111111111111111111111111111@1111111111111111111111111111a1111111111111111111a111111111
2575,harshil,1
2576,harshil,1
2577,harshil,1
2578,harshil,111111111111111111111111111111111111111111@1111111111111111111111111111a1111111111111111111a111111111
2579,harshil,111
2580,harshil,111111111111111111111111111111111111111111@1111111111111111111111111111a1111111111111111111a111111111
2581,harshil,1
2582,harshil,1
2583,harshil,1
2584,harshil,111111111111111111111111111111111111111111@1111111111111111111111111111a1111111111111111111a111111111
2585,harshil,111
2586,harshil,111111111111111111111111111111111111111111@1111111111111111111111111111a1111111111111111111a111111111
2587,harshil,1
2588,harshil,1
2589,harshil,1
2590,harshil,111111111111111111111111111111111111111111@1111111111111111111111111111a1111111111111111111a111111111
2591,harshil,111
2592,harshil,111111111111111111111111111111111111111111@1111111111111111111111111111a1111111111111111111a111111111
2593,harshil,1
2594,harshil,1
2595,harshil,1
2596,harshil,111111111111111111111111111111111111111111@1111111111111111111111111111a1111111111111111111a111111111
2597,harshil,111
2598,harshil,111111111111111111111111111111111111111111@1111111111111111111111111111a1111111111111111111a111111111
2599,harshil,1
2600,harshil,1
2601,harshil,1
2602,harshil,111111111111111111111111111111111111111111@1111111111111111111111111111a1111111111111111111a111111111
2603,harshil,111
2604,harshil,111111111111111111111111111111111111111111@1111111111111111111111111111a1111111111111111111a111111111
2605,harshil,1
2606,harshil,1
2607,harshil,1
2608,harshil,111111111111111111111111111111111111111111@1111111111111111111111111111a1111111111111111111a111111111
2609,harshil,111
2610,harshil,111111111111111111111111111111111111111111@1111111111111111111111111111a1111111111111111111a111111111
2611,harshil,1
2612,harshil,1
2613,harshil,1
2614,harshil,111111111111111111111111111111111111111111@1111111111111111111111111111a1111111111111111111a111111111
2615,harshil,111
2616,harshil,111111111111111111111111111111111111111111@1111111111111111111111111111a1111111111111111111a111111111
2617,harshil,1
2618,harshil,1
2619,harshil,1
2620,harshil,111111111111111111111111111111111111111111@1111111111111111111111111111a1111111111111111111a111111111
2621,harshil,111
2622,harshil,111111111111111111111111111111111111111111@1111111111111111111111111111a1111111111111111111a111111111
2623,harshil,1
2624,harshil,1
2625,harshil,1
2626,harshil,111111111111111111111111111111111111111111@1111111111111111111111111111a1111111111111111111a111111111
2627,harshil,111
2628,harshil,111111111111111111111111111111111111111111@1111111111111111111111111111a1111111111111111111a111111111
2629,harshil,1
2630,harshil,1
2631,harshil,1
2632,harshil,111111111111111111111111111111111111111111@1111111111111111111111111111a1111111111111111111a111111111
2633,harshil,111
2634,harshil,111111111111111111111111111111111111111111@1111111111111111111111111111a1111111111111111111a111111111
2635,harshil,1
2636,harshil,1
2637,harshil,1
2638,harshil,111111111111111111111111111111111111111111@1111111111111111111111111111a1111111111111111111a111111111
2639,harshil,111
2640,harshil,111111111111111111111111111111111111111111@1111111111111111111111111111a1111111111111111111a111111111
2641,harshil,1
2642,harshil,1
2643,harshil,1
2644,harshil,111111111111111111111111111111111111111111@1111111111111111111111111111a1111111111111111111a111111111
2645,harshil,111
2646,harshil,111111111111111111111111111111111111111111@1111111111111111111111111111a1111111111111111111a111111111
2647,harshil,1
2648,harshil,1
2649,harshil,1
2650,harshil,111111111111111111111111111111111111111111@1111111111111111111111111111a1111111111111111111a111111111
2651,harshil,111
2652,harshil,111111111111111111111111111111111111111111@1111111111111111111111111111a1111111111111111111a111111111
2653,harshil,1
2654,harshil,1
2655,harshil,1
2656,harshil,111111111111111111111111111111111111111111@1111111111111111111111111111a1111111111111111111a111111111
2657,harshil,111
2658,harshil,111111111111111111111111111111111111111111@1111111111111111111111111111a1111111111111111111a111111111
2659,harshil,1
2660,harshil,1
2661,harshil,1
2662,harshil,111111111111111111111111111111111111111111@1111111111111111111111111111a1111111111111111111a111111111
2663,harshil,111
2664,harshil,111111111111111111111111111111111111111111@1111111111111111111111111111a1111111111111111111a111111111
2665,harshil,1
2666,harshil,1
2667,harshil,1
2668,harshil,111111111111111111111111111111111111111111@1111111111111111111111111111a1111111111111111111a111111111
2669,harshil,111
2670,harshil,111111111111111111111111111111111111111111@1111111111111111111111111111a1111111111111111111a111111111
2671,harshil,1
2672,harshil,1
2673,harshil,1
2674,harshil,111111111111111111111111111111111111111111@1111111111111111111111111111a1111111111111111111a111111111
2675,harshil,111
2676,harshil,111111111111111111111111111111111111111111@1111111111111111111111111111a1111111111111111111a111111111
2677,harshil,1
2678,harshil,1
2679,harshil,1
2680,harshil,111111111111111111111111111111111111111111@1111111111111111111111111111a1111111111111111111a111111111
2681,harshil,111
2682,harshil,111111111111111111111111111111111111111111@1111111111111111111111111111a1111111111111111111a111111111
2683,harshil,1
2684,harshil,1
2685,harshil,1
2686,harshil,111111111111111111111111111111111111111111@1111111111111111111111111111a1111111111111111111a111111111
2687,harshil,111
2688,harshil,111111111111111111111111111111111111111111@1111111111111111111111111111a1111111111111111111a111111111
2689,harshil,1
2690,harshil,1
2691,harshil,1
2692,harshil,111111111111111111111111111111111111111111@1111111111111111111111111111a1111111111111111111a111111111
2693,harshil,111
2694,harshil,111111111111111111111111111111111111111111@1111111111111111111111111111a1111111111111111111a111111111
2695,harshil,1
2696,harshil,1
2697,harshil,1
2698,harshil,111111111111111111111111111111111111111111@1111111111111111111111111111a1111111111111111111a111111111
2699,harshil,111
2700,harshil,111111111111111111111111111111111111111111@1111111111111111111111111111a1111111111111111111a111111111
2701,harshil,1
2702,harshil,1
2703,harshil,1
2704,harshil,111111111111111111111111111111111111111111@1111111111111111111111111111a1111111111111111111a111111111
2705,harshil,111
2706,harshil,111111111111111111111111111111111111111111@1111111111111111111111111111a1111111111111111111a111111111
2707,harshil,1
2708,harshil,1
2709,harshil,1
2710,harshil,111111111111111111111111111111111111111111@1111111111111111111111111111a1111111111111111111a111111111
2711,harshil,111
2712,harshil,111111111111111111111111111111111111111111@1111111111111111111111111111a1111111111111111111a111111111
2713,harshil,1
2714,harshil,1
2715,harshil,1
2716,harshil,111111111111111111111111111111111111111111@1111111111111111111111111111a1111111111111111111a111111111
2717,harshil,111
2718,harshil,111111111111111111111111111111111111111111@1111111111111111111111111111a1111111111111111111a111111111
2719,harshil,1
2720,harshil,1
2721,harshil,1
2722,harshil,111111111111111111111111111111111111111111@1111111111111111111111111111a1111111111111111111a111111111
2723,harshil,111
2724,harshil,111111111111111111111111111111111111111111@1111111111111111111111111111a1111111111111111111a111111111
2725,harshil,1
2726,harshil,1
2727,harshil,1
2728,harshil,111111111111111111111111111111111111111111@1111111111111111111111111111a1111111111111111111a111111111
2729,harshil,111
2730,harshil,111111111111111111111111111111111111111111@1111111111111111111111111111a1111111111111111111a111111111
2731,harshil,1
2732,harshil,1
2733,harshil,1
2734,harshil,111111111111111111111111111111111111111111@1111111111111111111111111111a1111111111111111111a111111111
2735,harshil,111
2736,harshil,111111111111111111111111111111111111111111@1111111111111111111111111111a1111111111111111111a111111111
2737,harshil,1
2738,harshil,1
2739,harshil,1
2740,harshil,111111111111111111111111111111111111111111@1111111111111111111111111111a1111111111111111111a111111111
2741,harshil,111
2742,harshil,111111111111111111111111111111111111111111@1111111111111111111111111111a1111111111111111111a111111111
2743,harshil,1
2744,harshil,1
2745,harshil,1
2746,harshil,111111111111111111111111111111111111111111@1111111111111111111111111111a1111111111111111111a111111111
2747,harshil,111
2748,harshil,111111111111111111111111111111111111111111@1111111111111111111111111111a1111111111111111111a111111111
2749,harshil,1
2750,harshil,1
2751,harshil,1
2752,harshil,111111111111111111111111111111111111111111@1111111111111111111111111111a1111111111111111111a111111111
2753,harshil,111
2754,harshil,111111111111111111111111111111111111111111@1111111111111111111111111111a1111111111111111111a111111111
2755,harshil,1
2756,harshil,1
2757,harshil,1
2758,harshil,111111111111111111111111111111111111111111@1111111111111111111111111111a1111111111111111111a111111111
2759,harshil,111
2760,harshil,111111111111111111111111111111111111111111@1111111111111111111111111111a1111111111111111111a111111111
2761,harshil,1
2762,harshil,1
2763,harshil,1
2764,harshil,111111111111111111111111111111111111111111@1111111111111111111111111111a1111111111111111111a111111111
2765,harshil,111
2766,harshil,111111111111111111111111111111111111111111@1111111111111111111111111111a1111111111111111111a111111111
2767,harshil,1
2768,harshil,1
2769,harshil,1
2770,harshil,111111111111111111111111111111111111111111@1111111111111111111111111111a1111111111111111111a111111111
2771,harshil,111
2772,harshil,111111111111111111111111111111111111111111@1111111111111111111111111111a1111111111111111111a111111111
2773,harshil,1
2774,harshil,1
2775,harshil,1
2776,harshil,111111111111111111111111111111111111111111@1111111111111111111111111111a1111111111111111111a111111111
2777,harshil,111
2778,harshil,111111111111111111111111111111111111111111@1111111111111111111111111111a1111111111111111111a111111111
2779,harshil,1
2780,harshil,1
2781,harshil,1
2782,harshil,111111111111111111111111111111111111111111@1111111111111111111111111111a1111111111111111111a111111111
2783,harshil,111
2784,harshil,111111111111111111111111111111111111111111@1111111111111111111111111111a1111111111111111111a111111111
2785,harshil,1
2786,harshil,1
2787,harshil,1
2788,harshil,111111111111111111111111111111111111111111@1111111111111111111111111111a1111111111111111111a111111111
2789,harshil,111
2790,harshil,111111111111111111111111111111111111111111@1111111111111111111111111111a1111111111111111111a111111111
2791,harshil,1
2792,harshil,1
2793,harshil,1
2794,harshil,111111111111111111111111111111111111111111@1111111111111111111111111111a1111111111111111111a111111111
2795,harshil,111
2796,harshil,111111111111111111111111111111111111111111@1111111111111111111111111111a1111111111111111111a111111111
2797,harshil,1
2798,harshil,1
2799,harshil,1
2800,harshil,111111111111111111111111111111111111111111@1111111111111111111111111111a1111111111111111111a111111111
2801,harshil,111
2802,harshil,111111111111111111111111111111111111111111@1111111111111111111111111111a1111111111111111111a111111111
2803,harshil,1
2804,harshil,1
2805,harshil,1
2806,harshil,111111111111111111111111111111111111111111@1111111111111111111111111111a1111111111111111111a111111111
2807,harshil,111
2808,harshil,111111111111111111111111111111111111111111@1111111111111111111111111111a1111111111111111111a111111111
2809,harshil,1
2810,harshil,1
2811,harshil,1
2812,harshil,111111111111111111111111111111111111111111@1111111111111111111111111111a1111111111111111111a111111111
2813,harshil,111
2814,harshil,111111111111111111111111111111111111111111@1111111111111111111111111111a1111111111111111111a111111111
2815,harshil,1
2816,harshil,1
2817,harshil,1
2818,harshil,111111111111111111111111111111111111111111@1111111111111111111111111111a1111111111111111111a111111111
2819,harshil,111
2820,harshil,111111111111111111111111111111111111111111@1111111111111111111111111111a1111111111111111111a111111111
2821,harshil,1
2822,harshil,1
2823,harshil,1
2824,harshil,111111111111111111111111111111111111111111@1111111111111111111111111111a1111111111111111111a111111111
2825,harshil,111
2826,harshil,111111111111111111111111111111111111111111@1111111111111111111111111111a1111111111111111111a111111111
2827,harshil,1
2828,harshil,1
2829,harshil,1
2830,harshil,111111111111111111111111111111111111111111@1111111111111111111111111111a1111111111111111111a111111111
2831,harshil,111
2832,harshil,111111111111111111111111111111111111111111@1111111111111111111111111111a1111111111111111111a111111111
2833,harshil,1
2834,harshil,1
2835,harshil,1
2836,harshil,111111111111111111111111111111111111111111@1111111111111111111111111111a1111111111111111111a111111111
2837,harshil,111
2838,harshil,111111111111111111111111111111111111111111@1111111111111111111111111111a1111111111111111111a111111111
2839,harshil,1
2840,harshil,1
2841,harshil,1
2842,harshil,111111111111111111111111111111111111111111@1111111111111111111111111111a1111111111111111111a111111111
2843,harshil,111
2844,harshil,111111111111111111111111111111111111111111@1111111111111111111111111111a1111111111111111111a111111111
2845,harshil,1
2846,harshil,1
2847,harshil,1
2848,harshil,111111111111111111111111111111111111111111@1111111111111111111111111111a1111111111111111111a111111111
2849,harshil,111
2850,harshil,111111111111111111111111111111111111111111@1111111111111111111111111111a1111111111111111111a111111111
2851,harshil,1
2852,harshil,1
2853,harshil,1
2854,harshil,111111111111111111111111111111111111111111@1111111111111111111111111111a1111111111111111111a111111111
2855,harshil,111
2856,harshil,111111111111111111111111111111111111111111@1111111111111111111111111111a1111111111111111111a111111111
2857,harshil,1
2858,harshil,1
2859,harshil,1
2860,harshil,111111111111111111111111111111111111111111@1111111111111111111111111111a1111111111111111111a111111111
2861,harshil,111
2862,harshil,111111111111111111111111111111111111111111@1111111111111111111111111111a1111111111111111111a111111111
2863,harshil,1
2864,harshil,1
2865,harshil,1
2866,harshil,111111111111111111111111111111111111111111@1111111111111111111111111111a1111111111111111111a111111111
2867,harshil,111
2868,harshil,111111111111111111111111111111111111111111@1111111111111111111111111111a1111111111111111111a111111111
2869,harshil,1
2870,harshil,1
2871,harshil,1
2872,harshil,111111111111111111111111111111111111111111@1111111111111111111111111111a1111111111111111111a111111111
2873,harshil,111
2874,harshil,111111111111111111111111111111111111111111@1111111111111111111111111111a1111111111111111111a111111111
2875,harshil,1
2876,harshil,1
2877,harshil,1
2878,harshil,111111111111111111111111111111111111111111@1111111111111111111111111111a1111111111111111111a111111111
2879,harshil,111
2880,harshil,111111111111111111111111111111111111111111@1111111111111111111111111111a1111111111111111111a111111111
2881,harshil,1
2882,harshil,1
2883,harshil,1
2884,harshil,111111111111111111111111111111111111111111@1111111111111111111111111111a1111111111111111111a111111111
2885,harshil,111
2886,harshil,111111111111111111111111111111111111111111@1111111111111111111111111111a1111111111111111111a111111111
2887,harshil,1
2888,harshil,1
2889,harshil,1
2890,harshil,111111111111111111111111111111111111111111@1111111111111111111111111111a1111111111111111111a111111111
2891,harshil,111
2892,harshil,111111111111111111111111111111111111111111@1111111111111111111111111111a1111111111111111111a111111111
2893,harshil,1
2894,harshil,1
2895,harshil,1
2896,harshil,111111111111111111111111111111111111111111@1111111111111111111111111111a1111111111111111111a111111111
2897,harshil,111
2898,harshil,111111111111111111111111111111111111111111@1111111111111111111111111111a1111111111111111111a111111111
2899,harshil,1
2900,harshil,1
2901,harshil,1
2902,harshil,111111111111111111111111111111111111111111@1111111111111111111111111111a1111111111111111111a111111111
2903,harshil,111
2904,harshil,111111111111111111111111111111111111111111@1111111111111111111111111111a1111111111111111111a111111111
2905,harshil,1
2906,harshil,1
2907,harshil,1
2908,harshil,111111111111111111111111111111111111111111@1111111111111111111111111111a1111111111111111111a111111111
2909,harshil,111
2910,harshil,111111111111111111111111111111111111111111@1111111111111111111111111111a1111111111111111111a111111111
2911,harshil,1
2912,harshil,1
2913,harshil,1
2914,harshil,111111111111111111111111111111111111111111@1111111111111111111111111111a1111111111111111111a111111111
2915,harshil,111
2916,harshil,111111111111111111111111111111111111111111@1111111111111111111111111111a1111111111111111111a111111111
2917,harshil,1
2918,harshil,1
2919,harshil,1
2920,harshil,111111111111111111111111111111111111111111@1111111111111111111111111111a1111111111111111111a111111111
2921,harshil,111
2922,harshil,111111111111111111111111111111111111111111@1111111111111111111111111111a1111111111111111111a111111111
2923,harshil,1
2924,harshil,1
2925,harshil,1
2926,harshil,111111111111111111111111111111111111111111@1111111111111111111111111111a1111111111111111111a111111111
2927,harshil,111
2928,harshil,111111111111111111111111111111111111111111@1111111111111111111111111111a1111111111111111111a111111111
2929,harshil,1
2930,harshil,1
2931,harshil,1
2932,harshil,111111111111111111111111111111111111111111@1111111111111111111111111111a1111111111111111111a111111111
2933,harshil,111
2934,harshil,111111111111111111111111111111111111111111@1111111111111111111111111111a1111111111111111111a111111111
2935,harshil,1
2936,harshil,1
2937,harshil,1
2938,harshil,111111111111111111111111111111111111111111@1111111111111111111111111111a1111111111111111111a111111111
2939,harshil,111
2940,harshil,111111111111111111111111111111111111111111@1111111111111111111111111111a1111111111111111111a111111111
2941,harshil,1
2942,harshil,1
2943,harshil,1
2944,harshil,111111111111111111111111111111111111111111@1111111111111111111111111111a1111111111111111111a111111111
2945,harshil,111
2946,harshil,111111111111111111111111111111111111111111@1111111111111111111111111111a1111111111111111111a111111111
2947,harshil,1
2948,harshil,1
2949,harshil,1
2950,harshil,111111111111111111111111111111111111111111@1111111111111111111111111111a1111111111111111111a111111111
2951,harshil,111
2952,harshil,111111111111111111111111111111111111111111@1111111111111111111111111111a1111111111111111111a111111111
2953,harshil,1
2954,harshil,1
2955,harshil,1
2956,harshil,111111111111111111111111111111111111111111@1111111111111111111111111111a1111111111111111111a111111111
2957,harshil,111
2958,harshil,111111111111111111111111111111111111111111@1111111111111111111111111111a1111111111111111111a111111111
2959,harshil,1
2960,harshil,1
2961,harshil,1
2962,harshil,111111111111111111111111111111111111111111@1111111111111111111111111111a1111111111111111111a111111111
2963,harshil,111
2964,harshil,111111111111111111111111111111111111111111@1111111111111111111111111111a1111111111111111111a111111111
2965,harshil,1
2966,harshil,1
2967,harshil,1
2968,harshil,111111111111111111111111111111111111111111@1111111111111111111111111111a1111111111111111111a111111111
2969,harshil,111
2970,harshil,111111111111111111111111111111111111111111@1111111111111111111111111111a1111111111111111111a111111111
2971,harshil,1
2972,harshil,1
2973,harshil,1
2974,harshil,111111111111111111111111111111111111111111@1111111111111111111111111111a1111111111111111111a111111111
2975,harshil,111
2976,harshil,111111111111111111111111111111111111111111@1111111111111111111111111111a1111111111111111111a111111111
2977,harshil,1
2978,harshil,1
2979,harshil,1
2980,harshil,111111111111111111111111111111111111111111@1111111111111111111111111111a1111111111111111111a111111111
2981,harshil,111
2982,harshil,111111111111111111111111111111111111111111@1111111111111111111111111111a1111111111111111111a111111111
2983,harshil,1
2984,harshil,1
2985,harshil,1
2986,harshil,111111111111111111111111111111111111111111@1111111111111111111111111111a1111111111111111111a111111111
2987,harshil,111
2988,harshil,111111111111111111111111111111111111111111@1111111111111111111111111111a1111111111111111111a111111111
2989,harshil,1
2990,harshil,1
2991,harshil,1
2992,harshil,111111111111111111111111111111111111111111@1111111111111111111111111111a1111111111111111111a111111111
2993,harshil,111
2994,harshil,111111111111111111111111111111111111111111@1111111111111111111111111111a1111111111111111111a111111111
2995,harshil,1
2996,harshil,1
2997,harshil,1
2998,harshil,111111111111111111111111111111111111111111@1111111111111111111111111111a1111111111111111111a111111111
2999,harshil,111
3000,harshil,111111111111111111111111111111111111111111@1111111111111111111111111111a1111111111111111111a111111111
3001,harshil,1
3002,harshil,1
3003,harshil,1
3004,harshil,111111111111111111111111111111111111111111@1111111111111111111111111111a1111111111111111111a111111111
3005,harshil,111
3006,harshil,111111111111111111111111111111111111111111@1111111111111111111111111111a1111111111111111111a111111111
3007,harshil,1
3008,harshil,1
3009,harshil,1
3010,harshil,111111111111111111111111111111111111111111@1111111111111111111111111111a1111111111111111111a111111111
3011,harshil,111
3012,harshil,111111111111111111111111111111111111111111@1111111111111111111111111111a1111111111111111111a111111111
3013,harshil,1
3014,harshil,1
3015,harshil,1
3016,harshil,111111111111111111111111111111111111111111@1111111111111111111111111111a1111111111111111111a111111111
3017,harshil,111
3018,harshil,111111111111111111111111111111111111111111@1111111111111111111111111111a1111111111111111111a111111111
3019,harshil,1
3020,harshil,1
3021,harshil,1
3022,harshil,111111111111111111111111111111111111111111@1111111111111111111111111111a1111111111111111111a111111111
3023,harshil,111
3024,harshil,111111111111111111111111111111111111111111@1111111111111111111111111111a1111111111111111111a111111111
3025,harshil,1
3026,harshil,1
3027,harshil,1
3028,harshil,111111111111111111111111111111111111111111@1111111111111111111111111111a1111111111111111111a111111111
3029,harshil,111
3030,harshil,111111111111111111111111111111111111111111@1111111111111111111111111111a1111111111111111111a111111111
3031,harshil,1
3032,harshil,1
3033,harshil,1
3034,harshil,111111111111111111111111111111111111111111@1111111111111111111111111111a1111111111111111111a111111111
3035,harshil,111
3036,harshil,111111111111111111111111111111111111111111@1111111111111111111111111111a1111111111111111111a111111111
3037,harshil,1
3038,harshil,1
3039,harshil,1
3040,harshil,111111111111111111111111111111111111111111@1111111111111111111111111111a1111111111111111111a111111111
3041,harshil,111
3042,harshil,111111111111111111111111111111111111111111@1111111111111111111111111111a1111111111111111111a111111111
3043,harshil,1
3044,harshil,1
3045,harshil,1
3046,harshil,111111111111111111111111111111111111111111@1111111111111111111111111111a1111111111111111111a111111111
3047,harshil,111
3048,harshil,111111111111111111111111111111111111111111@1111111111111111111111111111a1111111111111111111a111111111
3049,harshil,1
3050,harshil,1
3051,harshil,1
3052,harshil,111111111111111111111111111111111111111111@1111111111111111111111111111a1111111111111111111a111111111
3053,harshil,111
3054,harshil,111111111111111111111111111111111111111111@1111111111111111111111111111a1111111111111111111a111111111
3055,harshil,1
3056,harshil,1
3057,harshil,1
3058,harshil,111111111111111111111111111111111111111111@1111111111111111111111111111a1111111111111111111a111111111
3059,harshil,111
3060,harshil,111111111111111111111111111111111111111111@1111111111111111111111111111a1111111111111111111a111111111
3061,harshil,1
3062,harshil,1
3063,harshil,1
3064,harshil,111111111111111111111111111111111111111111@1111111111111111111111111111a1111111111111111111a111111111
3065,harshil,111
3066,harshil,111111111111111111111111111111111111111111@1111111111111111111111111111a1111111111111111111a111111111
3067,harshil,1
3068,harshil,1
3069,harshil,1
3070,harshil,111111111111111111111111111111111111111111@1111111111111111111111111111a1111111111111111111a111111111
3071,harshil,111
3072,harshil,111111111111111111111111111111111111111111@1111111111111111111111111111a1111111111111111111a111111111
3073,harshil,1
3074,harshil,1
3075,harshil,1
3076,harshil,111111111111111111111111111111111111111111@1111111111111111111111111111a1111111111111111111a111111111
3077,harshil,111
3078,harshil,111111111111111111111111111111111111111111@1111111111111111111111111111a1111111111111111111a111111111
3079,harshil,1
3080,harshil,1
3081,harshil,1
3082,harshil,111111111111111111111111111111111111111111@1111111111111111111111111111a1111111111111111111a111111111
3083,harshil,111
3084,harshil,111111111111111111111111111111111111111111@1111111111111111111111111111a1111111111111111111a111111111
3085,harshil,1
3086,harshil,1
3087,harshil,1
3088,harshil,111111111111111111111111111111111111111111@1111111111111111111111111111a1111111111111111111a111111111
3089,harshil,111
3090,harshil,111111111111111111111111111111111111111111@1111111111111111111111111111a1111111111111111111a111111111
3091,harshil,1
3092,harshil,1
3093,harshil,1
3094,harshil,111111111111111111111111111111111111111111@1111111111111111111111111111a1111111111111111111a111111111
3095,harshil,111
3096,harshil,111111111111111111111111111111111111111111@1111111111111111111111111111a1111111111111111111a111111111
3097,harshil,1
3098,harshil,1
3099,harshil,1
3100,harshil,111111111111111111111111111111111111111111@1111111111111111111111111111a1111111111111111111a111111111
3101,harshil,111
3102,harshil,111111111111111111111111111111111111111111@1111111111111111111111111111a1111111111111111111a111111111
3103,harshil,1
3104,harshil,1
3105,harshil,1
3106,harshil,111111111111111111111111111111111111111111@1111111111111111111111111111a1111111111111111111a111111111
3107,harshil,111
3108,harshil,111111111111111111111111111111111111111111@1111111111111111111111111111a1111111111111111111a111111111
3109,harshil,1
3110,harshil,1
3111,harshil,1
3112,harshil,111111111111111111111111111111111111111111@1111111111111111111111111111a1111111111111111111a111111111
3113,harshil,111
3114,harshil,111111111111111111111111111111111111111111@1111111111111111111111111111a1111111111111111111a111111111
3115,harshil,1
3116,harshil,1
3117,harshil,1
3118,harshil,111111111111111111111111111111111111111111@1111111111111111111111111111a1111111111111111111a111111111
3119,harshil,111
3120,harshil,111111111111111111111111111111111111111111@1111111111111111111111111111a1111111111111111111a111111111
3121,harshil,1
3122,harshil,1
3123,harshil,1
3124,harshil,111111111111111111111111111111111111111111@1111111111111111111111111111a1111111111111111111a111111111
3125,harshil,111
3126,harshil,111111111111111111111111111111111111111111@1111111111111111111111111111a1111111111111111111a111111111
3127,harshil,1
3128,harshil,1
3129,harshil,1
3130,harshil,111111111111111111111111111111111111111111@1111111111111111111111111111a1111111111111111111a111111111
3131,harshil,111
3132,harshil,111111111111111111111111111111111111111111@1111111111111111111111111111a1111111111111111111a111111111
3133,harshil,1
3134,harshil,1
3135,harshil,1
3136,harshil,111111111111111111111111111111111111111111@1111111111111111111111111111a1111111111111111111a111111111
3137,harshil,111
3138,harshil,111111111111111111111111111111111111111111@1111111111111111111111111111a1111111111111111111a111111111
3139,harshil,1
3140,harshil,1
3141,harshil,1
3142,harshil,111111111111111111111111111111111111111111@1111111111111111111111111111a1111111111111111111a111111111
3143,harshil,111
3144,harshil,111111111111111111111111111111111111111111@1111111111111111111111111111a1111111111111111111a111111111
3145,harshil,1
3146,harshil,1
3147,harshil,1
3148,harshil,111111111111111111111111111111111111111111@1111111111111111111111111111a1111111111111111111a111111111
3149,harshil,111
3150,harshil,111111111111111111111111111111111111111111@1111111111111111111111111111a1111111111111111111a111111111
3151,harshil,1
3152,harshil,1
3153,harshil,1
3154,harshil,111111111111111111111111111111111111111111@1111111111111111111111111111a1111111111111111111a111111111
3155,harshil,111
3156,harshil,111111111111111111111111111111111111111111@1111111111111111111111111111a1111111111111111111a111111111
3157,harshil,1
3158,harshil,1
3159,harshil,1
3160,harshil,111111111111111111111111111111111111111111@1111111111111111111111111111a1111111111111111111a111111111
3161,harshil,111
3162,harshil,111111111111111111111111111111111111111111@1111111111111111111111111111a1111111111111111111a111111111
3163,harshil,1
3164,harshil,1
3165,harshil,1
3166,harshil,111111111111111111111111111111111111111111@1111111111111111111111111111a1111111111111111111a111111111
3167,harshil,111
3168,harshil,111111111111111111111111111111111111111111@1111111111111111111111111111a1111111111111111111a111111111
3169,harshil,1
3170,harshil,1
3171,harshil,1
3172,harshil,111111111111111111111111111111111111111111@1111111111111111111111111111a1111111111111111111a111111111
3173,harshil,111
3174,harshil,111111111111111111111111111111111111111111@1111111111111111111111111111a1111111111111111111a111111111
3175,harshil,1
3176,harshil,1
3177,harshil,1
3178,harshil,111111111111111111111111111111111111111111@1111111111111111111111111111a1111111111111111111a111111111
3179,harshil,111
3180,harshil,111111111111111111111111111111111111111111@1111111111111111111111111111a1111111111111111111a111111111
3181,harshil,1
3182,harshil,1
3183,harshil,1
3184,harshil,111111111111111111111111111111111111111111@1111111111111111111111111111a1111111111111111111a111111111
3185,harshil,111
3186,harshil,111111111111111111111111111111111111111111@1111111111111111111111111111a1111111111111111111a111111111
3187,harshil,1
3188,harshil,1
3189,harshil,1
3190,harshil,111111111111111111111111111111111111111111@1111111111111111111111111111a1111111111111111111a111111111
3191,harshil,111
3192,harshil,111111111111111111111111111111111111111111@1111111111111111111111111111a1111111111111111111a111111111
3193,harshil,1
3194,harshil,1
3195,harshil,1
3196,harshil,111111111111111111111111111111111111111111@1111111111111111111111111111a1111111111111111111a111111111
3197,harshil,111
3198,harshil,111111111111111111111111111111111111111111@1111111111111111111111111111a1111111111111111111a111111111
3199,harshil,1
3200,harshil,1
3201,harshil,1
3202,harshil,111111111111111111111111111111111111111111@1111111111111111111111111111a1111111111111111111a111111111
3203,harshil,111
3204,harshil,111111111111111111111111111111111111111111@1111111111111111111111111111a1111111111111111111a111111111
3205,harshil,1
3206,harshil,1
3207,harshil,1
3208,harshil,111111111111111111111111111111111111111111@1111111111111111111111111111a1111111111111111111a111111111
3209,harshil,111
3210,harshil,111111111111111111111111111111111111111111@1111111111111111111111111111a1111111111111111111a111111111
3211,harshil,1
3212,harshil,1
3213,harshil,1
3214,harshil,111111111111111111111111111111111111111111@1111111111111111111111111111a1111111111111111111a111111111
3215,harshil,111
3216,harshil,111111111111111111111111111111111111111111@1111111111111111111111111111a1111111111111111111a111111111
3217,harshil,1
3218,harshil,1
3219,harshil,1
3220,harshil,111111111111111111111111111111111111111111@1111111111111111111111111111a1111111111111111111a111111111
3221,harshil,111
3222,harshil,111111111111111111111111111111111111111111@1111111111111111111111111111a1111111111111111111a111111111
3223,harshil,1
3224,harshil,1
3225,harshil,1
3226,harshil,111111111111111111111111111111111111111111@1111111111111111111111111111a1111111111111111111a111111111
3227,harshil,111
3228,harshil,111111111111111111111111111111111111111111@1111111111111111111111111111a1111111111111111111a111111111
3229,harshil,1
3230,harshil,1
3231,harshil,1
3232,harshil,111111111111111111111111111111111111111111@1111111111111111111111111111a1111111111111111111a111111111
3233,harshil,111
3234,harshil,111111111111111111111111111111111111111111@1111111111111111111111111111a1111111111111111111a111111111
3235,harshil,1
3236,harshil,1
3237,harshil,1
3238,harshil,111111111111111111111111111111111111111111@1111111111111111111111111111a1111111111111111111a111111111
3239,harshil,111
3240,harshil,111111111111111111111111111111111111111111@1111111111111111111111111111a1111111111111111111a111111111
3241,harshil,1
3242,harshil,1
3243,harshil,1
3244,harshil,111111111111111111111111111111111111111111@1111111111111111111111111111a1111111111111111111a111111111
3245,harshil,111
3246,harshil,111111111111111111111111111111111111111111@1111111111111111111111111111a1111111111111111111a111111111
3247,harshil,1
3248,harshil,1
3249,harshil,1
3250,harshil,111111111111111111111111111111111111111111@1111111111111111111111111111a1111111111111111111a111111111
3251,harshil,111
3252,harshil,111111111111111111111111111111111111111111@1111111111111111111111111111a1111111111111111111a111111111
3253,harshil,1
3254,harshil,1
3255,harshil,1
3256,harshil,111111111111111111111111111111111111111111@1111111111111111111111111111a1111111111111111111a111111111
3257,harshil,111
3258,harshil,111111111111111111111111111111111111111111@1111111111111111111111111111a1111111111111111111a111111111
3259,harshil,1
3260,harshil,1
3261,harshil,1
3262,harshil,111111111111111111111111111111111111111111@1111111111111111111111111111a1111111111111111111a111111111
3263,harshil,111
3264,harshil,111111111111111111111111111111111111111111@1111111111111111111111111111a1111111111111111111a111111111
3265,harshil,1
3266,harshil,1
3267,harshil,1
3268,harshil,111111111111111111111111111111111111111111@1111111111111111111111111111a1111111111111111111a111111111
3269,harshil,111
3270,harshil,111111111111111111111111111111111111111111@1111111111111111111111111111a1111111111111111111a111111111
3271,harshil,1
3272,harshil,1
3273,harshil,1
3274,harshil,111111111111111111111111111111111111111111@1111111111111111111111111111a1111111111111111111a111111111
3275,harshil,111
3276,harshil,111111111111111111111111111111111111111111@1111111111111111111111111111a1111111111111111111a111111111
3277,harshil,1
3278,harshil,1
3279,harshil,1
3280,harshil,111111111111111111111111111111111111111111@1111111111111111111111111111a1111111111111111111a111111111
3281,harshil,111
3282,harshil,111111111111111111111111111111111111111111@1111111111111111111111111111a1111111111111111111a111111111
3283,harshil,1
3284,harshil,1
3285,harshil,1
3286,harshil,111111111111111111111111111111111111111111@1111111111111111111111111111a1111111111111111111a111111111
3287,harshil,111
3288,harshil,111111111111111111111111111111111111111111@1111111111111111111111111111a1111111111111111111a111111111
3289,harshil,1
3290,harshil,1
3291,harshil,1
3292,harshil,111111111111111111111111111111111111111111@1111111111111111111111111111a1111111111111111111a111111111
3293,harshil,111
3294,harshil,111111111111111111111111111111111111111111@1111111111111111111111111111a1111111111111111111a111111111
3295,harshil,1
3296,harshil,1
3297,harshil,1
3298,harshil,111111111111111111111111111111111111111111@1111111111111111111111111111a1111111111111111111a111111111
3299,harshil,111
3300,harshil,111111111111111111111111111111111111111111@1111111111111111111111111111a1111111111111111111a111111111
3301,harshil,1
3302,harshil,1
3303,harshil,1
3304,harshil,111111111111111111111111111111111111111111@1111111111111111111111111111a1111111111111111111a111111111
3305,harshil,111
3306,harshil,111111111111111111111111111111111111111111@1111111111111111111111111111a1111111111111111111a111111111
3307,harshil,1
3308,harshil,1
3309,harshil,1
3310,harshil,111111111111111111111111111111111111111111@1111111111111111111111111111a1111111111111111111a111111111
3311,harshil,111
3312,harshil,111111111111111111111111111111111111111111@1111111111111111111111111111a1111111111111111111a111111111
3313,harshil,1
3314,harshil,1
3315,harshil,1
3316,harshil,111111111111111111111111111111111111111111@1111111111111111111111111111a1111111111111111111a111111111
3317,harshil,111
3318,harshil,111111111111111111111111111111111111111111@1111111111111111111111111111a1111111111111111111a111111111
3319,harshil,1
3320,harshil,1
3321,harshil,1
3322,harshil,111111111111111111111111111111111111111111@1111111111111111111111111111a1111111111111111111a111111111
3323,harshil,111
3324,harshil,111111111111111111111111111111111111111111@1111111111111111111111111111a1111111111111111111a111111111
3325,harshil,1
3326,harshil,1
3327,harshil,1
3328,harshil,111111111111111111111111111111111111111111@1111111111111111111111111111a1111111111111111111a111111111
3329,harshil,111
3330,harshil,111111111111111111111111111111111111111111@1111111111111111111111111111a1111111111111111111a111111111
3331,harshil,1
3332,harshil,1
3333,harshil,1
3334,harshil,111111111111111111111111111111111111111111@1111111111111111111111111111a1111111111111111111a111111111
3335,harshil,111
3336,harshil,111111111111111111111111111111111111111111@1111111111111111111111111111a1111111111111111111a111111111
3337,harshil,1
3338,harshil,1
3339,harshil,1
3340,harshil,111111111111111111111111111111111111111111@1111111111111111111111111111a1111111111111111111a111111111
3341,harshil,111
3342,harshil,111111111111111111111111111111111111111111@1111111111111111111111111111a1111111111111111111a111111111
3343,harshil,1
3344,harshil,1
3345,harshil,1
3346,harshil,111111111111111111111111111111111111111111@1111111111111111111111111111a1111111111111111111a111111111
3347,harshil,111
3348,harshil,111111111111111111111111111111111111111111@1111111111111111111111111111a1111111111111111111a111111111
3349,harshil,1
3350,harshil,1
3351,harshil,1
3352,harshil,111111111111111111111111111111111111111111@1111111111111111111111111111a1111111111111111111a111111111
3353,harshil,111
3354,harshil,111111111111111111111111111111111111111111@1111111111111111111111111111a1111111111111111111a111111111
3355,harshil,1
3356,harshil,1
3357,harshil,1
3358,harshil,111111111111111111111111111111111111111111@1111111111111111111111111111a1111111111111111111a111111111
3359,harshil,111
3360,harshil,111111111111111111111111111111111111111111@1111111111111111111111111111a1111111111111111111a111111111
3361,harshil,1
3362,harshil,1
3363,harshil,1
3364,harshil,111111111111111111111111111111111111111111@1111111111111111111111111111a1111111111111111111a111111111
3365,harshil,111
3366,harshil,111111111111111111111111111111111111111111@1111111111111111111111111111a1111111111111111111a111111111
3367,harshil,1
3368,harshil,1
3369,harshil,1
3370,harshil,111111111111111111111111111111111111111111@1111111111111111111111111111a1111111111111111111a111111111
3371,harshil,111
3372,harshil,111111111111111111111111111111111111111111@1111111111111111111111111111a1111111111111111111a111111111
3373,harshil,1
3374,harshil,1
3375,harshil,1
3376,harshil,111111111111111111111111111111111111111111@1111111111111111111111111111a1111111111111111111a111111111
3377,harshil,111
3378,harshil,111111111111111111111111111111111111111111@1111111111111111111111111111a1111111111111111111a111111111
3379,harshil,1
3380,harshil,1
3381,harshil,1
3382,harshil,111111111111111111111111111111111111111111@1111111111111111111111111111a1111111111111111111a111111111
3383,harshil,111
3384,harshil,111111111111111111111111111111111111111111@1111111111111111111111111111a1111111111111111111a111111111
3385,harshil,1
3386,harshil,1
3387,harshil,1
3388,harshil,111111111111111111111111111111111111111111@1111111111111111111111111111a1111111111111111111a111111111
3389,harshil,111
3390,harshil,111111111111111111111111111111111111111111@1111111111111111111111111111a1111111111111111111a111111111
3391,harshil,1
3392,harshil,1
3393,harshil,1
3394,harshil,111111111111111111111111111111111111111111@1111111111111111111111111111a1111111111111111111a111111111
3395,harshil,111
3396,harshil,111111111111111111111111111111111111111111@1111111111111111111111111111a1111111111111111111a111111111
3397,harshil,1
3398,harshil,1
3399,harshil,1
3400,harshil,111111111111111111111111111111111111111111@1111111111111111111111111111a1111111111111111111a111111111
3401,harshil,111
3402,harshil,111111111111111111111111111111111111111111@1111111111111111111111111111a1111111111111111111a111111111
3403,harshil,1
3404,harshil,1
3405,harshil,1
3406,harshil,111111111111111111111111111111111111111111@1111111111111111111111111111a1111111111111111111a111111111
3407,harshil,111
3408,harshil,111111111111111111111111111111111111111111@1111111111111111111111111111a1111111111111111111a111111111
3409,harshil,1
3410,harshil,1
3411,harshil,1
3412,harshil,111111111111111111111111111111111111111111@1111111111111111111111111111a1111111111111111111a111111111
3413,harshil,111
3414,harshil,111111111111111111111111111111111111111111@1111111111111111111111111111a1111111111111111111a111111111
3415,harshil,1
3416,harshil,1
3417,harshil,1
3418,harshil,111111111111111111111111111111111111111111@1111111111111111111111111111a1111111111111111111a111111111
3419,harshil,111
3420,harshil,111111111111111111111111111111111111111111@1111111111111111111111111111a1111111111111111111a111111111
3421,harshil,1
3422,harshil,1
3423,harshil,1
3424,harshil,111111111111111111111111111111111111111111@1111111111111111111111111111a1111111111111111111a111111111
3425,harshil,111
3426,harshil,111111111111111111111111111111111111111111@1111111111111111111111111111a1111111111111111111a111111111
3427,harshil,1
3428,harshil,1
3429,harshil,1
3430,harshil,111111111111111111111111111111111111111111@1111111111111111111111111111a1111111111111111111a111111111
3431,harshil,111
3432,harshil,111111111111111111111111111111111111111111@1111111111111111111111111111a1111111111111111111a111111111
3433,harshil,1
3434,harshil,1
3435,harshil,1
3436,harshil,111111111111111111111111111111111111111111@1111111111111111111111111111a1111111111111111111a111111111
3437,harshil,111
3438,harshil,111111111111111111111111111111111111111111@1111111111111111111111111111a1111111111111111111a111111111
3439,harshil,1
3440,harshil,1
3441,harshil,1
3442,harshil,111111111111111111111111111111111111111111@1111111111111111111111111111a1111111111111111111a111111111
3443,harshil,111
3444,harshil,111111111111111111111111111111111111111111@1111111111111111111111111111a1111111111111111111a111111111
3445,harshil,1
3446,harshil,1
3447,harshil,1
3448,harshil,111111111111111111111111111111111111111111@1111111111111111111111111111a1111111111111111111a111111111
3449,harshil,111
3450,harshil,111111111111111111111111111111111111111111@1111111111111111111111111111a1111111111111111111a111111111
3451,harshil,1
3452,harshil,1
3453,harshil,1
3454,harshil,111111111111111111111111111111111111111111@1111111111111111111111111111a1111111111111111111a111111111
3455,harshil,111
3456,harshil,111111111111111111111111111111111111111111@1111111111111111111111111111a1111111111111111111a111111111
3457,harshil,1
3458,harshil,1
3459,harshil,1
3460,harshil,111111111111111111111111111111111111111111@1111111111111111111111111111a1111111111111111111a111111111
3461,harshil,111
3462,harshil,111111111111111111111111111111111111111111@1111111111111111111111111111a1111111111111111111a111111111
3463,harshil,1
3464,harshil,1
3465,harshil,1
3466,harshil,111111111111111111111111111111111111111111@1111111111111111111111111111a1111111111111111111a111111111
3467,harshil,111
3468,harshil,111111111111111111111111111111111111111111@1111111111111111111111111111a1111111111111111111a111111111
3469,harshil,1
3470,harshil,1
3471,harshil,1
3472,harshil,111111111111111111111111111111111111111111@1111111111111111111111111111a1111111111111111111a111111111
3473,harshil,111
3474,harshil,111111111111111111111111111111111111111111@1111111111111111111111111111a1111111111111111111a111111111
3475,harshil,1
3476,harshil,1
3477,harshil,1
3478,harshil,111111111111111111111111111111111111111111@1111111111111111111111111111a1111111111111111111a111111111
3479,harshil,111
3480,harshil,111111111111111111111111111111111111111111@1111111111111111111111111111a1111111111111111111a111111111
3481,harshil,1
3482,harshil,1
3483,harshil,1
3484,harshil,111111111111111111111111111111111111111111@1111111111111111111111111111a1111111111111111111a111111111
3485,harshil,111
3486,harshil,111111111111111111111111111111111111111111@1111111111111111111111111111a1111111111111111111a111111111
3487,harshil,1
3488,harshil,1
3489,harshil,1
3490,harshil,111111111111111111111111111111111111111111@1111111111111111111111111111a1111111111111111111a111111111
3491,harshil,111
3492,harshil,111111111111111111111111111111111111111111@1111111111111111111111111111a1111111111111111111a111111111
3493,harshil,1
3494,harshil,1
3495,harshil,1
3496,harshil,111111111111111111111111111111111111111111@1111111111111111111111111111a1111111111111111111a111111111
3497,harshil,111
3498,harshil,111111111111111111111111111111111111111111@1111111111111111111111111111a1111111111111111111a111111111
3499,harshil,1
3500,harshil,1
3501,harshil,1
3502,harshil,111111111111111111111111111111111111111111@1111111111111111111111111111a1111111111111111111a111111111
3503,harshil,111
3504,harshil,111111111111111111111111111111111111111111@1111111111111111111111111111a1111111111111111111a111111111
3505,harshil,1
3506,harshil,1
3507,harshil,1
3508,harshil,111111111111111111111111111111111111111111@1111111111111111111111111111a1111111111111111111a111111111
3509,harshil,111
3510,harshil,111111111111111111111111111111111111111111@1111111111111111111111111111a1111111111111111111a111111111
3511,harshil,1
3512,harshil,1
3513,harshil,1
3514,harshil,111111111111111111111111111111111111111111@1111111111111111111111111111a1111111111111111111a111111111
3515,harshil,111
3516,harshil,111111111111111111111111111111111111111111@1111111111111111111111111111a1111111111111111111a111111111
3517,harshil,1
3518,harshil,1
3519,harshil,1
3520,harshil,111111111111111111111111111111111111111111@1111111111111111111111111111a1111111111111111111a111111111
3521,harshil,111
3522,harshil,111111111111111111111111111111111111111111@1111111111111111111111111111a1111111111111111111a111111111
3523,harshil,1
3524,harshil,1
3525,harshil,1
3526,harshil,111111111111111111111111111111111111111111@1111111111111111111111111111a1111111111111111111a111111111
3527,harshil,111
3528,harshil,111111111111111111111111111111111111111111@1111111111111111111111111111a1111111111111111111a111111111
3529,harshil,1
3530,harshil,1
3531,harshil,1
3532,harshil,111111111111111111111111111111111111111111@1111111111111111111111111111a1111111111111111111a111111111
3533,harshil,111
3534,harshil,111111111111111111111111111111111111111111@1111111111111111111111111111a1111111111111111111a111111111
3535,harshil,1
3536,harshil,1
3537,harshil,1
3538,harshil,111111111111111111111111111111111111111111@1111111111111111111111111111a1111111111111111111a111111111
3539,harshil,111
3540,harshil,111111111111111111111111111111111111111111@1111111111111111111111111111a1111111111111111111a111111111
3541,harshil,1
3542,harshil,1
3543,harshil,1
3544,harshil,111111111111111111111111111111111111111111@1111111111111111111111111111a1111111111111111111a111111111
3545,harshil,111
3546,harshil,111111111111111111111111111111111111111111@1111111111111111111111111111a1111111111111111111a111111111
3547,harshil,1
3548,harshil,1
3549,harshil,1
3550,harshil,111111111111111111111111111111111111111111@1111111111111111111111111111a1111111111111111111a111111111
3551,harshil,111
3552,harshil,111111111111111111111111111111111111111111@1111111111111111111111111111a1111111111111111111a111111111
3553,harshil,1
3554,harshil,1
3555,harshil,1
3556,harshil,111111111111111111111111111111111111111111@1111111111111111111111111111a1111111111111111111a111111111
3557,harshil,111
3558,harshil,111111111111111111111111111111111111111111@1111111111111111111111111111a1111111111111111111a111111111
3559,harshil,1
3560,harshil,1
3561,harshil,1
3562,harshil,111111111111111111111111111111111111111111@1111111111111111111111111111a1111111111111111111a111111111
3563,harshil,111
3564,harshil,111111111111111111111111111111111111111111@1111111111111111111111111111a1111111111111111111a111111111
3565,harshil,1
3566,harshil,1
3567,harshil,1
3568,harshil,111111111111111111111111111111111111111111@1111111111111111111111111111a1111111111111111111a111111111
3569,harshil,111
3570,harshil,111111111111111111111111111111111111111111@1111111111111111111111111111a1111111111111111111a111111111
3571,harshil,1
3572,harshil,1
3573,harshil,1
3574,harshil,111111111111111111111111111111111111111111@1111111111111111111111111111a1111111111111111111a111111111
3575,harshil,111
3576,harshil,111111111111111111111111111111111111111111@1111111111111111111111111111a1111111111111111111a111111111
3577,harshil,1
3578,harshil,1
3579,harshil,1
3580,harshil,111111111111111111111111111111111111111111@1111111111111111111111111111a1111111111111111111a111111111
3581,harshil,111
3582,harshil,111111111111111111111111111111111111111111@1111111111111111111111111111a1111111111111111111a111111111
3583,harshil,1
3584,harshil,1
3585,harshil,1
3586,harshil,111111111111111111111111111111111111111111@1111111111111111111111111111a1111111111111111111a111111111
3587,harshil,111
3588,harshil,111111111111111111111111111111111111111111@1111111111111111111111111111a1111111111111111111a111111111
3589,harshil,1
3590,harshil,1
3591,harshil,1
3592,harshil,111111111111111111111111111111111111111111@1111111111111111111111111111a1111111111111111111a111111111
3593,harshil,111
3594,harshil,111111111111111111111111111111111111111111@1111111111111111111111111111a1111111111111111111a111111111
3595,harshil,1
3596,harshil,1
3597,harshil,1
3598,harshil,111111111111111111111111111111111111111111@1111111111111111111111111111a1111111111111111111a111111111
3599,harshil,111
3600,harshil,111111111111111111111111111111111111111111@1111111111111111111111111111a1111111111111111111a111111111
3601,harshil,1
3602,harshil,1
3603,harshil,1
3604,harshil,111111111111111111111111111111111111111111@1111111111111111111111111111a1111111111111111111a111111111
3605,harshil,111
3606,harshil,111111111111111111111111111111111111111111@1111111111111111111111111111a1111111111111111111a111111111
3607,harshil,1
3608,harshil,1
3609,harshil,1
3610,harshil,111111111111111111111111111111111111111111@1111111111111111111111111111a1111111111111111111a111111111
3611,harshil,111
3612,harshil,111111111111111111111111111111111111111111@1111111111111111111111111111a1111111111111111111a111111111
3613,harshil,1
3614,harshil,1
3615,harshil,1
3616,harshil,111111111111111111111111111111111111111111@1111111111111111111111111111a1111111111111111111a111111111
3617,harshil,111
3618,harshil,111111111111111111111111111111111111111111@1111111111111111111111111111a1111111111111111111a111111111
3619,harshil,1
3620,harshil,1
3621,harshil,1
3622,harshil,111111111111111111111111111111111111111111@1111111111111111111111111111a1111111111111111111a111111111
3623,harshil,111
3624,harshil,111111111111111111111111111111111111111111@1111111111111111111111111111a1111111111111111111a111111111
3625,harshil,1
3626,harshil,1
3627,harshil,1
3628,harshil,111111111111111111111111111111111111111111@1111111111111111111111111111a1111111111111111111a111111111
3629,harshil,111
3630,harshil,111111111111111111111111111111111111111111@1111111111111111111111111111a1111111111111111111a111111111
3631,harshil,1
3632,harshil,1
3633,harshil,1
3634,harshil,111111111111111111111111111111111111111111@1111111111111111111111111111a1111111111111111111a111111111
3635,harshil,111
3636,harshil,111111111111111111111111111111111111111111@1111111111111111111111111111a1111111111111111111a111111111
3637,harshil,1
3638,harshil,1
3639,harshil,1
3640,harshil,111111111111111111111111111111111111111111@1111111111111111111111111111a1111111111111111111a111111111
3641,harshil,111
3642,harshil,111111111111111111111111111111111111111111@1111111111111111111111111111a1111111111111111111a111111111
3643,harshil,1
3644,harshil,1
3645,harshil,1
3646,harshil,111111111111111111111111111111111111111111@1111111111111111111111111111a1111111111111111111a111111111
3647,harshil,111
3648,harshil,111111111111111111111111111111111111111111@1111111111111111111111111111a1111111111111111111a111111111
3649,harshil,1
3650,harshil,1
3651,harshil,1
3652,harshil,111111111111111111111111111111111111111111@1111111111111111111111111111a1111111111111111111a111111111
3653,harshil,111
3654,harshil,111111111111111111111111111111111111111111@1111111111111111111111111111a1111111111111111111a111111111
3655,harshil,1
3656,harshil,1
3657,harshil,1
3658,harshil,111111111111111111111111111111111111111111@1111111111111111111111111111a1111111111111111111a111111111
3659,harshil,111
3660,harshil,111111111111111111111111111111111111111111@1111111111111111111111111111a1111111111111111111a111111111
3661,harshil,1
3662,harshil,1
3663,harshil,1
3664,harshil,111111111111111111111111111111111111111111@1111111111111111111111111111a1111111111111111111a111111111
3665,harshil,111
3666,harshil,111111111111111111111111111111111111111111@1111111111111111111111111111a1111111111111111111a111111111
3667,harshil,1
3668,harshil,1
3669,harshil,1
3670,harshil,111111111111111111111111111111111111111111@1111111111111111111111111111a1111111111111111111a111111111
3671,harshil,111
3672,harshil,111111111111111111111111111111111111111111@1111111111111111111111111111a1111111111111111111a111111111
3673,harshil,1
3674,harshil,1
3675,harshil,1
3676,harshil,111111111111111111111111111111111111111111@1111111111111111111111111111a1111111111111111111a111111111
3677,harshil,111
3678,harshil,111111111111111111111111111111111111111111@1111111111111111111111111111a1111111111111111111a111111111
3679,harshil,1
3680,harshil,1
3681,harshil,1
3682,harshil,111111111111111111111111111111111111111111@1111111111111111111111111111a1111111111111111111a111111111
3683,harshil,111
3684,harshil,111111111111111111111111111111111111111111@1111111111111111111111111111a1111111111111111111a111111111
3685,harshil,1
3686,harshil,1
3687,harshil,1
3688,harshil,111111111111111111111111111111111111111111@1111111111111111111111111111a1111111111111111111a111111111
3689,harshil,111
3690,harshil,111111111111111111111111111111111111111111@1111111111111111111111111111a1111111111111111111a111111111
3691,harshil,1
3692,harshil,1
3693,harshil,1
3694,harshil,111111111111111111111111111111111111111111@1111111111111111111111111111a1111111111111111111a111111111
3695,harshil,111
3696,harshil,111111111111111111111111111111111111111111@1111111111111111111111111111a1111111111111111111a111111111
3697,harshil,1
3698,harshil,1
3699,harshil,1
3700,harshil,111111111111111111111111111111111111111111@1111111111111111111111111111a1111111111111111111a111111111
3701,harshil,111
3702,harshil,111111111111111111111111111111111111111111@1111111111111111111111111111a1111111111111111111a111111111
3703,harshil,1
3704,harshil,1
3705,harshil,1
3706,harshil,111111111111111111111111111111111111111111@1111111111111111111111111111a1111111111111111111a111111111
3707,harshil,111
3708,harshil,111111111111111111111111111111111111111111@1111111111111111111111111111a1111111111111111111a111111111
3709,harshil,1
3710,harshil,1
3711,harshil,1
3712,harshil,111111111111111111111111111111111111111111@1111111111111111111111111111a1111111111111111111a111111111
3713,harshil,111
3714,harshil,111111111111111111111111111111111111111111@1111111111111111111111111111a1111111111111111111a111111111
3715,harshil,1
3716,harshil,1
3717,harshil,1
3718,harshil,111111111111111111111111111111111111111111@1111111111111111111111111111a1111111111111111111a111111111
3719,harshil,111
3720,harshil,111111111111111111111111111111111111111111@1111111111111111111111111111a1111111111111111111a111111111
3721,harshil,1
3722,harshil,1
3723,harshil,1
3724,harshil,111111111111111111111111111111111111111111@1111111111111111111111111111a1111111111111111111a111111111
3725,harshil,111
3726,harshil,111111111111111111111111111111111111111111@1111111111111111111111111111a1111111111111111111a111111111
3727,harshil,1
3728,harshil,1
3729,harshil,1
3730,harshil,111111111111111111111111111111111111111111@1111111111111111111111111111a1111111111111111111a111111111
3731,harshil,111
3732,harshil,111111111111111111111111111111111111111111@1111111111111111111111111111a1111111111111111111a111111111
3733,harshil,1
3734,harshil,1
3735,harshil,1
3736,harshil,111111111111111111111111111111111111111111@1111111111111111111111111111a1111111111111111111a111111111
3737,harshil,111
3738,harshil,111111111111111111111111111111111111111111@1111111111111111111111111111a1111111111111111111a111111111
3739,harshil,1
3740,harshil,1
3741,harshil,1
3742,harshil,111111111111111111111111111111111111111111@1111111111111111111111111111a1111111111111111111a111111111
3743,harshil,111
3744,harshil,111111111111111111111111111111111111111111@1111111111111111111111111111a1111111111111111111a111111111
3745,harshil,1
3746,harshil,1
3747,harshil,1
3748,harshil,111111111111111111111111111111111111111111@1111111111111111111111111111a1111111111111111111a111111111
3749,harshil,111
3750,harshil,111111111111111111111111111111111111111111@1111111111111111111111111111a1111111111111111111a111111111
3751,harshil,1
3752,harshil,1
3753,harshil,1
3754,harshil,111111111111111111111111111111111111111111@1111111111111111111111111111a1111111111111111111a111111111
3755,harshil,111
3756,harshil,111111111111111111111111111111111111111111@1111111111111111111111111111a1111111111111111111a111111111
3757,harshil,1
3758,harshil,1
3759,harshil,1
3760,harshil,111111111111111111111111111111111111111111@1111111111111111111111111111a1111111111111111111a111111111
3761,harshil,111
3762,harshil,111111111111111111111111111111111111111111@1111111111111111111111111111a1111111111111111111a111111111
3763,harshil,1
3764,harshil,1
3765,harshil,1
3766,harshil,111111111111111111111111111111111111111111@1111111111111111111111111111a1111111111111111111a111111111
3767,harshil,111
3768,harshil,111111111111111111111111111111111111111111@1111111111111111111111111111a1111111111111111111a111111111
3769,harshil,1
3770,harshil,1
3771,harshil,1
3772,harshil,111111111111111111111111111111111111111111@1111111111111111111111111111a1111111111111111111a111111111
3773,harshil,111
3774,harshil,111111111111111111111111111111111111111111@1111111111111111111111111111a1111111111111111111a111111111
3775,harshil,1
3776,harshil,1
3777,harshil,1
3778,harshil,111111111111111111111111111111111111111111@1111111111111111111111111111a1111111111111111111a111111111
3779,harshil,111
3780,harshil,111111111111111111111111111111111111111111@1111111111111111111111111111a1111111111111111111a111111111
3781,harshil,1
3782,harshil,1
3783,harshil,1
3784,harshil,111111111111111111111111111111111111111111@1111111111111111111111111111a1111111111111111111a111111111
3785,harshil,111
3786,harshil,111111111111111111111111111111111111111111@1111111111111111111111111111a1111111111111111111a111111111
3787,harshil,1
3788,harshil,1
3789,harshil,1
3790,harshil,111111111111111111111111111111111111111111@1111111111111111111111111111a1111111111111111111a111111111
3791,harshil,111
3792,harshil,111111111111111111111111111111111111111111@1111111111111111111111111111a1111111111111111111a111111111
3793,harshil,1
3794,harshil,1
3795,harshil,1
3796,harshil,111111111111111111111111111111111111111111@1111111111111111111111111111a1111111111111111111a111111111
3797,harshil,111
3798,harshil,111111111111111111111111111111111111111111@1111111111111111111111111111a1111111111111111111a111111111
3799,harshil,1
3800,harshil,1
3801,harshil,1
3802,harshil,111111111111111111111111111111111111111111@1111111111111111111111111111a1111111111111111111a111111111
3803,harshil,111
3804,harshil,111111111111111111111111111111111111111111@1111111111111111111111111111a1111111111111111111a111111111
3805,harshil,1
3806,harshil,1
3807,harshil,1
3808,harshil,111111111111111111111111111111111111111111@1111111111111111111111111111a1111111111111111111a111111111
3809,harshil,111
3810,harshil,111111111111111111111111111111111111111111@1111111111111111111111111111a1111111111111111111a111111111
3811,harshil,1
3812,harshil,1
3813,harshil,1
3814,harshil,111111111111111111111111111111111111111111@1111111111111111111111111111a1111111111111111111a111111111
3815,harshil,111
3816,harshil,111111111111111111111111111111111111111111@1111111111111111111111111111a1111111111111111111a111111111
3817,harshil,1
3818,harshil,1
3819,harshil,1
3820,harshil,111111111111111111111111111111111111111111@1111111111111111111111111111a1111111111111111111a111111111
3821,harshil,111
3822,harshil,111111111111111111111111111111111111111111@1111111111111111111111111111a1111111111111111111a111111111
3823,harshil,1
3824,harshil,1
3825,harshil,1
3826,harshil,111111111111111111111111111111111111111111@1111111111111111111111111111a1111111111111111111a111111111
3827,harshil,111
3828,harshil,111111111111111111111111111111111111111111@1111111111111111111111111111a1111111111111111111a111111111
3829,harshil,1
3830,harshil,1
3831,harshil,1
3832,harshil,111111111111111111111111111111111111111111@1111111111111111111111111111a1111111111111111111a111111111
3833,harshil,111
3834,harshil,111111111111111111111111111111111111111111@1111111111111111111111111111a1111111111111111111a111111111
3835,harshil,1
3836,harshil,1
3837,harshil,1
3838,harshil,111111111111111111111111111111111111111111@1111111111111111111111111111a1111111111111111111a111111111
3839,harshil,111
3840,harshil,111111111111111111111111111111111111111111@1111111111111111111111111111a1111111111111111111a111111111
3841,harshil,1
3842,harshil,1
3843,harshil,1
3844,harshil,111111111111111111111111111111111111111111@1111111111111111111111111111a1111111111111111111a111111111
3845,harshil,111
3846,harshil,111111111111111111111111111111111111111111@1111111111111111111111111111a1111111111111111111a111111111
3847,harshil,1
3848,harshil,1
3849,harshil,1
3850,harshil,111111111111111111111111111111111111111111@1111111111111111111111111111a1111111111111111111a111111111
3851,harshil,111
3852,harshil,111111111111111111111111111111111111111111@1111111111111111111111111111a1111111111111111111a111111111
3853,harshil,1
3854,harshil,1
3855,harshil,1
3856,harshil,111111111111111111111111111111111111111111@1111111111111111111111111111a1111111111111111111a111111111
3857,harshil,111
3858,harshil,111111111111111111111111111111111111111111@1111111111111111111111111111a1111111111111111111a111111111
3859,harshil,1
3860,harshil,1
3861,harshil,1
3862,harshil,111111111111111111111111111111111111111111@1111111111111111111111111111a1111111111111111111a111111111
3863,harshil,111
3864,harshil,111111111111111111111111111111111111111111@1111111111111111111111111111a1111111111111111111a111111111
3865,harshil,1
3866,harshil,1
3867,harshil,1
3868,harshil,111111111111111111111111111111111111111111@1111111111111111111111111111a1111111111111111111a111111111
3869,harshil,111
3870,harshil,111111111111111111111111111111111111111111@1111111111111111111111111111a1111111111111111111a111111111
3871,harshil,1
3872,harshil,1
3873,harshil,1
3874,harshil,111111111111111111111111111111111111111111@1111111111111111111111111111a1111111111111111111a111111111
3875,harshil,111
3876,harshil,111111111111111111111111111111111111111111@1111111111111111111111111111a1111111111111111111a111111111
3877,harshil,1
3878,harshil,1
3879,harshil,1
3880,harshil,111111111111111111111111111111111111111111@1111111111111111111111111111a1111111111111111111a111111111
3881,harshil,111
3882,harshil,111111111111111111111111111111111111111111@1111111111111111111111111111a1111111111111111111a111111111
3883,harshil,1
3884,harshil,1
3885,harshil,1
3886,harshil,111111111111111111111111111111111111111111@1111111111111111111111111111a1111111111111111111a111111111
3887,harshil,111
3888,harshil,111111111111111111111111111111111111111111@1111111111111111111111111111a1111111111111111111a111111111
3889,harshil,1
3890,harshil,1
3891,harshil,1
3892,harshil,111111111111111111111111111111111111111111@1111111111111111111111111111a1111111111111111111a111111111
3893,harshil,111
3894,harshil,111111111111111111111111111111111111111111@1111111111111111111111111111a1111111111111111111a111111111
3895,harshil,1
3896,harshil,1
3897,harshil,1
3898,harshil,111111111111111111111111111111111111111111@1111111111111111111111111111a1111111111111111111a111111111
3899,harshil,111
3900,harshil,111111111111111111111111111111111111111111@1111111111111111111111111111a1111111111111111111a111111111
3901,harshil,1
3902,harshil,1
3903,harshil,1
3904,harshil,111111111111111111111111111111111111111111@1111111111111111111111111111a1111111111111111111a111111111
3905,harshil,111
3906,harshil,111111111111111111111111111111111111111111@1111111111111111111111111111a1111111111111111111a111111111
3907,harshil,1
3908,harshil,1
3909,harshil,1
3910,harshil,111111111111111111111111111111111111111111@1111111111111111111111111111a1111111111111111111a111111111
3911,harshil,111
3912,harshil,111111111111111111111111111111111111111111@1111111111111111111111111111a1111111111111111111a111111111
3913,harshil,1
3914,harshil,1
3915,harshil,1
3916,harshil,111111111111111111111111111111111111111111@1111111111111111111111111111a1111111111111111111a111111111
3917,harshil,111
3918,harshil,111111111111111111111111111111111111111111@1111111111111111111111111111a1111111111111111111a111111111
3919,harshil,1
3920,harshil,1
3921,harshil,1
3922,harshil,111111111111111111111111111111111111111111@1111111111111111111111111111a1111111111111111111a111111111
3923,harshil,111
3924,harshil,111111111111111111111111111111111111111111@1111111111111111111111111111a1111111111111111111a111111111
3925,harshil,1
3926,harshil,1
3927,harshil,1
3928,harshil,111111111111111111111111111111111111111111@1111111111111111111111111111a1111111111111111111a111111111
3929,harshil,111
3930,harshil,111111111111111111111111111111111111111111@1111111111111111111111111111a1111111111111111111a111111111
3931,harshil,1
3932,harshil,1
3933,harshil,1
3934,harshil,111111111111111111111111111111111111111111@1111111111111111111111111111a1111111111111111111a111111111
3935,harshil,111
3936,harshil,111111111111111111111111111111111111111111@1111111111111111111111111111a1111111111111111111a111111111
3937,harshil,1
3938,harshil,1
3939,harshil,1
3940,harshil,111111111111111111111111111111111111111111@1111111111111111111111111111a1111111111111111111a111111111
3941,harshil,111
3942,harshil,111111111111111111111111111111111111111111@1111111111111111111111111111a1111111111111111111a111111111
3943,harshil,1
3944,harshil,1
3945,harshil,1
3946,harshil,111111111111111111111111111111111111111111@1111111111111111111111111111a1111111111111111111a111111111
3947,harshil,111
3948,harshil,111111111111111111111111111111111111111111@1111111111111111111111111111a1111111111111111111a111111111
3949,harshil,1
3950,harshil,1
3951,harshil,1
3952,harshil,111111111111111111111111111111111111111111@1111111111111111111111111111a1111111111111111111a111111111
3953,harshil,111
3954,harshil,111111111111111111111111111111111111111111@1111111111111111111111111111a1111111111111111111a111111111
3955,harshil,1
3956,harshil,1
3957,harshil,1
3958,harshil,111111111111111111111111111111111111111111@1111111111111111111111111111a1111111111111111111a111111111
3959,harshil,111
3960,harshil,111111111111111111111111111111111111111111@1111111111111111111111111111a1111111111111111111a111111111
3961,harshil,1
3962,harshil,1
3963,harshil,1
3964,harshil,111111111111111111111111111111111111111111@1111111111111111111111111111a1111111111111111111a111111111
3965,harshil,111
3966,harshil,111111111111111111111111111111111111111111@1111111111111111111111111111a1111111111111111111a111111111
3967,harshil,1
3968,harshil,1
3969,harshil,1
3970,harshil,111111111111111111111111111111111111111111@1111111111111111111111111111a1111111111111111111a111111111
3971,harshil,111
3972,harshil,111111111111111111111111111111111111111111@1111111111111111111111111111a1111111111111111111a111111111
3973,harshil,1
3974,harshil,1
3975,harshil,1
3976,harshil,111111111111111111111111111111111111111111@1111111111111111111111111111a1111111111111111111a111111111
3977,harshil,111
3978,harshil,111111111111111111111111111111111111111111@1111111111111111111111111111a1111111111111111111a111111111
3979,harshil,1
3980,harshil,1
3981,harshil,1
3982,harshil,111111111111111111111111111111111111111111@1111111111111111111111111111a1111111111111111111a111111111
3983,harshil,111
3984,harshil,111111111111111111111111111111111111111111@1111111111111111111111111111a1111111111111111111a111111111
3985,harshil,1
3986,harshil,1
3987,harshil,1
3988,harshil,111111111111111111111111111111111111111111@1111111111111111111111111111a1111111111111111111a111111111
3989,harshil,111
3990,harshil,111111111111111111111111111111111111111111@1111111111111111111111111111a1111111111111111111a111111111
3991,harshil,1
3992,harshil,1
3993,harshil,1
3994,harshil,111111111111111111111111111111111111111111@1111111111111111111111111111a1111111111111111111a111111111
3995,harshil,111
3996,harshil,111111111111111111111111111111111111111111@1111111111111111111111111111a1111111111111111111a111111111
3997,harshil,1
3998,harshil,1
3999,harshil,1
4000,harshil,111111111111111111111111111111111111111111@1111111111111111111111111111a1111111111111111111a111111111
4001,harshil,111
4002,harshil,111111111111111111111111111111111111111111@1111111111111111111111111111a1111111111111111111a111111111
4003,harshil,1
4004,harshil,1
4005,harshil,1
4006,harshil,111111111111111111111111111111111111111111@1111111111111111111111111111a1111111111111111111a111111111
4007,harshil,111
4008,harshil,111111111111111111111111111111111111111111@1111111111111111111111111111a1111111111111111111a111111111
4009,harshil,1
4010,harshil,1
4011,harshil,1
4012,harshil,111111111111111111111111111111111111111111@1111111111111111111111111111a1111111111111111111a111111111
4013,harshil,111
4014,harshil,111111111111111111111111111111111111111111@1111111111111111111111111111a1111111111111111111a111111111
4015,harshil,1
4016,harshil,1
4017,harshil,1
4018,harshil,111111111111111111111111111111111111111111@1111111111111111111111111111a1111111111111111111a111111111
4019,harshil,111
4020,harshil,111111111111111111111111111111111111111111@1111111111111111111111111111a1111111111111111111a111111111
4021,harshil,1
4022,harshil,1
4023,harshil,1
4024,harshil,111111111111111111111111111111111111111111@1111111111111111111111111111a1111111111111111111a111111111
4025,harshil,111
4026,harshil,111111111111111111111111111111111111111111@1111111111111111111111111111a1111111111111111111a111111111
4027,harshil,1
4028,harshil,1
4029,harshil,1
4030,harshil,111111111111111111111111111111111111111111@1111111111111111111111111111a1111111111111111111a111111111
4031,harshil,111
4032,harshil,111111111111111111111111111111111111111111@1111111111111111111111111111a1111111111111111111a111111111
4033,harshil,1
4034,harshil,1
4035,harshil,1
4036,harshil,111111111111111111111111111111111111111111@1111111111111111111111111111a1111111111111111111a111111111
4037,harshil,111
4038,harshil,111111111111111111111111111111111111111111@1111111111111111111111111111a1111111111111111111a111111111
4039,harshil,1
4040,harshil,1
4041,harshil,1
4042,harshil,111111111111111111111111111111111111111111@1111111111111111111111111111a1111111111111111111a111111111
4043,harshil,111
4044,harshil,111111111111111111111111111111111111111111@1111111111111111111111111111a1111111111111111111a111111111
4045,harshil,1
4046,harshil,1
4047,harshil,1
4048,harshil,111111111111111111111111111111111111111111@1111111111111111111111111111a1111111111111111111a111111111
4049,harshil,111
4050,harshil,111111111111111111111111111111111111111111@1111111111111111111111111111a1111111111111111111a111111111
4051,harshil,1
4052,harshil,1
4053,harshil,1
4054,harshil,111111111111111111111111111111111111111111@1111111111111111111111111111a1111111111111111111a111111111
4055,harshil,111
4056,harshil,111111111111111111111111111111111111111111@1111111111111111111111111111a1111111111111111111a111111111
4057,harshil,1
4058,harshil,1
4059,harshil,1
4060,harshil,111111111111111111111111111111111111111111@1111111111111111111111111111a1111111111111111111a111111111
4061,harshil,111
4062,harshil,111111111111111111111111111111111111111111@1111111111111111111111111111a1111111111111111111a111111111
4063,harshil,1
4064,harshil,1
4065,harshil,1
4066,harshil,111111111111111111111111111111111111111111@1111111111111111111111111111a1111111111111111111a111111111
4067,harshil,111
4068,harshil,111111111111111111111111111111111111111111@1111111111111111111111111111a1111111111111111111a111111111
4069,harshil,1
4070,harshil,1
4071,harshil,1
4072,harshil,111111111111111111111111111111111111111111@1111111111111111111111111111a1111111111111111111a111111111
4073,harshil,111
4074,harshil,111111111111111111111111111111111111111111@1111111111111111111111111111a1111111111111111111a111111111
4075,harshil,1
4076,harshil,1
4077,harshil,1
4078,harshil,111111111111111111111111111111111111111111@1111111111111111111111111111a1111111111111111111a111111111
4079,harshil,111
4080,harshil,111111111111111111111111111111111111111111@1111111111111111111111111111a1111111111111111111a111111111
4081,harshil,1
4082,harshil,1
4083,harshil,1
4084,harshil,111111111111111111111111111111111111111111@1111111111111111111111111111a1111111111111111111a111111111
4085,harshil,111
4086,harshil,111111111111111111111111111111111111111111@1111111111111111111111111111a1111111111111111111a111111111
4087,harshil,1
4088,harshil,1
4089,harshil,1
4090,harshil,111111111111111111111111111111111111111111@1111111111111111111111111111a1111111111111111111a111111111
4091,harshil,111
4092,harshil,111111111111111111111111111111111111111111@1111111111111111111111111111a1111111111111111111a111111111
4093,harshil,1
4094,harshil,1
4095,harshil,1
4096,harshil,111111111111111111111111111111111111111111@1111111111111111111111111111a1111111111111111111a111111111
4097,harshil,111
4098,harshil,111111111111111111111111111111111111111111@1111111111111111111111111111a1111111111111111111a111111111
4099,harshil,1
4100,harshil,1
4101,harshil,1
4102,harshil,111111111111111111111111111111111111111111@1111111111111111111111111111a1111111111111111111a111111111
4103,harshil,111
4104,harshil,111111111111111111111111111111111111111111@1111111111111111111111111111a1111111111111111111a111111111
4105,harshil,1
4106,harshil,1
4107,harshil,1
4108,harshil,111111111111111111111111111111111111111111@1111111111111111111111111111a1111111111111111111a111111111
4109,harshil,111
4110,harshil,111111111111111111111111111111111111111111@1111111111111111111111111111a1111111111111111111a111111111
4111,harshil,1
4112,harshil,1
4113,harshil,1
4114,harshil,111111111111111111111111111111111111111111@1111111111111111111111111111a1111111111111111111a111111111
4115,harshil,111
4116,harshil,111111111111111111111111111111111111111111@1111111111111111111111111111a1111111111111111111a111111111
4117,harshil,1
4118,harshil,1
4119,harshil,1
4120,harshil,111111111111111111111111111111111111111111@1111111111111111111111111111a1111111111111111111a111111111
4121,harshil,111
4122,harshil,111111111111111111111111111111111111111111@1111111111111111111111111111a1111111111111111111a111111111
4123,harshil,1
4124,harshil,1
4125,harshil,1
4126,harshil,111111111111111111111111111111111111111111@1111111111111111111111111111a1111111111111111111a111111111
4127,harshil,111
4128,harshil,111111111111111111111111111111111111111111@1111111111111111111111111111a1111111111111111111a111111111
4129,harshil,1
4130,harshil,1
4131,harshil,1
4132,harshil,111111111111111111111111111111111111111111@1111111111111111111111111111a1111111111111111111a111111111
4133,harshil,111
4134,harshil,111111111111111111111111111111111111111111@1111111111111111111111111111a1111111111111111111a111111111
4135,harshil,1
4136,harshil,1
4137,harshil,1
4138,harshil,111111111111111111111111111111111111111111@1111111111111111111111111111a1111111111111111111a111111111
4139,harshil,111
4140,harshil,111111111111111111111111111111111111111111@1111111111111111111111111111a1111111111111111111a111111111
4141,harshil,1
4142,harshil,1
4143,harshil,1
4144,harshil,111111111111111111111111111111111111111111@1111111111111111111111111111a1111111111111111111a111111111
4145,harshil,111
4146,harshil,111111111111111111111111111111111111111111@1111111111111111111111111111a1111111111111111111a111111111
4147,harshil,1
4148,harshil,1
4149,harshil,1
4150,harshil,111111111111111111111111111111111111111111@1111111111111111111111111111a1111111111111111111a111111111
4151,harshil,111
4152,harshil,111111111111111111111111111111111111111111@1111111111111111111111111111a1111111111111111111a111111111
4153,harshil,1
4154,harshil,1
4155,harshil,1
4156,harshil,111111111111111111111111111111111111111111@1111111111111111111111111111a1111111111111111111a111111111
4157,harshil,111
4158,harshil,111111111111111111111111111111111111111111@1111111111111111111111111111a1111111111111111111a111111111
4159,harshil,1
4160,harshil,1
4161,harshil,1
4162,harshil,111111111111111111111111111111111111111111@1111111111111111111111111111a1111111111111111111a111111111
4163,harshil,111
4164,harshil,111111111111111111111111111111111111111111@1111111111111111111111111111a1111111111111111111a111111111
4165,harshil,1
4166,harshil,1
4167,harshil,1
4168,harshil,111111111111111111111111111111111111111111@1111111111111111111111111111a1111111111111111111a111111111
4169,harshil,111
4170,harshil,111111111111111111111111111111111111111111@1111111111111111111111111111a1111111111111111111a111111111
4171,harshil,1
4172,harshil,1
4173,harshil,1
4174,harshil,111111111111111111111111111111111111111111@1111111111111111111111111111a1111111111111111111a111111111
4175,harshil,111
4176,harshil,111111111111111111111111111111111111111111@1111111111111111111111111111a1111111111111111111a111111111
4177,harshil,1
4178,harshil,1
4179,harshil,1
4180,harshil,111111111111111111111111111111111111111111@1111111111111111111111111111a1111111111111111111a111111111
4181,harshil,111
4182,harshil,111111111111111111111111111111111111111111@1111111111111111111111111111a1111111111111111111a111111111
4183,harshil,1
4184,harshil,1
4185,harshil,1
4186,harshil,111111111111111111111111111111111111111111@1111111111111111111111111111a1111111111111111111a111111111
4187,harshil,111
4188,harshil,111111111111111111111111111111111111111111@1111111111111111111111111111a1111111111111111111a111111111
4189,harshil,1
4190,harshil,1
4191,harshil,1
4192,harshil,111111111111111111111111111111111111111111@1111111111111111111111111111a1111111111111111111a111111111
4193,harshil,111
4194,harshil,111111111111111111111111111111111111111111@1111111111111111111111111111a1111111111111111111a111111111
4195,harshil,1
4196,harshil,1
4197,harshil,1
4198,harshil,111111111111111111111111111111111111111111@1111111111111111111111111111a1111111111111111111a111111111
4199,harshil,111
4200,harshil,111111111111111111111111111111111111111111@1111111111111111111111111111a1111111111111111111a111111111
4201,harshil,1
4202,harshil,1
4203,harshil,1
4204,harshil,111111111111111111111111111111111111111111@1111111111111111111111111111a1111111111111111111a111111111
4205,harshil,111
4206,harshil,111111111111111111111111111111111111111111@1111111111111111111111111111a1111111111111111111a111111111
4207,harshil,1
4208,harshil,1
4209,harshil,1
4210,harshil,111111111111111111111111111111111111111111@1111111111111111111111111111a1111111111111111111a111111111
4211,harshil,111
4212,harshil,111111111111111111111111111111111111111111@1111111111111111111111111111a1111111111111111111a111111111
4213,harshil,1
4214,harshil,1
4215,harshil,1
4216,harshil,111111111111111111111111111111111111111111@1111111111111111111111111111a1111111111111111111a111111111
4217,harshil,111
4218,harshil,111111111111111111111111111111111111111111@1111111111111111111111111111a1111111111111111111a111111111
4219,harshil,1
4220,harshil,1
4221,harshil,1
4222,harshil,111111111111111111111111111111111111111111@1111111111111111111111111111a1111111111111111111a111111111
4223,harshil,111
4224,harshil,111111111111111111111111111111111111111111@1111111111111111111111111111a1111111111111111111a111111111
4225,harshil,1
4226,harshil,1
4227,harshil,1
4228,harshil,111111111111111111111111111111111111111111@1111111111111111111111111111a1111111111111111111a111111111
4229,harshil,111
4230,harshil,111111111111111111111111111111111111111111@1111111111111111111111111111a1111111111111111111a111111111
4231,harshil,1
4232,harshil,1
4233,harshil,1
4234,harshil,111111111111111111111111111111111111111111@1111111111111111111111111111a1111111111111111111a111111111
4235,harshil,111
4236,harshil,111111111111111111111111111111111111111111@1111111111111111111111111111a1111111111111111111a111111111
4237,harshil,1
4238,harshil,1
4239,harshil,1
4240,harshil,111111111111111111111111111111111111111111@1111111111111111111111111111a1111111111111111111a111111111
4241,harshil,111
4242,harshil,111111111111111111111111111111111111111111@1111111111111111111111111111a1111111111111111111a111111111
4243,harshil,1
4244,harshil,1
4245,harshil,1
4246,harshil,111111111111111111111111111111111111111111@1111111111111111111111111111a1111111111111111111a111111111
4247,harshil,111
4248,harshil,111111111111111111111111111111111111111111@1111111111111111111111111111a1111111111111111111a111111111
4249,harshil,1
4250,harshil,1
4251,harshil,1
4252,harshil,111111111111111111111111111111111111111111@1111111111111111111111111111a1111111111111111111a111111111
4253,harshil,111
4254,harshil,111111111111111111111111111111111111111111@1111111111111111111111111111a1111111111111111111a111111111
4255,harshil,1
4256,harshil,1
4257,harshil,1
4258,harshil,111111111111111111111111111111111111111111@1111111111111111111111111111a1111111111111111111a111111111
4259,harshil,111
4260,harshil,111111111111111111111111111111111111111111@1111111111111111111111111111a1111111111111111111a111111111
4261,harshil,1
4262,harshil,1
4263,harshil,1
4264,harshil,111111111111111111111111111111111111111111@1111111111111111111111111111a1111111111111111111a111111111
4265,harshil,111
4266,harshil,111111111111111111111111111111111111111111@1111111111111111111111111111a1111111111111111111a111111111
4267,harshil,1
4268,harshil,1
4269,harshil,1
4270,harshil,111111111111111111111111111111111111111111@1111111111111111111111111111a1111111111111111111a111111111
4271,harshil,111
4272,harshil,111111111111111111111111111111111111111111@1111111111111111111111111111a1111111111111111111a111111111
4273,harshil,1
4274,harshil,1
4275,harshil,1
4276,harshil,111111111111111111111111111111111111111111@1111111111111111111111111111a1111111111111111111a111111111
4277,harshil,111
4278,harshil,111111111111111111111111111111111111111111@1111111111111111111111111111a1111111111111111111a111111111
4279,harshil,1
4280,harshil,1
4281,harshil,1
4282,harshil,111111111111111111111111111111111111111111@1111111111111111111111111111a1111111111111111111a111111111
4283,harshil,111
4284,harshil,111111111111111111111111111111111111111111@1111111111111111111111111111a1111111111111111111a111111111
4285,harshil,1
4286,harshil,1
4287,harshil,1
4288,harshil,111111111111111111111111111111111111111111@1111111111111111111111111111a1111111111111111111a111111111
4289,harshil,111
4290,harshil,111111111111111111111111111111111111111111@1111111111111111111111111111a1111111111111111111a111111111
4291,harshil,1
4292,harshil,1
4293,harshil,1
4294,harshil,111111111111111111111111111111111111111111@1111111111111111111111111111a1111111111111111111a111111111
4295,harshil,111
4296,harshil,111111111111111111111111111111111111111111@1111111111111111111111111111a1111111111111111111a111111111
4297,harshil,1
4298,harshil,1
4299,harshil,1
4300,harshil,111111111111111111111111111111111111111111@1111111111111111111111111111a1111111111111111111a111111111
4301,harshil,111
4302,harshil,111111111111111111111111111111111111111111@1111111111111111111111111111a1111111111111111111a111111111
4303,harshil,1
4304,harshil,1
4305,harshil,1
4306,harshil,111111111111111111111111111111111111111111@1111111111111111111111111111a1111111111111111111a111111111
4307,harshil,111
4308,harshil,111111111111111111111111111111111111111111@1111111111111111111111111111a1111111111111111111a111111111
4309,harshil,1
4310,harshil,1
4311,harshil,1
4312,harshil,111111111111111111111111111111111111111111@1111111111111111111111111111a1111111111111111111a111111111
4313,harshil,111
4314,harshil,111111111111111111111111111111111111111111@1111111111111111111111111111a1111111111111111111a111111111
4315,harshil,1
4316,harshil,1
4317,harshil,1
4318,harshil,111111111111111111111111111111111111111111@1111111111111111111111111111a1111111111111111111a111111111
4319,harshil,111
4320,harshil,111111111111111111111111111111111111111111@1111111111111111111111111111a1111111111111111111a111111111
4321,harshil,1
4322,harshil,1
4323,harshil,1
4324,harshil,111111111111111111111111111111111111111111@1111111111111111111111111111a1111111111111111111a111111111
4325,harshil,111
4326,harshil,111111111111111111111111111111111111111111@1111111111111111111111111111a1111111111111111111a111111111
4327,harshil,1
4328,harshil,1
4329,harshil,1
4330,harshil,111111111111111111111111111111111111111111@1111111111111111111111111111a1111111111111111111a111111111
4331,harshil,111
4332,harshil,111111111111111111111111111111111111111111@1111111111111111111111111111a1111111111111111111a111111111
4333,harshil,1
4334,harshil,1
4335,harshil,1
4336,harshil,111111111111111111111111111111111111111111@1111111111111111111111111111a1111111111111111111a111111111
4337,harshil,111
4338,harshil,111111111111111111111111111111111111111111@1111111111111111111111111111a1111111111111111111a111111111
4339,harshil,1
4340,harshil,1
4341,harshil,1
4342,harshil,111111111111111111111111111111111111111111@1111111111111111111111111111a1111111111111111111a111111111
4343,harshil,111
4344,harshil,111111111111111111111111111111111111111111@1111111111111111111111111111a1111111111111111111a111111111
4345,harshil,1
4346,harshil,1
4347,harshil,1
4348,harshil,111111111111111111111111111111111111111111@1111111111111111111111111111a1111111111111111111a111111111
4349,harshil,111
4350,harshil,111111111111111111111111111111111111111111@1111111111111111111111111111a1111111111111111111a111111111
4351,harshil,1
4352,harshil,1
4353,harshil,1
4354,harshil,111111111111111111111111111111111111111111@1111111111111111111111111111a1111111111111111111a111111111
4355,harshil,111
4356,harshil,111111111111111111111111111111111111111111@1111111111111111111111111111a1111111111111111111a111111111
4357,harshil,1
4358,harshil,1
4359,harshil,1
4360,harshil,111111111111111111111111111111111111111111@1111111111111111111111111111a1111111111111111111a111111111
4361,harshil,111
4362,harshil,111111111111111111111111111111111111111111@1111111111111111111111111111a1111111111111111111a111111111
4363,harshil,1
4364,harshil,1
4365,harshil,1
4366,harshil,111111111111111111111111111111111111111111@1111111111111111111111111111a1111111111111111111a111111111
4367,harshil,111
4368,harshil,111111111111111111111111111111111111111111@1111111111111111111111111111a1111111111111111111a111111111
4369,harshil,1
4370,harshil,1
4371,harshil,1
4372,harshil,111111111111111111111111111111111111111111@1111111111111111111111111111a1111111111111111111a111111111
4373,harshil,111
4374,harshil,111111111111111111111111111111111111111111@1111111111111111111111111111a1111111111111111111a111111111
4375,harshil,1
4376,harshil,1
4377,harshil,1
4378,harshil,111111111111111111111111111111111111111111@1111111111111111111111111111a1111111111111111111a111111111
4379,harshil,111
4380,harshil,111111111111111111111111111111111111111111@1111111111111111111111111111a1111111111111111111a111111111
4381,harshil,1
4382,harshil,1
4383,harshil,1
4384,harshil,111111111111111111111111111111111111111111@1111111111111111111111111111a1111111111111111111a111111111
4385,harshil,111
4386,harshil,111111111111111111111111111111111111111111@1111111111111111111111111111a1111111111111111111a111111111
4387,harshil,1
4388,harshil,1
4389,harshil,1
4390,harshil,111111111111111111111111111111111111111111@1111111111111111111111111111a1111111111111111111a111111111
4391,harshil,111
4392,harshil,111111111111111111111111111111111111111111@1111111111111111111111111111a1111111111111111111a111111111
4393,harshil,1
4394,harshil,1
4395,harshil,1
4396,harshil,111111111111111111111111111111111111111111@1111111111111111111111111111a1111111111111111111a111111111
4397,harshil,111
4398,harshil,111111111111111111111111111111111111111111@1111111111111111111111111111a1111111111111111111a111111111
4399,harshil,1
4400,harshil,1
4401,harshil,1
4402,harshil,111111111111111111111111111111111111111111@1111111111111111111111111111a1111111111111111111a111111111
4403,harshil,111
4404,harshil,111111111111111111111111111111111111111111@1111111111111111111111111111a1111111111111111111a111111111
4405,harshil,1
4406,harshil,1
4407,harshil,1
4408,harshil,111111111111111111111111111111111111111111@1111111111111111111111111111a1111111111111111111a111111111
4409,harshil,111
4410,harshil,111111111111111111111111111111111111111111@1111111111111111111111111111a1111111111111111111a111111111
4411,harshil,1
4412,harshil,1
4413,harshil,1
4414,harshil,111111111111111111111111111111111111111111@1111111111111111111111111111a1111111111111111111a111111111
4415,harshil,111
4416,harshil,111111111111111111111111111111111111111111@1111111111111111111111111111a1111111111111111111a111111111
4417,harshil,1
4418,harshil,1
4419,harshil,1
4420,harshil,111111111111111111111111111111111111111111@1111111111111111111111111111a1111111111111111111a111111111
4421,harshil,111
4422,harshil,111111111111111111111111111111111111111111@1111111111111111111111111111a1111111111111111111a111111111
4423,harshil,1
4424,harshil,1
4425,harshil,1
4426,harshil,111111111111111111111111111111111111111111@1111111111111111111111111111a1111111111111111111a111111111
4427,harshil,111
4428,harshil,111111111111111111111111111111111111111111@1111111111111111111111111111a1111111111111111111a111111111
4429,harshil,1
4430,harshil,1
4431,harshil,1
4432,harshil,111111111111111111111111111111111111111111@1111111111111111111111111111a1111111111111111111a111111111
4433,harshil,111
4434,harshil,111111111111111111111111111111111111111111@1111111111111111111111111111a1111111111111111111a111111111
4435,harshil,1
4436,harshil,1
4437,harshil,1
4438,harshil,111111111111111111111111111111111111111111@1111111111111111111111111111a1111111111111111111a111111111
4439,harshil,111
4440,harshil,111111111111111111111111111111111111111111@1111111111111111111111111111a1111111111111111111a111111111
4441,harshil,1
4442,harshil,1
4443,harshil,1
4444,harshil,111111111111111111111111111111111111111111@1111111111111111111111111111a1111111111111111111a111111111
4445,harshil,111
4446,harshil,111111111111111111111111111111111111111111@1111111111111111111111111111a1111111111111111111a111111111
4447,harshil,1
4448,harshil,1
4449,harshil,1
4450,harshil,111111111111111111111111111111111111111111@1111111111111111111111111111a1111111111111111111a111111111
4451,harshil,111
4452,harshil,111111111111111111111111111111111111111111@1111111111111111111111111111a1111111111111111111a111111111
4453,harshil,1
4454,harshil,1
4455,harshil,1
4456,harshil,111111111111111111111111111111111111111111@1111111111111111111111111111a1111111111111111111a111111111
4457,harshil,111
4458,harshil,111111111111111111111111111111111111111111@1111111111111111111111111111a1111111111111111111a111111111
4459,harshil,1
4460,harshil,1
4461,harshil,1
4462,harshil,111111111111111111111111111111111111111111@1111111111111111111111111111a1111111111111111111a111111111
4463,harshil,111
4464,harshil,111111111111111111111111111111111111111111@1111111111111111111111111111a1111111111111111111a111111111
4465,harshil,1
4466,harshil,1
4467,harshil,1
4468,harshil,111111111111111111111111111111111111111111@1111111111111111111111111111a1111111111111111111a111111111
4469,harshil,111
4470,harshil,111111111111111111111111111111111111111111@1111111111111111111111111111a1111111111111111111a111111111
4471,harshil,1
4472,harshil,1
4473,harshil,1
4474,harshil,111111111111111111111111111111111111111111@1111111111111111111111111111a1111111111111111111a111111111
4475,harshil,111
4476,harshil,111111111111111111111111111111111111111111@1111111111111111111111111111a1111111111111111111a111111111
4477,harshil,1
4478,harshil,1
4479,harshil,1
4480,harshil,111111111111111111111111111111111111111111@1111111111111111111111111111a1111111111111111111a111111111
4481,harshil,111
4482,harshil,111111111111111111111111111111111111111111@1111111111111111111111111111a1111111111111111111a111111111
4483,harshil,1
4484,harshil,1
4485,harshil,1
4486,harshil,111111111111111111111111111111111111111111@1111111111111111111111111111a1111111111111111111a111111111
4487,harshil,111
4488,harshil,111111111111111111111111111111111111111111@1111111111111111111111111111a1111111111111111111a111111111
4489,harshil,1
4490,harshil,1
4491,harshil,1
4492,harshil,111111111111111111111111111111111111111111@1111111111111111111111111111a1111111111111111111a111111111
4493,harshil,111
4494,harshil,111111111111111111111111111111111111111111@1111111111111111111111111111a1111111111111111111a111111111
4495,harshil,1
4496,harshil,1
4497,harshil,1
4498,harshil,111111111111111111111111111111111111111111@1111111111111111111111111111a1111111111111111111a111111111
4499,harshil,111
4500,harshil,111111111111111111111111111111111111111111@1111111111111111111111111111a1111111111111111111a111111111
4501,harshil,1
4502,harshil,1
4503,harshil,1
4504,harshil,111111111111111111111111111111111111111111@1111111111111111111111111111a1111111111111111111a111111111
4505,harshil,111
4506,harshil,111111111111111111111111111111111111111111@1111111111111111111111111111a1111111111111111111a111111111
4507,harshil,1
4508,harshil,1
4509,harshil,1
4510,harshil,111111111111111111111111111111111111111111@1111111111111111111111111111a1111111111111111111a111111111
4511,harshil,111
4512,harshil,111111111111111111111111111111111111111111@1111111111111111111111111111a1111111111111111111a111111111
4513,harshil,1
4514,harshil,1
4515,harshil,1
4516,harshil,111111111111111111111111111111111111111111@1111111111111111111111111111a1111111111111111111a111111111
4517,harshil,111
4518,harshil,111111111111111111111111111111111111111111@1111111111111111111111111111a1111111111111111111a111111111
4519,harshil,1
4520,harshil,1
4521,harshil,1
4522,harshil,111111111111111111111111111111111111111111@1111111111111111111111111111a1111111111111111111a111111111
4523,harshil,111
4524,harshil,111111111111111111111111111111111111111111@1111111111111111111111111111a1111111111111111111a111111111
4525,harshil,1
4526,harshil,1
4527,harshil,1
4528,harshil,111111111111111111111111111111111111111111@1111111111111111111111111111a1111111111111111111a111111111
4529,harshil,111
4530,harshil,111111111111111111111111111111111111111111@1111111111111111111111111111a1111111111111111111a111111111
4531,harshil,1
4532,harshil,1
4533,harshil,1
4534,harshil,111111111111111111111111111111111111111111@1111111111111111111111111111a1111111111111111111a111111111
4535,harshil,111
4536,harshil,111111111111111111111111111111111111111111@1111111111111111111111111111a1111111111111111111a111111111
4537,harshil,1
4538,harshil,1
4539,harshil,1
4540,harshil,111111111111111111111111111111111111111111@1111111111111111111111111111a1111111111111111111a111111111
4541,harshil,111
4542,harshil,111111111111111111111111111111111111111111@1111111111111111111111111111a1111111111111111111a111111111
4543,harshil,1
4544,harshil,1
4545,harshil,1
4546,harshil,111111111111111111111111111111111111111111@1111111111111111111111111111a1111111111111111111a111111111
4547,harshil,111
4548,harshil,111111111111111111111111111111111111111111@1111111111111111111111111111a1111111111111111111a111111111
4549,harshil,1
4550,harshil,1
4551,harshil,1
4552,harshil,111111111111111111111111111111111111111111@1111111111111111111111111111a1111111111111111111a111111111
4553,harshil,111
4554,harshil,111111111111111111111111111111111111111111@1111111111111111111111111111a1111111111111111111a111111111
4555,harshil,1
4556,harshil,1
4557,harshil,1
4558,harshil,111111111111111111111111111111111111111111@1111111111111111111111111111a1111111111111111111a111111111
4559,harshil,111
4560,harshil,111111111111111111111111111111111111111111@1111111111111111111111111111a1111111111111111111a111111111
4561,harshil,1
4562,harshil,1
4563,harshil,1
4564,harshil,111111111111111111111111111111111111111111@1111111111111111111111111111a1111111111111111111a111111111
4565,harshil,111
4566,harshil,111111111111111111111111111111111111111111@1111111111111111111111111111a1111111111111111111a111111111
4567,harshil,1
4568,harshil,1
4569,harshil,1
4570,harshil,111111111111111111111111111111111111111111@1111111111111111111111111111a1111111111111111111a111111111
4571,harshil,111
4572,harshil,111111111111111111111111111111111111111111@1111111111111111111111111111a1111111111111111111a111111111
4573,harshil,1
4574,harshil,1
4575,harshil,1
4576,harshil,111111111111111111111111111111111111111111@1111111111111111111111111111a1111111111111111111a111111111
4577,harshil,111
4578,harshil,111111111111111111111111111111111111111111@1111111111111111111111111111a1111111111111111111a111111111
4579,harshil,1
4580,harshil,1
4581,harshil,1
4582,harshil,111111111111111111111111111111111111111111@1111111111111111111111111111a1111111111111111111a111111111
4583,harshil,111
4584,harshil,111111111111111111111111111111111111111111@1111111111111111111111111111a1111111111111111111a111111111
4585,harshil,1
4586,harshil,1
4587,harshil,1
4588,harshil,111111111111111111111111111111111111111111@1111111111111111111111111111a1111111111111111111a111111111
4589,harshil,111
4590,harshil,111111111111111111111111111111111111111111@1111111111111111111111111111a1111111111111111111a111111111
4591,harshil,1
4592,harshil,1
4593,harshil,1
4594,harshil,111111111111111111111111111111111111111111@1111111111111111111111111111a1111111111111111111a111111111
4595,harshil,111
4596,harshil,111111111111111111111111111111111111111111@1111111111111111111111111111a1111111111111111111a111111111
4597,harshil,1
4598,harshil,1
4599,harshil,1
4600,harshil,111111111111111111111111111111111111111111@1111111111111111111111111111a1111111111111111111a111111111
4601,harshil,111
4602,harshil,111111111111111111111111111111111111111111@1111111111111111111111111111a1111111111111111111a111111111
4603,harshil,1
4604,harshil,1
4605,harshil,1
4606,harshil,111111111111111111111111111111111111111111@1111111111111111111111111111a1111111111111111111a111111111
4607,harshil,111
4608,harshil,111111111111111111111111111111111111111111@1111111111111111111111111111a1111111111111111111a111111111
4609,harshil,1
4610,harshil,1
4611,harshil,1
4612,harshil,111111111111111111111111111111111111111111@1111111111111111111111111111a1111111111111111111a111111111
4613,harshil,111
4614,harshil,111111111111111111111111111111111111111111@1111111111111111111111111111a1111111111111111111a111111111
4615,harshil,1
4616,harshil,1
4617,harshil,1
4618,harshil,111111111111111111111111111111111111111111@1111111111111111111111111111a1111111111111111111a111111111
4619,harshil,111
4620,harshil,111111111111111111111111111111111111111111@1111111111111111111111111111a1111111111111111111a111111111
4621,harshil,1
4622,harshil,1
4623,harshil,1
4624,harshil,111111111111111111111111111111111111111111@1111111111111111111111111111a1111111111111111111a111111111
4625,harshil,111
4626,harshil,111111111111111111111111111111111111111111@1111111111111111111111111111a1111111111111111111a111111111
4627,harshil,1
4628,harshil,1
4629,harshil,1
4630,harshil,111111111111111111111111111111111111111111@1111111111111111111111111111a1111111111111111111a111111111
4631,harshil,111
4632,harshil,111111111111111111111111111111111111111111@1111111111111111111111111111a1111111111111111111a111111111
4633,harshil,1
4634,harshil,1
4635,harshil,1
4636,harshil,111111111111111111111111111111111111111111@1111111111111111111111111111a1111111111111111111a111111111
4637,harshil,111
4638,harshil,111111111111111111111111111111111111111111@1111111111111111111111111111a1111111111111111111a111111111
4639,harshil,1
4640,harshil,1
4641,harshil,1
4642,harshil,111111111111111111111111111111111111111111@1111111111111111111111111111a1111111111111111111a111111111
4643,harshil,111
4644,harshil,111111111111111111111111111111111111111111@1111111111111111111111111111a1111111111111111111a111111111
4645,harshil,1
4646,harshil,1
4647,harshil,1
4648,harshil,111111111111111111111111111111111111111111@1111111111111111111111111111a1111111111111111111a111111111
4649,harshil,111
4650,harshil,111111111111111111111111111111111111111111@1111111111111111111111111111a1111111111111111111a111111111
4651,harshil,1
4652,harshil,1
4653,harshil,1
4654,harshil,111111111111111111111111111111111111111111@1111111111111111111111111111a1111111111111111111a111111111
4655,harshil,111
4656,harshil,111111111111111111111111111111111111111111@1111111111111111111111111111a1111111111111111111a111111111
4657,harshil,1
4658,harshil,1
4659,harshil,1
4660,harshil,111111111111111111111111111111111111111111@1111111111111111111111111111a1111111111111111111a111111111
4661,harshil,111
4662,harshil,111111111111111111111111111111111111111111@1111111111111111111111111111a1111111111111111111a111111111
4663,harshil,1
4664,harshil,1
4665,harshil,1
4666,harshil,111111111111111111111111111111111111111111@1111111111111111111111111111a1111111111111111111a111111111
4667,harshil,111
4668,harshil,111111111111111111111111111111111111111111@1111111111111111111111111111a1111111111111111111a111111111
4669,harshil,1
4670,harshil,1
4671,harshil,1
4672,harshil,111111111111111111111111111111111111111111@1111111111111111111111111111a1111111111111111111a111111111
4673,harshil,111
4674,harshil,111111111111111111111111111111111111111111@1111111111111111111111111111a1111111111111111111a111111111
4675,harshil,1
4676,harshil,1
4677,harshil,1
4678,harshil,111111111111111111111111111111111111111111@1111111111111111111111111111a1111111111111111111a111111111
4679,harshil,111
4680,harshil,111111111111111111111111111111111111111111@1111111111111111111111111111a1111111111111111111a111111111
4681,harshil,1
4682,harshil,1
4683,harshil,1
4684,harshil,111111111111111111111111111111111111111111@1111111111111111111111111111a1111111111111111111a111111111
4685,harshil,111
4686,harshil,111111111111111111111111111111111111111111@1111111111111111111111111111a1111111111111111111a111111111
4687,harshil,1
4688,harshil,1
4689,harshil,1
4690,harshil,111111111111111111111111111111111111111111@1111111111111111111111111111a1111111111111111111a111111111
4691,harshil,111
4692,harshil,111111111111111111111111111111111111111111@1111111111111111111111111111a1111111111111111111a111111111
4693,harshil,1
4694,harshil,1
4695,harshil,1
4696,harshil,111111111111111111111111111111111111111111@1111111111111111111111111111a1111111111111111111a111111111
4697,harshil,111
4698,harshil,111111111111111111111111111111111111111111@1111111111111111111111111111a1111111111111111111a111111111
4699,harshil,1
4700,harshil,1
4701,harshil,1
4702,harshil,111111111111111111111111111111111111111111@1111111111111111111111111111a1111111111111111111a111111111
4703,harshil,111
4704,harshil,111111111111111111111111111111111111111111@1111111111111111111111111111a1111111111111111111a111111111
4705,harshil,1
4706,harshil,1
4707,harshil,1
4708,harshil,111111111111111111111111111111111111111111@1111111111111111111111111111a1111111111111111111a111111111
4709,harshil,111
4710,harshil,111111111111111111111111111111111111111111@1111111111111111111111111111a1111111111111111111a111111111
4711,harshil,1
4712,harshil,1
4713,harshil,1
4714,harshil,111111111111111111111111111111111111111111@1111111111111111111111111111a1111111111111111111a111111111
4715,harshil,111
4716,harshil,111111111111111111111111111111111111111111@1111111111111111111111111111a1111111111111111111a111111111
4717,harshil,1
4718,harshil,1
4719,harshil,1
4720,harshil,111111111111111111111111111111111111111111@1111111111111111111111111111a1111111111111111111a111111111
4721,harshil,111
4722,harshil,111111111111111111111111111111111111111111@1111111111111111111111111111a1111111111111111111a111111111
4723,harshil,1
4724,harshil,1
4725,harshil,1
4726,harshil,111111111111111111111111111111111111111111@1111111111111111111111111111a1111111111111111111a111111111
4727,harshil,111
4728,harshil,111111111111111111111111111111111111111111@1111111111111111111111111111a1111111111111111111a111111111
4729,harshil,1
4730,harshil,1
4731,harshil,1
4732,harshil,111111111111111111111111111111111111111111@1111111111111111111111111111a1111111111111111111a111111111
4733,harshil,111
4734,harshil,111111111111111111111111111111111111111111@1111111111111111111111111111a1111111111111111111a111111111
4735,harshil,1
4736,harshil,1
4737,harshil,1
4738,harshil,111111111111111111111111111111111111111111@1111111111111111111111111111a1111111111111111111a111111111
4739,harshil,111
4740,harshil,111111111111111111111111111111111111111111@1111111111111111111111111111a1111111111111111111a111111111
4741,harshil,1
4742,harshil,1
4743,harshil,1
4744,harshil,111111111111111111111111111111111111111111@1111111111111111111111111111a1111111111111111111a111111111
4745,harshil,111
4746,harshil,111111111111111111111111111111111111111111@1111111111111111111111111111a1111111111111111111a111111111
4747,harshil,1
4748,harshil,1
4749,harshil,1
4750,harshil,111111111111111111111111111111111111111111@1111111111111111111111111111a1111111111111111111a111111111
4751,harshil,111
4752,harshil,111111111111111111111111111111111111111111@1111111111111111111111111111a1111111111111111111a111111111
4753,harshil,1
4754,harshil,1
4755,harshil,1
4756,harshil,111111111111111111111111111111111111111111@1111111111111111111111111111a1111111111111111111a111111111
4757,harshil,111
4758,harshil,111111111111111111111111111111111111111111@1111111111111111111111111111a1111111111111111111a111111111
4759,harshil,1
4760,harshil,1
4761,harshil,1
4762,harshil,111111111111111111111111111111111111111111@1111111111111111111111111111a1111111111111111111a111111111
4763,harshil,111
4764,harshil,111111111111111111111111111111111111111111@1111111111111111111111111111a1111111111111111111a111111111
4765,harshil,1
4766,harshil,1
4767,harshil,1
4768,harshil,111111111111111111111111111111111111111111@1111111111111111111111111111a1111111111111111111a111111111
4769,harshil,111
4770,harshil,111111111111111111111111111111111111111111@1111111111111111111111111111a1111111111111111111a111111111
4771,harshil,1
4772,harshil,1
4773,harshil,1
4774,harshil,111111111111111111111111111111111111111111@1111111111111111111111111111a1111111111111111111a111111111
4775,harshil,111
4776,harshil,111111111111111111111111111111111111111111@1111111111111111111111111111a1111111111111111111a111111111
4777,harshil,1
4778,harshil,1
4779,harshil,1
4780,harshil,111111111111111111111111111111111111111111@1111111111111111111111111111a1111111111111111111a111111111
4781,harshil,111
4782,harshil,111111111111111111111111111111111111111111@1111111111111111111111111111a1111111111111111111a111111111
4783,harshil,1
4784,harshil,1
4785,harshil,1
4786,harshil,111111111111111111111111111111111111111111@1111111111111111111111111111a1111111111111111111a111111111
4787,harshil,111
4788,harshil,111111111111111111111111111111111111111111@1111111111111111111111111111a1111111111111111111a111111111
4789,harshil,1
4790,harshil,1
4791,harshil,1
4792,harshil,111111111111111111111111111111111111111111@1111111111111111111111111111a1111111111111111111a111111111
4793,harshil,111
4794,harshil,111111111111111111111111111111111111111111@1111111111111111111111111111a1111111111111111111a111111111
4795,harshil,1
4796,harshil,1
4797,harshil,1
4798,harshil,111111111111111111111111111111111111111111@1111111111111111111111111111a1111111111111111111a111111111
4799,harshil,111
4800,harshil,111111111111111111111111111111111111111111@1111111111111111111111111111a1111111111111111111a111111111
4801,harshil,1
4802,harshil,1
4803,harshil,1
4804,harshil,111111111111111111111111111111111111111111@1111111111111111111111111111a1111111111111111111a111111111
4805,harshil,111
4806,harshil,111111111111111111111111111111111111111111@1111111111111111111111111111a1111111111111111111a111111111
4807,harshil,1
4808,harshil,1
4809,harshil,1
4810,harshil,111111111111111111111111111111111111111111@1111111111111111111111111111a1111111111111111111a111111111
4811,harshil,111
4812,harshil,111111111111111111111111111111111111111111@1111111111111111111111111111a1111111111111111111a111111111
4813,harshil,1
4814,harshil,1
4815,harshil,1
4816,harshil,111111111111111111111111111111111111111111@1111111111111111111111111111a1111111111111111111a111111111
4817,harshil,111
4818,harshil,111111111111111111111111111111111111111111@1111111111111111111111111111a1111111111111111111a111111111
4819,harshil,1
4820,harshil,1
4821,harshil,1
4822,harshil,111111111111111111111111111111111111111111@1111111111111111111111111111a1111111111111111111a111111111
4823,harshil,111
4824,harshil,111111111111111111111111111111111111111111@1111111111111111111111111111a1111111111111111111a111111111
4825,harshil,1
4826,harshil,1
4827,harshil,1
4828,harshil,111111111111111111111111111111111111111111@1111111111111111111111111111a1111111111111111111a111111111
4829,harshil,111
4830,harshil,111111111111111111111111111111111111111111@1111111111111111111111111111a1111111111111111111a111111111
4831,harshil,1
4832,harshil,1
4833,harshil,1
4834,harshil,111111111111111111111111111111111111111111@1111111111111111111111111111a1111111111111111111a111111111
4835,harshil,111
4836,harshil,111111111111111111111111111111111111111111@1111111111111111111111111111a1111111111111111111a111111111
4837,harshil,1
4838,harshil,1
4839,harshil,1
4840,harshil,111111111111111111111111111111111111111111@1111111111111111111111111111a1111111111111111111a111111111
4841,harshil,111
4842,harshil,111111111111111111111111111111111111111111@1111111111111111111111111111a1111111111111111111a111111111
4843,harshil,1
4844,harshil,1
4845,harshil,1
4846,harshil,111111111111111111111111111111111111111111@1111111111111111111111111111a1111111111111111111a111111111
4847,harshil,111
4848,harshil,111111111111111111111111111111111111111111@1111111111111111111111111111a1111111111111111111a111111111
4849,harshil,1
4850,harshil,1
4851,harshil,1
4852,harshil,111111111111111111111111111111111111111111@1111111111111111111111111111a1111111111111111111a111111111
4853,harshil,111
4854,harshil,111111111111111111111111111111111111111111@1111111111111111111111111111a1111111111111111111a111111111
4855,harshil,1
4856,harshil,1
4857,harshil,1
4858,harshil,111111111111111111111111111111111111111111@1111111111111111111111111111a1111111111111111111a111111111
4859,harshil,111
4860,harshil,111111111111111111111111111111111111111111@1111111111111111111111111111a1111111111111111111a111111111
4861,harshil,1
4862,harshil,1
4863,harshil,1
4864,harshil,111111111111111111111111111111111111111111@1111111111111111111111111111a1111111111111111111a111111111
4865,harshil,111
4866,harshil,111111111111111111111111111111111111111111@1111111111111111111111111111a1111111111111111111a111111111
4867,harshil,1
4868,harshil,1
4869,harshil,1
4870,harshil,111111111111111111111111111111111111111111@1111111111111111111111111111a1111111111111111111a111111111
4871,harshil,111
4872,harshil,111111111111111111111111111111111111111111@1111111111111111111111111111a1111111111111111111a111111111
4873,harshil,1
4874,harshil,1
4875,harshil,1
4876,harshil,111111111111111111111111111111111111111111@1111111111111111111111111111a1111111111111111111a111111111
4877,harshil,111
4878,harshil,111111111111111111111111111111111111111111@1111111111111111111111111111a1111111111111111111a111111111
4879,harshil,1
4880,harshil,1
4881,harshil,1
4882,harshil,111111111111111111111111111111111111111111@1111111111111111111111111111a1111111111111111111a111111111
4883,harshil,111
4884,harshil,111111111111111111111111111111111111111111@1111111111111111111111111111a1111111111111111111a111111111
4885,harshil,1
4886,harshil,1
4887,harshil,1
4888,harshil,111111111111111111111111111111111111111111@1111111111111111111111111111a1111111111111111111a111111111
4889,harshil,111
4890,harshil,111111111111111111111111111111111111111111@1111111111111111111111111111a1111111111111111111a111111111
4891,harshil,1
4892,harshil,1
4893,harshil,1
4894,harshil,111111111111111111111111111111111111111111@1111111111111111111111111111a1111111111111111111a111111111
4895,harshil,111
4896,harshil,111111111111111111111111111111111111111111@1111111111111111111111111111a1111111111111111111a111111111
4897,harshil,1
4898,harshil,1
4899,harshil,1
4900,harshil,111111111111111111111111111111111111111111@1111111111111111111111111111a1111111111111111111a111111111
4901,harshil,111
4902,harshil,111111111111111111111111111111111111111111@1111111111111111111111111111a1111111111111111111a111111111
4903,harshil,1
4904,harshil,1
4905,harshil,1
4906,harshil,111111111111111111111111111111111111111111@1111111111111111111111111111a1111111111111111111a111111111
4907,harshil,111
4908,harshil,111111111111111111111111111111111111111111@1111111111111111111111111111a1111111111111111111a111111111
4909,harshil,1
4910,harshil,1
4911,harshil,1
4912,harshil,111111111111111111111111111111111111111111@1111111111111111111111111111a1111111111111111111a111111111
4913,harshil,111
4914,harshil,111111111111111111111111111111111111111111@1111111111111111111111111111a1111111111111111111a111111111
4915,harshil,1
4916,harshil,1
4917,harshil,1
4918,harshil,111111111111111111111111111111111111111111@1111111111111111111111111111a1111111111111111111a111111111
4919,harshil,111
4920,harshil,111111111111111111111111111111111111111111@1111111111111111111111111111a1111111111111111111a111111111
4921,harshil,1
4922,harshil,1
4923,harshil,1
4924,harshil,111111111111111111111111111111111111111111@1111111111111111111111111111a1111111111111111111a111111111
4925,harshil,111
4926,harshil,111111111111111111111111111111111111111111@1111111111111111111111111111a1111111111111111111a111111111
4927,harshil,1
4928,harshil,1
4929,harshil,1
4930,harshil,111111111111111111111111111111111111111111@1111111111111111111111111111a1111111111111111111a111111111
4931,harshil,111
4932,harshil,111111111111111111111111111111111111111111@1111111111111111111111111111a1111111111111111111a111111111
4933,harshil,1
4934,harshil,1
4935,harshil,1
4936,harshil,111111111111111111111111111111111111111111@1111111111111111111111111111a1111111111111111111a111111111
4937,harshil,111
4938,harshil,111111111111111111111111111111111111111111@1111111111111111111111111111a1111111111111111111a111111111
4939,harshil,1
4940,harshil,1
4941,harshil,1
4942,harshil,111111111111111111111111111111111111111111@1111111111111111111111111111a1111111111111111111a111111111
4943,harshil,111
4944,harshil,111111111111111111111111111111111111111111@1111111111111111111111111111a1111111111111111111a111111111
4945,harshil,1
4946,harshil,1
4947,harshil,1
4948,harshil,111111111111111111111111111111111111111111@1111111111111111111111111111a1111111111111111111a111111111
4949,harshil,111
4950,harshil,111111111111111111111111111111111111111111@1111111111111111111111111111a1111111111111111111a111111111
4951,harshil,1
4952,harshil,1
4953,harshil,1
4954,harshil,111111111111111111111111111111111111111111@1111111111111111111111111111a1111111111111111111a111111111
4955,harshil,111
4956,harshil,111111111111111111111111111111111111111111@1111111111111111111111111111a1111111111111111111a111111111
4957,harshil,1
4958,harshil,1
4959,harshil,1
4960,harshil,111111111111111111111111111111111111111111@1111111111111111111111111111a1111111111111111111a111111111
4961,harshil,111
4962,harshil,111111111111111111111111111111111111111111@1111111111111111111111111111a1111111111111111111a111111111
4963,harshil,1
4964,harshil,1
4965,harshil,1
4966,harshil,111111111111111111111111111111111111111111@1111111111111111111111111111a1111111111111111111a111111111
4967,harshil,111
4968,harshil,111111111111111111111111111111111111111111@1111111111111111111111111111a1111111111111111111a111111111
4969,harshil,1
4970,harshil,1
4971,harshil,1
4972,harshil,111111111111111111111111111111111111111111@1111111111111111111111111111a1111111111111111111a111111111
4973,harshil,111
4974,harshil,111111111111111111111111111111111111111111@1111111111111111111111111111a1111111111111111111a111111111
4975,harshil,1
4976,harshil,1
4977,harshil,1
4978,harshil,111111111111111111111111111111111111111111@1111111111111111111111111111a1111111111111111111a111111111
4979,harshil,111
4980,harshil,111111111111111111111111111111111111111111@1111111111111111111111111111a1111111111111111111a111111111
4981,harshil,1
4982,harshil,1
4983,harshil,1
4984,harshil,111111111111111111111111111111111111111111@1111111111111111111111111111a1111111111111111111a111111111
4985,harshil,111
4986,harshil,111111111111111111111111111111111111111111@1111111111111111111111111111a1111111111111111111a111111111
4987,harshil,1
4988,harshil,1
4989,harshil,1
4990,harshil,111111111111111111111111111111111111111111@1111111111111111111111111111a1111111111111111111a111111111
4991,harshil,111
4992,harshil,111111111111111111111111111111111111111111@1111111111111111111111111111a1111111111111111111a111111111
4993,harshil,1
4994,harshil,1
4995,harshil,1
4996,harshil,111111111111111111111111111111111111111111@1111111111111111111111111111a1111111111111111111a111111111
4997,harshil,111
4998,harshil,111111111111111111111111111111111111111111@1111111111111111111111111111a1111111111111111111a111111111
4999,harshil,1
5000,harshil,1
5001,harshil,1
5002,harshil,111111111111111111111111111111111111111111@1111111111111111111111111111a1111111111111111111a111111111
5003,harshil,111
5004,harshil,111111111111111111111111111111111111111111@1111111111111111111111111111a1111111111111111111a111111111
5005,harshil,1
5006,harshil,1
5007,harshil,1
5008,harshil,111111111111111111111111111111111111111111@1111111111111111111111111111a1111111111111111111a111111111
5009,harshil,111
5010,harshil,111111111111111111111111111111111111111111@1111111111111111111111111111a1111111111111111111a111111111
5011,harshil,1
5012,harshil,1
5013,harshil,1
5014,harshil,111111111111111111111111111111111111111111@1111111111111111111111111111a1111111111111111111a111111111
5015,harshil,111
5016,harshil,111111111111111111111111111111111111111111@1111111111111111111111111111a1111111111111111111a111111111
5017,harshil,1
5018,harshil,1
5019,harshil,1
5020,harshil,111111111111111111111111111111111111111111@1111111111111111111111111111a1111111111111111111a111111111
5021,harshil,111
5022,harshil,111111111111111111111111111111111111111111@1111111111111111111111111111a1111111111111111111a111111111
5023,harshil,1
5024,harshil,1
5025,harshil,1
5026,harshil,111111111111111111111111111111111111111111@1111111111111111111111111111a1111111111111111111a111111111
5027,harshil,111
5028,harshil,111111111111111111111111111111111111111111@1111111111111111111111111111a1111111111111111111a111111111
5029,harshil,1
5030,harshil,1
5031,harshil,1
5032,harshil,111111111111111111111111111111111111111111@1111111111111111111111111111a1111111111111111111a111111111
5033,harshil,111
5034,harshil,111111111111111111111111111111111111111111@1111111111111111111111111111a1111111111111111111a111111111
5035,harshil,1
5036,harshil,1
5037,harshil,1
5038,harshil,111111111111111111111111111111111111111111@1111111111111111111111111111a1111111111111111111a111111111
5039,harshil,111
5040,harshil,111111111111111111111111111111111111111111@1111111111111111111111111111a1111111111111111111a111111111
5041,harshil,1
5042,harshil,1
5043,harshil,1
5044,harshil,111111111111111111111111111111111111111111@1111111111111111111111111111a1111111111111111111a111111111
5045,harshil,111
5046,harshil,111111111111111111111111111111111111111111@1111111111111111111111111111a1111111111111111111a111111111
5047,harshil,1
5048,harshil,1
5049,harshil,1
5050,harshil,111111111111111111111111111111111111111111@1111111111111111111111111111a1111111111111111111a111111111
5051,harshil,111
5052,harshil,111111111111111111111111111111111111111111@1111111111111111111111111111a1111111111111111111a111111111
5053,harshil,1
5054,harshil,1
5055,harshil,1
5056,harshil,111111111111111111111111111111111111111111@1111111111111111111111111111a1111111111111111111a111111111
5057,harshil,111
5058,harshil,111111111111111111111111111111111111111111@1111111111111111111111111111a1111111111111111111a111111111
5059,harshil,1
5060,harshil,1
5061,harshil,1
5062,harshil,111111111111111111111111111111111111111111@1111111111111111111111111111a1111111111111111111a111111111
5063,harshil,111
5064,harshil,111111111111111111111111111111111111111111@1111111111111111111111111111a1111111111111111111a111111111
5065,harshil,1
5066,harshil,1
5067,harshil,1
5068,harshil,111111111111111111111111111111111111111111@1111111111111111111111111111a1111111111111111111a111111111
5069,harshil,111
5070,harshil,111111111111111111111111111111111111111111@1111111111111111111111111111a1111111111111111111a111111111
5071,harshil,1
5072,harshil,1
5073,harshil,1
5074,harshil,111111111111111111111111111111111111111111@1111111111111111111111111111a1111111111111111111a111111111
5075,harshil,111
5076,harshil,111111111111111111111111111111111111111111@1111111111111111111111111111a1111111111111111111a111111111
5077,harshil,1
5078,harshil,1
5079,harshil,1
5080,harshil,111111111111111111111111111111111111111111@1111111111111111111111111111a1111111111111111111a111111111
5081,harshil,111
5082,harshil,111111111111111111111111111111111111111111@1111111111111111111111111111a1111111111111111111a111111111
5083,harshil,1
5084,harshil,1
5085,harshil,1
5086,harshil,111111111111111111111111111111111111111111@1111111111111111111111111111a1111111111111111111a111111111
5087,harshil,111
5088,harshil,111111111111111111111111111111111111111111@1111111111111111111111111111a1111111111111111111a111111111
5089,harshil,1
5090,harshil,1
5091,harshil,1
5092,harshil,111111111111111111111111111111111111111111@1111111111111111111111111111a1111111111111111111a111111111
5093,harshil,111
5094,harshil,111111111111111111111111111111111111111111@1111111111111111111111111111a1111111111111111111a111111111
5095,harshil,1
5096,harshil,1
5097,harshil,1
5098,harshil,111111111111111111111111111111111111111111@1111111111111111111111111111a1111111111111111111a111111111
5099,harshil,111
5100,harshil,111111111111111111111111111111111111111111@1111111111111111111111111111a1111111111111111111a111111111
5101,harshil,1
5102,harshil,1
5103,harshil,1
5104,harshil,111111111111111111111111111111111111111111@1111111111111111111111111111a1111111111111111111a111111111
5105,harshil,111
5106,harshil,111111111111111111111111111111111111111111@1111111111111111111111111111a1111111111111111111a111111111
5107,harshil,1
5108,harshil,1
5109,harshil,1
5110,harshil,111111111111111111111111111111111111111111@1111111111111111111111111111a1111111111111111111a111111111
5111,harshil,111
5112,harshil,111111111111111111111111111111111111111111@1111111111111111111111111111a1111111111111111111a111111111
5113,harshil,1
5114,harshil,1
5115,harshil,1
5116,harshil,111111111111111111111111111111111111111111@1111111111111111111111111111a1111111111111111111a111111111
5117,harshil,111
5118,harshil,111111111111111111111111111111111111111111@1111111111111111111111111111a1111111111111111111a111111111
5119,harshil,1
5120,harshil,1
5121,harshil,1
5122,harshil,111111111111111111111111111111111111111111@1111111111111111111111111111a1111111111111111111a111111111
5123,harshil,111
5124,harshil,111111111111111111111111111111111111111111@1111111111111111111111111111a1111111111111111111a111111111
5125,harshil,1
5126,harshil,1
5127,harshil,1
5128,harshil,111111111111111111111111111111111111111111@1111111111111111111111111111a1111111111111111111a111111111
5129,harshil,111
5130,harshil,111111111111111111111111111111111111111111@1111111111111111111111111111a1111111111111111111a111111111
5131,harshil,1
5132,harshil,1
5133,harshil,1
5134,harshil,111111111111111111111111111111111111111111@1111111111111111111111111111a1111111111111111111a111111111
5135,harshil,111
5136,harshil,111111111111111111111111111111111111111111@1111111111111111111111111111a1111111111111111111a111111111
5137,harshil,1
5138,harshil,1
5139,harshil,1
5140,harshil,111111111111111111111111111111111111111111@1111111111111111111111111111a1111111111111111111a111111111
5141,harshil,111
5142,harshil,111111111111111111111111111111111111111111@1111111111111111111111111111a1111111111111111111a111111111
5143,harshil,1
5144,harshil,1
5145,harshil,1
5146,harshil,111111111111111111111111111111111111111111@1111111111111111111111111111a1111111111111111111a111111111
5147,harshil,111
5148,harshil,111111111111111111111111111111111111111111@1111111111111111111111111111a1111111111111111111a111111111
5149,harshil,1
5150,harshil,1
5151,harshil,1
5152,harshil,111111111111111111111111111111111111111111@1111111111111111111111111111a1111111111111111111a111111111
5153,harshil,111
5154,harshil,111111111111111111111111111111111111111111@1111111111111111111111111111a1111111111111111111a111111111
5155,harshil,1
5156,harshil,1
5157,harshil,1
5158,harshil,111111111111111111111111111111111111111111@1111111111111111111111111111a1111111111111111111a111111111
5159,harshil,111
5160,harshil,111111111111111111111111111111111111111111@1111111111111111111111111111a1111111111111111111a111111111
5161,harshil,1
5162,harshil,1
5163,harshil,1
5164,harshil,111111111111111111111111111111111111111111@1111111111111111111111111111a1111111111111111111a111111111
5165,harshil,111
5166,harshil,111111111111111111111111111111111111111111@1111111111111111111111111111a1111111111111111111a111111111
5167,harshil,1
5168,harshil,1
5169,harshil,1
5170,harshil,111111111111111111111111111111111111111111@1111111111111111111111111111a1111111111111111111a111111111
5171,harshil,111
5172,harshil,111111111111111111111111111111111111111111@1111111111111111111111111111a1111111111111111111a111111111
5173,harshil,1
5174,harshil,1
5175,harshil,1
5176,harshil,111111111111111111111111111111111111111111@1111111111111111111111111111a1111111111111111111a111111111
5177,harshil,111
5178,harshil,111111111111111111111111111111111111111111@1111111111111111111111111111a1111111111111111111a111111111
5179,harshil,1
5180,harshil,1
5181,harshil,1
5182,harshil,111111111111111111111111111111111111111111@1111111111111111111111111111a1111111111111111111a111111111
5183,harshil,111
5184,harshil,111111111111111111111111111111111111111111@1111111111111111111111111111a1111111111111111111a111111111
5185,harshil,1
5186,harshil,1
5187,harshil,1
5188,harshil,111111111111111111111111111111111111111111@1111111111111111111111111111a1111111111111111111a111111111
5189,harshil,111
5190,harshil,111111111111111111111111111111111111111111@1111111111111111111111111111a1111111111111111111a111111111
5191,harshil,1
5192,harshil,1
5193,harshil,1
5194,harshil,111111111111111111111111111111111111111111@1111111111111111111111111111a1111111111111111111a111111111
5195,harshil,111
5196,harshil,111111111111111111111111111111111111111111@1111111111111111111111111111a1111111111111111111a111111111
5197,harshil,1
5198,harshil,1
5199,harshil,1
5200,harshil,111111111111111111111111111111111111111111@1111111111111111111111111111a1111111111111111111a111111111
5201,harshil,111
5202,harshil,111111111111111111111111111111111111111111@1111111111111111111111111111a1111111111111111111a111111111
5203,harshil,1
5204,harshil,1
5205,harshil,1
5206,harshil,111111111111111111111111111111111111111111@1111111111111111111111111111a1111111111111111111a111111111
5207,harshil,111
5208,harshil,111111111111111111111111111111111111111111@1111111111111111111111111111a1111111111111111111a111111111
5209,harshil,1
5210,harshil,1
5211,harshil,1
5212,harshil,111111111111111111111111111111111111111111@1111111111111111111111111111a1111111111111111111a111111111
5213,harshil,111
5214,harshil,111111111111111111111111111111111111111111@1111111111111111111111111111a1111111111111111111a111111111
5215,harshil,1
5216,harshil,1
5217,harshil,1
5218,harshil,111111111111111111111111111111111111111111@1111111111111111111111111111a1111111111111111111a111111111
5219,harshil,111
5220,harshil,111111111111111111111111111111111111111111@1111111111111111111111111111a1111111111111111111a111111111
5221,harshil,1
5222,harshil,1
5223,harshil,1
5224,harshil,111111111111111111111111111111111111111111@1111111111111111111111111111a1111111111111111111a111111111
5225,harshil,111
5226,harshil,111111111111111111111111111111111111111111@1111111111111111111111111111a1111111111111111111a111111111
5227,harshil,1
5228,harshil,1
5229,harshil,1
5230,harshil,111111111111111111111111111111111111111111@1111111111111111111111111111a1111111111111111111a111111111
5231,harshil,111
5232,harshil,111111111111111111111111111111111111111111@1111111111111111111111111111a1111111111111111111a111111111
5233,harshil,1
5234,harshil,1
5235,harshil,1
5236,harshil,111111111111111111111111111111111111111111@1111111111111111111111111111a1111111111111111111a111111111
5237,harshil,111
5238,harshil,111111111111111111111111111111111111111111@1111111111111111111111111111a1111111111111111111a111111111
5239,harshil,1
5240,harshil,1
5241,harshil,1
5242,harshil,111111111111111111111111111111111111111111@1111111111111111111111111111a1111111111111111111a111111111
5243,harshil,111
5244,harshil,111111111111111111111111111111111111111111@1111111111111111111111111111a1111111111111111111a111111111
5245,harshil,1
5246,harshil,1
5247,harshil,1
5248,harshil,111111111111111111111111111111111111111111@1111111111111111111111111111a1111111111111111111a111111111
5249,harshil,111
5250,harshil,111111111111111111111111111111111111111111@1111111111111111111111111111a1111111111111111111a111111111
5251,harshil,1
5252,harshil,1
5253,harshil,1
5254,harshil,111111111111111111111111111111111111111111@1111111111111111111111111111a1111111111111111111a111111111
5255,harshil,111
5256,harshil,111111111111111111111111111111111111111111@1111111111111111111111111111a1111111111111111111a111111111
5257,harshil,1
5258,harshil,1
5259,harshil,1
5260,harshil,111111111111111111111111111111111111111111@1111111111111111111111111111a1111111111111111111a111111111
5261,harshil,111
5262,harshil,111111111111111111111111111111111111111111@1111111111111111111111111111a1111111111111111111a111111111
5263,harshil,1
5264,harshil,1
5265,harshil,1
5266,harshil,111111111111111111111111111111111111111111@1111111111111111111111111111a1111111111111111111a111111111
5267,harshil,111
5268,harshil,111111111111111111111111111111111111111111@1111111111111111111111111111a1111111111111111111a111111111
5269,harshil,1
5270,harshil,1
5271,harshil,1
5272,harshil,111111111111111111111111111111111111111111@1111111111111111111111111111a1111111111111111111a111111111
5273,harshil,111
5274,harshil,111111111111111111111111111111111111111111@1111111111111111111111111111a1111111111111111111a111111111
5275,harshil,1
5276,harshil,1
5277,harshil,1
5278,harshil,111111111111111111111111111111111111111111@1111111111111111111111111111a1111111111111111111a111111111
5279,harshil,111
5280,harshil,111111111111111111111111111111111111111111@1111111111111111111111111111a1111111111111111111a111111111
5281,harshil,1
5282,harshil,1
5283,harshil,1
5284,harshil,111111111111111111111111111111111111111111@1111111111111111111111111111a1111111111111111111a111111111
5285,harshil,111
5286,harshil,111111111111111111111111111111111111111111@1111111111111111111111111111a1111111111111111111a111111111
5287,harshil,1
5288,harshil,1
5289,harshil,1
5290,harshil,111111111111111111111111111111111111111111@1111111111111111111111111111a1111111111111111111a111111111
5291,harshil,111
5292,harshil,111111111111111111111111111111111111111111@1111111111111111111111111111a1111111111111111111a111111111
5293,harshil,1
5294,harshil,1
5295,harshil,1
5296,harshil,111111111111111111111111111111111111111111@1111111111111111111111111111a1111111111111111111a111111111
5297,harshil,111
5298,harshil,111111111111111111111111111111111111111111@1111111111111111111111111111a1111111111111111111a111111111
5299,harshil,1
5300,harshil,1
5301,harshil,1
5302,harshil,111111111111111111111111111111111111111111@1111111111111111111111111111a1111111111111111111a111111111
5303,harshil,111
5304,harshil,111111111111111111111111111111111111111111@1111111111111111111111111111a1111111111111111111a111111111
5305,harshil,1
5306,harshil,1
5307,harshil,1
5308,harshil,111111111111111111111111111111111111111111@1111111111111111111111111111a1111111111111111111a111111111
5309,harshil,111
5310,harshil,111111111111111111111111111111111111111111@1111111111111111111111111111a1111111111111111111a111111111
5311,harshil,1
5312,harshil,1
5313,harshil,1
5314,harshil,111111111111111111111111111111111111111111@1111111111111111111111111111a1111111111111111111a111111111
5315,harshil,111
5316,harshil,111111111111111111111111111111111111111111@1111111111111111111111111111a1111111111111111111a111111111
5317,harshil,1
5318,harshil,1
5319,harshil,1
5320,harshil,111111111111111111111111111111111111111111@1111111111111111111111111111a1111111111111111111a111111111
5321,harshil,111
5322,harshil,111111111111111111111111111111111111111111@1111111111111111111111111111a1111111111111111111a111111111
5323,harshil,1
5324,harshil,1
5325,harshil,1
5326,harshil,111111111111111111111111111111111111111111@1111111111111111111111111111a1111111111111111111a111111111
5327,harshil,111
5328,harshil,111111111111111111111111111111111111111111@1111111111111111111111111111a1111111111111111111a111111111
5329,harshil,1
5330,harshil,1
5331,harshil,1
5332,harshil,111111111111111111111111111111111111111111@1111111111111111111111111111a1111111111111111111a111111111
5333,harshil,111
5334,harshil,111111111111111111111111111111111111111111@1111111111111111111111111111a1111111111111111111a111111111
5335,harshil,1
5336,harshil,1
5337,harshil,1
5338,harshil,111111111111111111111111111111111111111111@1111111111111111111111111111a1111111111111111111a111111111
5339,harshil,111
5340,harshil,111111111111111111111111111111111111111111@1111111111111111111111111111a1111111111111111111a111111111
5341,harshil,1
5342,harshil,1
5343,harshil,1
5344,harshil,111111111111111111111111111111111111111111@1111111111111111111111111111a1111111111111111111a111111111
5345,harshil,111
5346,harshil,111111111111111111111111111111111111111111@1111111111111111111111111111a1111111111111111111a111111111
5347,harshil,1
5348,harshil,1
5349,harshil,1
5350,harshil,111111111111111111111111111111111111111111@1111111111111111111111111111a1111111111111111111a111111111
5351,harshil,111
5352,harshil,111111111111111111111111111111111111111111@1111111111111111111111111111a1111111111111111111a111111111
5353,harshil,1
5354,harshil,1
5355,harshil,1
5356,harshil,111111111111111111111111111111111111111111@1111111111111111111111111111a1111111111111111111a111111111
5357,harshil,111
5358,harshil,111111111111111111111111111111111111111111@1111111111111111111111111111a1111111111111111111a111111111
5359,harshil,1
5360,harshil,1
5361,harshil,1
5362,harshil,111111111111111111111111111111111111111111@1111111111111111111111111111a1111111111111111111a111111111
5363,harshil,111
5364,harshil,111111111111111111111111111111111111111111@1111111111111111111111111111a1111111111111111111a111111111
5365,harshil,1
5366,harshil,1
5367,harshil,1
5368,harshil,111111111111111111111111111111111111111111@1111111111111111111111111111a1111111111111111111a111111111
5369,harshil,111
5370,harshil,111111111111111111111111111111111111111111@1111111111111111111111111111a1111111111111111111a111111111
5371,harshil,1
5372,harshil,1
5373,harshil,1
5374,harshil,111111111111111111111111111111111111111111@1111111111111111111111111111a1111111111111111111a111111111
5375,harshil,111
5376,harshil,111111111111111111111111111111111111111111@1111111111111111111111111111a1111111111111111111a111111111
5377,harshil,1
5378,harshil,1
5379,harshil,1
5380,harshil,111111111111111111111111111111111111111111@1111111111111111111111111111a1111111111111111111a111111111
5381,harshil,111
5382,harshil,111111111111111111111111111111111111111111@1111111111111111111111111111a1111111111111111111a111111111
5383,harshil,1
5384,harshil,1
5385,harshil,1
5386,harshil,111111111111111111111111111111111111111111@1111111111111111111111111111a1111111111111111111a111111111
5387,harshil,111
5388,harshil,111111111111111111111111111111111111111111@1111111111111111111111111111a1111111111111111111a111111111
5389,harshil,1
5390,harshil,1
5391,harshil,1
5392,harshil,111111111111111111111111111111111111111111@1111111111111111111111111111a1111111111111111111a111111111
5393,harshil,111
5394,harshil,111111111111111111111111111111111111111111@1111111111111111111111111111a1111111111111111111a111111111
5395,harshil,1
5396,harshil,1
5397,harshil,1
5398,harshil,111111111111111111111111111111111111111111@1111111111111111111111111111a1111111111111111111a111111111
5399,harshil,111
5400,harshil,111111111111111111111111111111111111111111@1111111111111111111111111111a1111111111111111111a111111111
5401,harshil,1
5402,harshil,1
5403,harshil,1
5404,harshil,111111111111111111111111111111111111111111@1111111111111111111111111111a1111111111111111111a111111111
5405,harshil,111
5406,harshil,111111111111111111111111111111111111111111@1111111111111111111111111111a1111111111111111111a111111111
5407,harshil,1
5408,harshil,1
5409,harshil,1
5410,harshil,111111111111111111111111111111111111111111@1111111111111111111111111111a1111111111111111111a111111111
5411,harshil,111
5412,harshil,111111111111111111111111111111111111111111@1111111111111111111111111111a1111111111111111111a111111111
5413,harshil,1
5414,harshil,1
5415,harshil,1
5416,harshil,111111111111111111111111111111111111111111@1111111111111111111111111111a1111111111111111111a111111111
5417,harshil,111
5418,harshil,111111111111111111111111111111111111111111@1111111111111111111111111111a1111111111111111111a111111111
5419,harshil,1
5420,harshil,1
5421,harshil,1
5422,harshil,111111111111111111111111111111111111111111@1111111111111111111111111111a1111111111111111111a111111111
5423,harshil,111
5424,harshil,111111111111111111111111111111111111111111@1111111111111111111111111111a1111111111111111111a111111111
5425,harshil,1
5426,harshil,1
5427,harshil,1
5428,harshil,111111111111111111111111111111111111111111@1111111111111111111111111111a1111111111111111111a111111111
5429,harshil,111
5430,harshil,111111111111111111111111111111111111111111@1111111111111111111111111111a1111111111111111111a111111111
5431,harshil,1
5432,harshil,1
5433,harshil,1
5434,harshil,111111111111111111111111111111111111111111@1111111111111111111111111111a1111111111111111111a111111111
5435,harshil,111
5436,harshil,111111111111111111111111111111111111111111@1111111111111111111111111111a1111111111111111111a111111111
5437,harshil,1
5438,harshil,1
5439,harshil,1
5440,harshil,111111111111111111111111111111111111111111@1111111111111111111111111111a1111111111111111111a111111111
5441,harshil,111
5442,harshil,111111111111111111111111111111111111111111@1111111111111111111111111111a1111111111111111111a111111111
5443,harshil,1
5444,harshil,1
5445,harshil,1
5446,harshil,111111111111111111111111111111111111111111@1111111111111111111111111111a1111111111111111111a111111111
5447,harshil,111
5448,harshil,111111111111111111111111111111111111111111@1111111111111111111111111111a1111111111111111111a111111111
5449,harshil,1
5450,harshil,1
5451,harshil,1
5452,harshil,111111111111111111111111111111111111111111@1111111111111111111111111111a1111111111111111111a111111111
5453,harshil,111
5454,harshil,111111111111111111111111111111111111111111@1111111111111111111111111111a1111111111111111111a111111111
5455,harshil,1
5456,harshil,1
5457,harshil,1
5458,harshil,111111111111111111111111111111111111111111@1111111111111111111111111111a1111111111111111111a111111111
5459,harshil,111
5460,harshil,111111111111111111111111111111111111111111@1111111111111111111111111111a1111111111111111111a111111111
5461,harshil,1
5462,harshil,1
5463,harshil,1
5464,harshil,111111111111111111111111111111111111111111@1111111111111111111111111111a1111111111111111111a111111111
5465,harshil,111
5466,harshil,111111111111111111111111111111111111111111@1111111111111111111111111111a1111111111111111111a111111111
5467,harshil,1
5468,harshil,1
5469,harshil,1
5470,harshil,111111111111111111111111111111111111111111@1111111111111111111111111111a1111111111111111111a111111111
5471,harshil,111
5472,harshil,111111111111111111111111111111111111111111@1111111111111111111111111111a1111111111111111111a111111111
5473,harshil,1
5474,harshil,1
5475,harshil,1
5476,harshil,111111111111111111111111111111111111111111@1111111111111111111111111111a1111111111111111111a111111111
5477,harshil,111
5478,harshil,111111111111111111111111111111111111111111@1111111111111111111111111111a1111111111111111111a111111111
5479,harshil,1
5480,harshil,1
5481,harshil,1
5482,harshil,111111111111111111111111111111111111111111@1111111111111111111111111111a1111111111111111111a111111111
5483,harshil,111
5484,harshil,111111111111111111111111111111111111111111@1111111111111111111111111111a1111111111111111111a111111111
5485,harshil,1
5486,harshil,1
5487,harshil,1
5488,harshil,111111111111111111111111111111111111111111@1111111111111111111111111111a1111111111111111111a111111111
5489,harshil,111
5490,harshil,111111111111111111111111111111111111111111@1111111111111111111111111111a1111111111111111111a111111111
5491,harshil,1
5492,harshil,1
5493,harshil,1
5494,harshil,111111111111111111111111111111111111111111@1111111111111111111111111111a1111111111111111111a111111111
5495,harshil,111
5496,harshil,111111111111111111111111111111111111111111@1111111111111111111111111111a1111111111111111111a111111111
5497,harshil,1
5498,harshil,1
5499,harshil,1
5500,harshil,111111111111111111111111111111111111111111@1111111111111111111111111111a1111111111111111111a111111111
5501,harshil,111
5502,harshil,111111111111111111111111111111111111111111@1111111111111111111111111111a1111111111111111111a111111111
5503,harshil,1
5504,harshil,1
5505,harshil,1
5506,harshil,111111111111111111111111111111111111111111@1111111111111111111111111111a1111111111111111111a111111111
5507,harshil,111
5508,harshil,111111111111111111111111111111111111111111@1111111111111111111111111111a1111111111111111111a111111111
5509,harshil,1
5510,harshil,1
5511,harshil,1
5512,harshil,111111111111111111111111111111111111111111@1111111111111111111111111111a1111111111111111111a111111111
5513,harshil,111
5514,harshil,111111111111111111111111111111111111111111@1111111111111111111111111111a1111111111111111111a111111111
5515,harshil,1
5516,harshil,1
5517,harshil,1
5518,harshil,111111111111111111111111111111111111111111@1111111111111111111111111111a1111111111111111111a111111111
5519,harshil,111
5520,harshil,111111111111111111111111111111111111111111@1111111111111111111111111111a1111111111111111111a111111111
5521,harshil,1
5522,harshil,1
5523,harshil,1
5524,harshil,111111111111111111111111111111111111111111@1111111111111111111111111111a1111111111111111111a111111111
5525,harshil,111
5526,harshil,111111111111111111111111111111111111111111@1111111111111111111111111111a1111111111111111111a111111111
5527,harshil,1
5528,harshil,1
5529,harshil,1
5530,harshil,111111111111111111111111111111111111111111@1111111111111111111111111111a1111111111111111111a111111111
5531,harshil,111
5532,harshil,111111111111111111111111111111111111111111@1111111111111111111111111111a1111111111111111111a111111111
5533,harshil,1
5534,harshil,1
5535,harshil,1
5536,harshil,111111111111111111111111111111111111111111@1111111111111111111111111111a1111111111111111111a111111111
5537,harshil,111
5538,harshil,111111111111111111111111111111111111111111@1111111111111111111111111111a1111111111111111111a111111111
5539,harshil,1
5540,harshil,1
5541,harshil,1
5542,harshil,111111111111111111111111111111111111111111@1111111111111111111111111111a1111111111111111111a111111111
5543,harshil,111
5544,harshil,111111111111111111111111111111111111111111@1111111111111111111111111111a1111111111111111111a111111111
5545,harshil,1
5546,harshil,1
5547,harshil,1
5548,harshil,111111111111111111111111111111111111111111@1111111111111111111111111111a1111111111111111111a111111111
5549,harshil,111
5550,harshil,111111111111111111111111111111111111111111@1111111111111111111111111111a1111111111111111111a111111111
5551,harshil,1
5552,harshil,1
5553,harshil,1
5554,harshil,111111111111111111111111111111111111111111@1111111111111111111111111111a1111111111111111111a111111111
5555,harshil,111
5556,harshil,111111111111111111111111111111111111111111@1111111111111111111111111111a1111111111111111111a111111111
5557,harshil,1
5558,harshil,1
5559,harshil,1
5560,harshil,111111111111111111111111111111111111111111@1111111111111111111111111111a1111111111111111111a111111111
5561,harshil,111
5562,harshil,111111111111111111111111111111111111111111@1111111111111111111111111111a1111111111111111111a111111111
5563,harshil,1
5564,harshil,1
5565,harshil,1
5566,harshil,111111111111111111111111111111111111111111@1111111111111111111111111111a1111111111111111111a111111111
5567,harshil,111
5568,harshil,111111111111111111111111111111111111111111@1111111111111111111111111111a1111111111111111111a111111111
5569,harshil,1
5570,harshil,1
5571,harshil,1
5572,harshil,111111111111111111111111111111111111111111@1111111111111111111111111111a1111111111111111111a111111111
5573,harshil,111
5574,harshil,111111111111111111111111111111111111111111@1111111111111111111111111111a1111111111111111111a111111111
5575,harshil,1
5576,harshil,1
5577,harshil,1
5578,harshil,111111111111111111111111111111111111111111@1111111111111111111111111111a1111111111111111111a111111111
5579,harshil,111
5580,harshil,111111111111111111111111111111111111111111@1111111111111111111111111111a1111111111111111111a111111111
5581,harshil,1
5582,harshil,1
5583,harshil,1
5584,harshil,111111111111111111111111111111111111111111@1111111111111111111111111111a1111111111111111111a111111111
5585,harshil,111
5586,harshil,111111111111111111111111111111111111111111@1111111111111111111111111111a1111111111111111111a111111111
5587,harshil,1
5588,harshil,1
5589,harshil,1
5590,harshil,111111111111111111111111111111111111111111@1111111111111111111111111111a1111111111111111111a111111111
5591,harshil,111
5592,harshil,111111111111111111111111111111111111111111@1111111111111111111111111111a1111111111111111111a111111111
5593,harshil,1
5594,harshil,1
5595,harshil,1
5596,harshil,111111111111111111111111111111111111111111@1111111111111111111111111111a1111111111111111111a111111111
5597,harshil,111
5598,harshil,111111111111111111111111111111111111111111@1111111111111111111111111111a1111111111111111111a111111111
5599,harshil,1
5600,harshil,1
5601,harshil,1
5602,harshil,111111111111111111111111111111111111111111@1111111111111111111111111111a1111111111111111111a111111111
5603,harshil,111
5604,harshil,111111111111111111111111111111111111111111@1111111111111111111111111111a1111111111111111111a111111111
5605,harshil,1
5606,harshil,1
5607,harshil,1
5608,harshil,111111111111111111111111111111111111111111@1111111111111111111111111111a1111111111111111111a111111111
5609,harshil,111
5610,harshil,111111111111111111111111111111111111111111@1111111111111111111111111111a1111111111111111111a111111111
5611,harshil,1
5612,harshil,1
5613,harshil,1
5614,harshil,111111111111111111111111111111111111111111@1111111111111111111111111111a1111111111111111111a111111111
5615,harshil,111
5616,harshil,111111111111111111111111111111111111111111@1111111111111111111111111111a1111111111111111111a111111111
5617,harshil,1
5618,harshil,1
5619,harshil,1
5620,harshil,111111111111111111111111111111111111111111@1111111111111111111111111111a1111111111111111111a111111111
5621,harshil,111
5622,harshil,111111111111111111111111111111111111111111@1111111111111111111111111111a1111111111111111111a111111111
5623,harshil,1
5624,harshil,1
5625,harshil,1
5626,harshil,111111111111111111111111111111111111111111@1111111111111111111111111111a1111111111111111111a111111111
5627,harshil,111
5628,harshil,111111111111111111111111111111111111111111@1111111111111111111111111111a1111111111111111111a111111111
5629,harshil,1
5630,harshil,1
5631,harshil,1
5632,harshil,111111111111111111111111111111111111111111@1111111111111111111111111111a1111111111111111111a111111111
5633,harshil,111
5634,harshil,111111111111111111111111111111111111111111@1111111111111111111111111111a1111111111111111111a111111111
5635,harshil,1
5636,harshil,1
5637,harshil,1
5638,harshil,111111111111111111111111111111111111111111@1111111111111111111111111111a1111111111111111111a111111111
5639,harshil,111
5640,harshil,111111111111111111111111111111111111111111@1111111111111111111111111111a1111111111111111111a111111111
5641,harshil,1
5642,harshil,1
5643,harshil,1
5644,harshil,111111111111111111111111111111111111111111@1111111111111111111111111111a1111111111111111111a111111111
5645,harshil,111
5646,harshil,111111111111111111111111111111111111111111@1111111111111111111111111111a1111111111111111111a111111111
5647,harshil,1
5648,harshil,1
5649,harshil,1
5650,harshil,111111111111111111111111111111111111111111@1111111111111111111111111111a1111111111111111111a111111111
5651,harshil,111
5652,harshil,111111111111111111111111111111111111111111@1111111111111111111111111111a1111111111111111111a111111111
5653,harshil,1
5654,harshil,1
5655,harshil,1
5656,harshil,111111111111111111111111111111111111111111@1111111111111111111111111111a1111111111111111111a111111111
5657,harshil,111
5658,harshil,111111111111111111111111111111111111111111@1111111111111111111111111111a1111111111111111111a111111111
5659,harshil,1
5660,harshil,1
5661,harshil,1
5662,harshil,111111111111111111111111111111111111111111@1111111111111111111111111111a1111111111111111111a111111111
5663,harshil,111
5664,harshil,111111111111111111111111111111111111111111@1111111111111111111111111111a1111111111111111111a111111111
5665,harshil,1
5666,harshil,1
5667,harshil,1
5668,harshil,111111111111111111111111111111111111111111@1111111111111111111111111111a1111111111111111111a111111111
5669,harshil,111
5670,harshil,111111111111111111111111111111111111111111@1111111111111111111111111111a1111111111111111111a111111111
5671,harshil,1
5672,harshil,1
5673,harshil,1
5674,harshil,111111111111111111111111111111111111111111@1111111111111111111111111111a1111111111111111111a111111111
5675,harshil,111
5676,harshil,111111111111111111111111111111111111111111@1111111111111111111111111111a1111111111111111111a111111111
5677,harshil,1
5678,harshil,1
5679,harshil,1
5680,harshil,111111111111111111111111111111111111111111@1111111111111111111111111111a1111111111111111111a111111111
5681,harshil,111
5682,harshil,111111111111111111111111111111111111111111@1111111111111111111111111111a1111111111111111111a111111111
5683,harshil,1
5684,harshil,1
5685,harshil,1
5686,harshil,111111111111111111111111111111111111111111@1111111111111111111111111111a1111111111111111111a111111111
5687,harshil,111
5688,harshil,111111111111111111111111111111111111111111@1111111111111111111111111111a1111111111111111111a111111111
5689,harshil,1
5690,harshil,1
5691,harshil,1
5692,harshil,111111111111111111111111111111111111111111@1111111111111111111111111111a1111111111111111111a111111111
5693,harshil,111
5694,harshil,111111111111111111111111111111111111111111@1111111111111111111111111111a1111111111111111111a111111111
5695,harshil,1
5696,harshil,1
5697,harshil,1
5698,harshil,111111111111111111111111111111111111111111@1111111111111111111111111111a1111111111111111111a111111111
5699,harshil,111
5700,harshil,111111111111111111111111111111111111111111@1111111111111111111111111111a1111111111111111111a111111111
5701,harshil,1
5702,harshil,1
5703,harshil,1
5704,harshil,111111111111111111111111111111111111111111@1111111111111111111111111111a1111111111111111111a111111111
5705,harshil,111
5706,harshil,111111111111111111111111111111111111111111@1111111111111111111111111111a1111111111111111111a111111111
5707,harshil,1
5708,harshil,1
5709,harshil,1
5710,harshil,111111111111111111111111111111111111111111@1111111111111111111111111111a1111111111111111111a111111111
5711,harshil,111
5712,harshil,111111111111111111111111111111111111111111@1111111111111111111111111111a1111111111111111111a111111111
5713,harshil,1
5714,harshil,1
5715,harshil,1
5716,harshil,111111111111111111111111111111111111111111@1111111111111111111111111111a1111111111111111111a111111111
5717,harshil,111
5718,harshil,111111111111111111111111111111111111111111@1111111111111111111111111111a1111111111111111111a111111111
5719,harshil,1
5720,harshil,1
5721,harshil,1
5722,harshil,111111111111111111111111111111111111111111@1111111111111111111111111111a1111111111111111111a111111111
5723,harshil,111
5724,harshil,111111111111111111111111111111111111111111@1111111111111111111111111111a1111111111111111111a111111111
5725,harshil,1
5726,harshil,1
5727,harshil,1
5728,harshil,111111111111111111111111111111111111111111@1111111111111111111111111111a1111111111111111111a111111111
5729,harshil,111
5730,harshil,111111111111111111111111111111111111111111@1111111111111111111111111111a1111111111111111111a111111111
5731,harshil,1
5732,harshil,1
5733,harshil,1
5734,harshil,111111111111111111111111111111111111111111@1111111111111111111111111111a1111111111111111111a111111111
5735,harshil,111
5736,harshil,111111111111111111111111111111111111111111@1111111111111111111111111111a1111111111111111111a111111111
5737,harshil,1
5738,harshil,1
5739,harshil,1
5740,harshil,111111111111111111111111111111111111111111@1111111111111111111111111111a1111111111111111111a111111111
5741,harshil,111
5742,harshil,111111111111111111111111111111111111111111@1111111111111111111111111111a1111111111111111111a111111111
5743,harshil,1
5744,harshil,1
5745,harshil,1
5746,harshil,111111111111111111111111111111111111111111@1111111111111111111111111111a1111111111111111111a111111111
5747,harshil,111
5748,harshil,111111111111111111111111111111111111111111@1111111111111111111111111111a1111111111111111111a111111111
5749,harshil,1
5750,harshil,1
5751,harshil,1
5752,harshil,111111111111111111111111111111111111111111@1111111111111111111111111111a1111111111111111111a111111111
5753,harshil,111
5754,harshil,111111111111111111111111111111111111111111@1111111111111111111111111111a1111111111111111111a111111111
5755,harshil,1
5756,harshil,1
5757,harshil,1
5758,harshil,111111111111111111111111111111111111111111@1111111111111111111111111111a1111111111111111111a111111111
5759,harshil,111
5760,harshil,111111111111111111111111111111111111111111@1111111111111111111111111111a1111111111111111111a111111111
5761,harshil,1
5762,harshil,1
5763,harshil,1
5764,harshil,111111111111111111111111111111111111111111@1111111111111111111111111111a1111111111111111111a111111111
5765,harshil,111
5766,harshil,111111111111111111111111111111111111111111@1111111111111111111111111111a1111111111111111111a111111111
5767,harshil,1
5768,harshil,1
5769,harshil,1
5770,harshil,111111111111111111111111111111111111111111@1111111111111111111111111111a1111111111111111111a111111111
5771,harshil,111
5772,harshil,111111111111111111111111111111111111111111@1111111111111111111111111111a1111111111111111111a111111111
5773,harshil,1
5774,harshil,1
5775,harshil,1
5776,harshil,111111111111111111111111111111111111111111@1111111111111111111111111111a1111111111111111111a111111111
5777,harshil,111
5778,harshil,111111111111111111111111111111111111111111@1111111111111111111111111111a1111111111111111111a111111111
5779,harshil,1
5780,harshil,1
5781,harshil,1
5782,harshil,111111111111111111111111111111111111111111@1111111111111111111111111111a1111111111111111111a111111111
5783,harshil,111
5784,harshil,111111111111111111111111111111111111111111@1111111111111111111111111111a1111111111111111111a111111111
5785,harshil,1
5786,harshil,1
5787,harshil,1
5788,harshil,111111111111111111111111111111111111111111@1111111111111111111111111111a1111111111111111111a111111111
5789,harshil,111
5790,harshil,111111111111111111111111111111111111111111@1111111111111111111111111111a1111111111111111111a111111111
5791,harshil,1
5792,harshil,1
5793,harshil,1
5794,harshil,111111111111111111111111111111111111111111@1111111111111111111111111111a1111111111111111111a111111111
5795,harshil,111
5796,harshil,111111111111111111111111111111111111111111@1111111111111111111111111111a1111111111111111111a111111111
5797,harshil,1
5798,harshil,1
5799,harshil,1
5800,harshil,111111111111111111111111111111111111111111@1111111111111111111111111111a1111111111111111111a111111111
5801,harshil,111
5802,harshil,111111111111111111111111111111111111111111@1111111111111111111111111111a1111111111111111111a111111111
5803,harshil,1
5804,harshil,1
5805,harshil,1
5806,harshil,111111111111111111111111111111111111111111@1111111111111111111111111111a1111111111111111111a111111111
5807,harshil,111
5808,harshil,111111111111111111111111111111111111111111@1111111111111111111111111111a1111111111111111111a111111111
5809,harshil,1
5810,harshil,1
5811,harshil,1
5812,harshil,111111111111111111111111111111111111111111@1111111111111111111111111111a1111111111111111111a111111111
5813,harshil,111
5814,harshil,111111111111111111111111111111111111111111@1111111111111111111111111111a1111111111111111111a111111111
5815,harshil,1
5816,harshil,1
5817,harshil,1
5818,harshil,111111111111111111111111111111111111111111@1111111111111111111111111111a1111111111111111111a111111111
5819,harshil,111
5820,harshil,111111111111111111111111111111111111111111@1111111111111111111111111111a1111111111111111111a111111111
5821,harshil,1
5822,harshil,1
5823,harshil,1
5824,harshil,111111111111111111111111111111111111111111@1111111111111111111111111111a1111111111111111111a111111111
5825,harshil,111
5826,harshil,111111111111111111111111111111111111111111@1111111111111111111111111111a1111111111111111111a111111111
5827,harshil,1
5828,harshil,1
5829,harshil,1
5830,harshil,111111111111111111111111111111111111111111@1111111111111111111111111111a1111111111111111111a111111111
5831,harshil,111
5832,harshil,111111111111111111111111111111111111111111@1111111111111111111111111111a1111111111111111111a111111111
5833,harshil,1
5834,harshil,1
5835,harshil,1
5836,harshil,111111111111111111111111111111111111111111@1111111111111111111111111111a1111111111111111111a111111111
5837,harshil,111
5838,harshil,111111111111111111111111111111111111111111@1111111111111111111111111111a1111111111111111111a111111111
5839,harshil,1
5840,harshil,1
5841,harshil,1
5842,harshil,111111111111111111111111111111111111111111@1111111111111111111111111111a1111111111111111111a111111111
5843,harshil,111
5844,harshil,111111111111111111111111111111111111111111@1111111111111111111111111111a1111111111111111111a111111111
5845,harshil,1
5846,harshil,1
5847,harshil,1
5848,harshil,111111111111111111111111111111111111111111@1111111111111111111111111111a1111111111111111111a111111111
5849,harshil,111
5850,harshil,111111111111111111111111111111111111111111@1111111111111111111111111111a1111111111111111111a111111111
5851,harshil,1
5852,harshil,1
5853,harshil,1
5854,harshil,111111111111111111111111111111111111111111@1111111111111111111111111111a1111111111111111111a111111111
5855,harshil,111
5856,harshil,111111111111111111111111111111111111111111@1111111111111111111111111111a1111111111111111111a111111111
5857,harshil,1
5858,harshil,1
5859,harshil,1
5860,harshil,111111111111111111111111111111111111111111@1111111111111111111111111111a1111111111111111111a111111111
5861,harshil,111
5862,harshil,111111111111111111111111111111111111111111@1111111111111111111111111111a1111111111111111111a111111111
5863,harshil,1
5864,harshil,1
5865,harshil,1
5866,harshil,111111111111111111111111111111111111111111@1111111111111111111111111111a1111111111111111111a111111111
5867,harshil,111
5868,harshil,111111111111111111111111111111111111111111@1111111111111111111111111111a1111111111111111111a111111111
5869,harshil,1
5870,harshil,1
5871,harshil,1
5872,harshil,111111111111111111111111111111111111111111@1111111111111111111111111111a1111111111111111111a111111111
5873,harshil,111
5874,harshil,111111111111111111111111111111111111111111@1111111111111111111111111111a1111111111111111111a111111111
5875,harshil,1
5876,harshil,1
5877,harshil,1
5878,harshil,111111111111111111111111111111111111111111@1111111111111111111111111111a1111111111111111111a111111111
5879,harshil,111
5880,harshil,111111111111111111111111111111111111111111@1111111111111111111111111111a1111111111111111111a111111111
5881,harshil,1
5882,harshil,1
5883,harshil,1
5884,harshil,111111111111111111111111111111111111111111@1111111111111111111111111111a1111111111111111111a111111111
5885,harshil,111
5886,harshil,111111111111111111111111111111111111111111@1111111111111111111111111111a1111111111111111111a111111111
5887,harshil,1
5888,harshil,1
5889,harshil,1
5890,harshil,111111111111111111111111111111111111111111@1111111111111111111111111111a1111111111111111111a111111111
5891,harshil,111
5892,harshil,111111111111111111111111111111111111111111@1111111111111111111111111111a1111111111111111111a111111111
5893,harshil,1
5894,harshil,1
5895,harshil,1
5896,harshil,111111111111111111111111111111111111111111@1111111111111111111111111111a1111111111111111111a111111111
5897,harshil,111
5898,harshil,111111111111111111111111111111111111111111@1111111111111111111111111111a1111111111111111111a111111111
5899,harshil,1
5900,harshil,1
5901,harshil,1
5902,harshil,111111111111111111111111111111111111111111@1111111111111111111111111111a1111111111111111111a111111111
5903,harshil,111
5904,harshil,111111111111111111111111111111111111111111@1111111111111111111111111111a1111111111111111111a111111111
5905,harshil,1
5906,harshil,1
5907,harshil,1
5908,harshil,111111111111111111111111111111111111111111@1111111111111111111111111111a1111111111111111111a111111111
5909,harshil,111
5910,harshil,111111111111111111111111111111111111111111@1111111111111111111111111111a1111111111111111111a111111111
5911,harshil,1
5912,harshil,1
5913,harshil,1
5914,harshil,111111111111111111111111111111111111111111@1111111111111111111111111111a1111111111111111111a111111111
5915,harshil,111
5916,harshil,111111111111111111111111111111111111111111@1111111111111111111111111111a1111111111111111111a111111111
5917,harshil,1
5918,harshil,1
5919,harshil,1
5920,harshil,111111111111111111111111111111111111111111@1111111111111111111111111111a1111111111111111111a111111111
5921,harshil,111
5922,harshil,111111111111111111111111111111111111111111@1111111111111111111111111111a1111111111111111111a111111111
5923,harshil,1
5924,harshil,1
5925,harshil,1
5926,harshil,111111111111111111111111111111111111111111@1111111111111111111111111111a1111111111111111111a111111111
5927,harshil,111
5928,harshil,111111111111111111111111111111111111111111@1111111111111111111111111111a1111111111111111111a111111111
5929,harshil,1
5930,harshil,1
5931,harshil,1
5932,harshil,111111111111111111111111111111111111111111@1111111111111111111111111111a1111111111111111111a111111111
5933,harshil,111
5934,harshil,111111111111111111111111111111111111111111@1111111111111111111111111111a1111111111111111111a111111111
5935,harshil,1
5936,harshil,1
5937,harshil,1
5938,harshil,111111111111111111111111111111111111111111@1111111111111111111111111111a1111111111111111111a111111111
5939,harshil,111
5940,harshil,111111111111111111111111111111111111111111@1111111111111111111111111111a1111111111111111111a111111111
5941,harshil,1
5942,harshil,1
5943,harshil,1
5944,harshil,111111111111111111111111111111111111111111@1111111111111111111111111111a1111111111111111111a111111111
5945,harshil,111
5946,harshil,111111111111111111111111111111111111111111@1111111111111111111111111111a1111111111111111111a111111111
5947,harshil,1
5948,harshil,1
5949,harshil,1
5950,harshil,111111111111111111111111111111111111111111@1111111111111111111111111111a1111111111111111111a111111111
5951,harshil,111
5952,harshil,111111111111111111111111111111111111111111@1111111111111111111111111111a1111111111111111111a111111111
5953,harshil,1
5954,harshil,1
5955,harshil,1
5956,harshil,111111111111111111111111111111111111111111@1111111111111111111111111111a1111111111111111111a111111111
5957,harshil,111
5958,harshil,111111111111111111111111111111111111111111@1111111111111111111111111111a1111111111111111111a111111111
5959,harshil,1
5960,harshil,1
5961,harshil,1
5962,harshil,111111111111111111111111111111111111111111@1111111111111111111111111111a1111111111111111111a111111111
5963,harshil,111
5964,harshil,111111111111111111111111111111111111111111@1111111111111111111111111111a1111111111111111111a111111111
5965,harshil,1
5966,harshil,1
5967,harshil,1
5968,harshil,111111111111111111111111111111111111111111@1111111111111111111111111111a1111111111111111111a111111111
5969,harshil,111
5970,harshil,111111111111111111111111111111111111111111@1111111111111111111111111111a1111111111111111111a111111111
5971,harshil,1
5972,harshil,1
5973,harshil,1
5974,harshil,111111111111111111111111111111111111111111@1111111111111111111111111111a1111111111111111111a111111111
5975,harshil,111
5976,harshil,111111111111111111111111111111111111111111@1111111111111111111111111111a1111111111111111111a111111111
5977,harshil,1
5978,harshil,1
5979,harshil,1
5980,harshil,111111111111111111111111111111111111111111@1111111111111111111111111111a1111111111111111111a111111111
5981,harshil,111
5982,harshil,111111111111111111111111111111111111111111@1111111111111111111111111111a1111111111111111111a111111111
5983,harshil,1
5984,harshil,1
5985,harshil,1
5986,harshil,111111111111111111111111111111111111111111@1111111111111111111111111111a1111111111111111111a111111111
5987,harshil,111
5988,harshil,111111111111111111111111111111111111111111@1111111111111111111111111111a1111111111111111111a111111111
5989,harshil,1
5990,harshil,1
5991,harshil,1
5992,harshil,111111111111111111111111111111111111111111@1111111111111111111111111111a1111111111111111111a111111111
5993,harshil,111
5994,harshil,111111111111111111111111111111111111111111@1111111111111111111111111111a1111111111111111111a111111111
5995,harshil,1
5996,harshil,1
5997,harshil,1
5998,harshil,111111111111111111111111111111111111111111@1111111111111111111111111111a1111111111111111111a111111111
5999,harshil,111
6000,harshil,111111111111111111111111111111111111111111@1111111111111111111111111111a1111111111111111111a111111111
6001,harshil,1
6002,harshil,1
6003,harshil,1
6004,harshil,111111111111111111111111111111111111111111@1111111111111111111111111111a1111111111111111111a111111111
6005,harshil,111
6006,harshil,111111111111111111111111111111111111111111@1111111111111111111111111111a1111111111111111111a111111111
6007,harshil,1
6008,harshil,1
6009,harshil,1
6010,harshil,111111111111111111111111111111111111111111@1111111111111111111111111111a1111111111111111111a111111111
6011,harshil,111
6012,harshil,111111111111111111111111111111111111111111@1111111111111111111111111111a1111111111111111111a111111111
6013,harshil,1
6014,harshil,1
6015,harshil,1
6016,harshil,111111111111111111111111111111111111111111@1111111111111111111111111111a1111111111111111111a111111111
6017,harshil,111
6018,harshil,111111111111111111111111111111111111111111@1111111111111111111111111111a1111111111111111111a111111111
6019,harshil,1
6020,harshil,1
6021,harshil,1
6022,harshil,111111111111111111111111111111111111111111@1111111111111111111111111111a1111111111111111111a111111111
6023,harshil,111
6024,harshil,111111111111111111111111111111111111111111@1111111111111111111111111111a1111111111111111111a111111111
6025,harshil,1
6026,harshil,1
6027,harshil,1
6028,harshil,111111111111111111111111111111111111111111@1111111111111111111111111111a1111111111111111111a111111111
6029,harshil,111
6030,harshil,111111111111111111111111111111111111111111@1111111111111111111111111111a1111111111111111111a111111111
6031,harshil,1
6032,harshil,1
6033,harshil,1
6034,harshil,111111111111111111111111111111111111111111@1111111111111111111111111111a1111111111111111111a111111111
6035,harshil,111
6036,harshil,111111111111111111111111111111111111111111@1111111111111111111111111111a1111111111111111111a111111111
6037,harshil,1
6038,harshil,1
6039,harshil,1
6040,harshil,111111111111111111111111111111111111111111@1111111111111111111111111111a1111111111111111111a111111111
6041,harshil,111
6042,harshil,111111111111111111111111111111111111111111@1111111111111111111111111111a1111111111111111111a111111111
6043,harshil,1
6044,harshil,1
6045,harshil,1
6046,harshil,111111111111111111111111111111111111111111@1111111111111111111111111111a1111111111111111111a111111111
6047,harshil,111
6048,harshil,111111111111111111111111111111111111111111@1111111111111111111111111111a1111111111111111111a111111111
6049,harshil,1
6050,harshil,1
6051,harshil,1
6052,harshil,111111111111111111111111111111111111111111@1111111111111111111111111111a1111111111111111111a111111111
6053,harshil,111
6054,harshil,111111111111111111111111111111111111111111@1111111111111111111111111111a1111111111111111111a111111111
6055,harshil,1
6056,harshil,1
6057,harshil,1
6058,harshil,111111111111111111111111111111111111111111@1111111111111111111111111111a1111111111111111111a111111111
6059,harshil,111
6060,harshil,111111111111111111111111111111111111111111@1111111111111111111111111111a1111111111111111111a111111111
6061,harshil,1
6062,harshil,1
6063,harshil,1
6064,harshil,111111111111111111111111111111111111111111@1111111111111111111111111111a1111111111111111111a111111111
6065,harshil,111
6066,harshil,111111111111111111111111111111111111111111@1111111111111111111111111111a1111111111111111111a111111111
6067,harshil,1
6068,harshil,1
6069,harshil,1
6070,harshil,111111111111111111111111111111111111111111@1111111111111111111111111111a1111111111111111111a111111111
6071,harshil,111
6072,harshil,111111111111111111111111111111111111111111@1111111111111111111111111111a1111111111111111111a111111111
6073,harshil,1
6074,harshil,1
6075,harshil,1
6076,harshil,111111111111111111111111111111111111111111@1111111111111111111111111111a1111111111111111111a111111111
6077,harshil,111
6078,harshil,111111111111111111111111111111111111111111@1111111111111111111111111111a1111111111111111111a111111111
6079,harshil,1
6080,harshil,1
6081,harshil,1
6082,harshil,111111111111111111111111111111111111111111@1111111111111111111111111111a1111111111111111111a111111111
6083,harshil,111
6084,harshil,111111111111111111111111111111111111111111@1111111111111111111111111111a1111111111111111111a111111111
6085,harshil,1
6086,harshil,1
6087,harshil,1
6088,harshil,111111111111111111111111111111111111111111@1111111111111111111111111111a1111111111111111111a111111111
6089,harshil,111
6090,harshil,111111111111111111111111111111111111111111@1111111111111111111111111111a1111111111111111111a111111111
6091,harshil,1
6092,harshil,1
6093,harshil,1
6094,harshil,111111111111111111111111111111111111111111@1111111111111111111111111111a1111111111111111111a111111111
6095,harshil,111
6096,harshil,111111111111111111111111111111111111111111@1111111111111111111111111111a1111111111111111111a111111111
6097,harshil,1
6098,harshil,1
6099,harshil,1
6100,harshil,111111111111111111111111111111111111111111@1111111111111111111111111111a1111111111111111111a111111111
6101,harshil,111
6102,harshil,111111111111111111111111111111111111111111@1111111111111111111111111111a1111111111111111111a111111111
6103,harshil,1
6104,harshil,1
6105,harshil,1
6106,harshil,111111111111111111111111111111111111111111@1111111111111111111111111111a1111111111111111111a111111111
6107,harshil,111
6108,harshil,111111111111111111111111111111111111111111@1111111111111111111111111111a1111111111111111111a111111111
6109,harshil,1
6110,harshil,1
6111,harshil,1
6112,harshil,111111111111111111111111111111111111111111@1111111111111111111111111111a1111111111111111111a111111111
6113,harshil,111
6114,harshil,111111111111111111111111111111111111111111@1111111111111111111111111111a1111111111111111111a111111111
6115,harshil,1
6116,harshil,1
6117,harshil,1
6118,harshil,111111111111111111111111111111111111111111@1111111111111111111111111111a1111111111111111111a111111111
6119,harshil,111
6120,harshil,111111111111111111111111111111111111111111@1111111111111111111111111111a1111111111111111111a111111111
6121,harshil,1
6122,harshil,1
6123,harshil,1
6124,harshil,111111111111111111111111111111111111111111@1111111111111111111111111111a1111111111111111111a111111111
6125,harshil,111
6126,harshil,111111111111111111111111111111111111111111@1111111111111111111111111111a1111111111111111111a111111111
6127,harshil,1
6128,harshil,1
6129,harshil,1
6130,harshil,111111111111111111111111111111111111111111@1111111111111111111111111111a1111111111111111111a111111111
6131,harshil,111
6132,harshil,111111111111111111111111111111111111111111@1111111111111111111111111111a1111111111111111111a111111111
6133,harshil,1
6134,harshil,1
6135,harshil,1
6136,harshil,111111111111111111111111111111111111111111@1111111111111111111111111111a1111111111111111111a111111111
6137,harshil,111
6138,harshil,111111111111111111111111111111111111111111@1111111111111111111111111111a1111111111111111111a111111111
6139,harshil,1
6140,harshil,1
6141,harshil,1
6142,harshil,111111111111111111111111111111111111111111@1111111111111111111111111111a1111111111111111111a111111111
6143,harshil,111
6144,harshil,111111111111111111111111111111111111111111@1111111111111111111111111111a1111111111111111111a111111111
6145,harshil,1
6146,harshil,1
6147,harshil,1
6148,harshil,111111111111111111111111111111111111111111@1111111111111111111111111111a1111111111111111111a111111111
6149,harshil,111
6150,harshil,111111111111111111111111111111111111111111@1111111111111111111111111111a1111111111111111111a111111111
6151,harshil,1
6152,harshil,1
6153,harshil,1
6154,harshil,111111111111111111111111111111111111111111@1111111111111111111111111111a1111111111111111111a111111111
6155,harshil,111
6156,harshil,111111111111111111111111111111111111111111@1111111111111111111111111111a1111111111111111111a111111111
6157,harshil,1
6158,harshil,1
6159,harshil,1
6160,harshil,111111111111111111111111111111111111111111@1111111111111111111111111111a1111111111111111111a111111111
6161,harshil,111
6162,harshil,111111111111111111111111111111111111111111@1111111111111111111111111111a1111111111111111111a111111111
6163,harshil,1
6164,harshil,1
6165,harshil,1
6166,harshil,111111111111111111111111111111111111111111@1111111111111111111111111111a1111111111111111111a111111111
6167,harshil,111
6168,harshil,111111111111111111111111111111111111111111@1111111111111111111111111111a1111111111111111111a111111111
6169,harshil,1
6170,harshil,1
6171,harshil,1
6172,harshil,111111111111111111111111111111111111111111@1111111111111111111111111111a1111111111111111111a111111111
6173,harshil,111
6174,harshil,111111111111111111111111111111111111111111@1111111111111111111111111111a1111111111111111111a111111111
6175,harshil,1
6176,harshil,1
6177,harshil,1
6178,harshil,111111111111111111111111111111111111111111@1111111111111111111111111111a1111111111111111111a111111111
6179,harshil,111
6180,harshil,111111111111111111111111111111111111111111@1111111111111111111111111111a1111111111111111111a111111111
6181,harshil,1
6182,harshil,1
6183,harshil,1
6184,harshil,111111111111111111111111111111111111111111@1111111111111111111111111111a1111111111111111111a111111111
6185,harshil,111
6186,harshil,111111111111111111111111111111111111111111@1111111111111111111111111111a1111111111111111111a111111111
6187,harshil,1
6188,harshil,1
6189,harshil,1
6190,harshil,111111111111111111111111111111111111111111@1111111111111111111111111111a1111111111111111111a111111111
6191,harshil,111
6192,harshil,111111111111111111111111111111111111111111@1111111111111111111111111111a1111111111111111111a111111111
6193,harshil,1
6194,harshil,1
6195,harshil,1
6196,harshil,111111111111111111111111111111111111111111@1111111111111111111111111111a1111111111111111111a111111111
6197,harshil,111
6198,harshil,111111111111111111111111111111111111111111@1111111111111111111111111111a1111111111111111111a111111111
6199,harshil,1
6200,harshil,1
6201,harshil,1
6202,harshil,111111111111111111111111111111111111111111@1111111111111111111111111111a1111111111111111111a111111111
6203,harshil,111
6204,harshil,111111111111111111111111111111111111111111@1111111111111111111111111111a1111111111111111111a111111111
6205,harshil,1
6206,harshil,1
6207,harshil,1
6208,harshil,111111111111111111111111111111111111111111@1111111111111111111111111111a1111111111111111111a111111111
6209,harshil,111
6210,harshil,111111111111111111111111111111111111111111@1111111111111111111111111111a1111111111111111111a111111111
6211,harshil,1
6212,harshil,1
6213,harshil,1
6214,harshil,111111111111111111111111111111111111111111@1111111111111111111111111111a1111111111111111111a111111111
6215,harshil,111
6216,harshil,111111111111111111111111111111111111111111@1111111111111111111111111111a1111111111111111111a111111111
6217,harshil,1
6218,harshil,1
6219,harshil,1
6220,harshil,111111111111111111111111111111111111111111@1111111111111111111111111111a1111111111111111111a111111111
6221,harshil,111
6222,harshil,111111111111111111111111111111111111111111@1111111111111111111111111111a1111111111111111111a111111111
6223,harshil,1
6224,harshil,1
6225,harshil,1
6226,harshil,111111111111111111111111111111111111111111@1111111111111111111111111111a1111111111111111111a111111111
6227,harshil,111
6228,harshil,111111111111111111111111111111111111111111@1111111111111111111111111111a1111111111111111111a111111111
6229,harshil,1
6230,harshil,1
6231,harshil,1
6232,harshil,111111111111111111111111111111111111111111@1111111111111111111111111111a1111111111111111111a111111111
6233,harshil,111
6234,harshil,111111111111111111111111111111111111111111@1111111111111111111111111111a1111111111111111111a111111111
6235,harshil,1
6236,harshil,1
6237,harshil,1
6238,harshil,111111111111111111111111111111111111111111@1111111111111111111111111111a1111111111111111111a111111111
6239,harshil,111
6240,harshil,111111111111111111111111111111111111111111@1111111111111111111111111111a1111111111111111111a111111111
6241,harshil,1
6242,harshil,1
6243,harshil,1
6244,harshil,111111111111111111111111111111111111111111@1111111111111111111111111111a1111111111111111111a111111111
6245,harshil,111
6246,harshil,111111111111111111111111111111111111111111@1111111111111111111111111111a1111111111111111111a111111111
6247,harshil,1
6248,harshil,1
6249,harshil,1
6250,harshil,111111111111111111111111111111111111111111@1111111111111111111111111111a1111111111111111111a111111111
6251,harshil,111
6252,harshil,111111111111111111111111111111111111111111@1111111111111111111111111111a1111111111111111111a111111111
6253,harshil,1
6254,harshil,1
6255,harshil,1
6256,harshil,111111111111111111111111111111111111111111@1111111111111111111111111111a1111111111111111111a111111111
6257,harshil,111
6258,harshil,111111111111111111111111111111111111111111@1111111111111111111111111111a1111111111111111111a111111111
6259,harshil,1
6260,harshil,1
6261,harshil,1
6262,harshil,111111111111111111111111111111111111111111@1111111111111111111111111111a1111111111111111111a111111111
6263,harshil,111
6264,harshil,111111111111111111111111111111111111111111@1111111111111111111111111111a1111111111111111111a111111111
6265,harshil,1
6266,harshil,1
6267,harshil,1
6268,harshil,111111111111111111111111111111111111111111@1111111111111111111111111111a1111111111111111111a111111111
6269,harshil,111
6270,harshil,111111111111111111111111111111111111111111@1111111111111111111111111111a1111111111111111111a111111111
6271,harshil,1
6272,harshil,1
6273,harshil,1
6274,harshil,111111111111111111111111111111111111111111@1111111111111111111111111111a1111111111111111111a111111111
6275,harshil,111
6276,harshil,111111111111111111111111111111111111111111@1111111111111111111111111111a1111111111111111111a111111111
6277,harshil,1
6278,harshil,1
6279,harshil,1
6280,harshil,111111111111111111111111111111111111111111@1111111111111111111111111111a1111111111111111111a111111111
6281,harshil,111
6282,harshil,111111111111111111111111111111111111111111@1111111111111111111111111111a1111111111111111111a111111111
6283,harshil,1
6284,harshil,1
6285,harshil,1
6286,harshil,111111111111111111111111111111111111111111@1111111111111111111111111111a1111111111111111111a111111111
6287,harshil,111
6288,harshil,111111111111111111111111111111111111111111@1111111111111111111111111111a1111111111111111111a111111111
6289,harshil,1
6290,harshil,1
6291,harshil,1
6292,harshil,111111111111111111111111111111111111111111@1111111111111111111111111111a1111111111111111111a111111111
6293,harshil,111
6294,harshil,111111111111111111111111111111111111111111@1111111111111111111111111111a1111111111111111111a111111111
6295,harshil,1
6296,harshil,1
6297,harshil,1
6298,harshil,111111111111111111111111111111111111111111@1111111111111111111111111111a1111111111111111111a111111111
6299,harshil,111
6300,harshil,111111111111111111111111111111111111111111@1111111111111111111111111111a1111111111111111111a111111111
6301,harshil,1
6302,harshil,1
6303,harshil,1
6304,harshil,111111111111111111111111111111111111111111@1111111111111111111111111111a1111111111111111111a111111111
6305,harshil,111
6306,harshil,111111111111111111111111111111111111111111@1111111111111111111111111111a1111111111111111111a111111111
6307,harshil,1
6308,harshil,1
6309,harshil,1
6310,harshil,111111111111111111111111111111111111111111@1111111111111111111111111111a1111111111111111111a111111111
6311,harshil,111
6312,harshil,111111111111111111111111111111111111111111@1111111111111111111111111111a1111111111111111111a111111111
6313,harshil,1
6314,harshil,1
6315,harshil,1
6316,harshil,111111111111111111111111111111111111111111@1111111111111111111111111111a1111111111111111111a111111111
6317,harshil,111
6318,harshil,111111111111111111111111111111111111111111@1111111111111111111111111111a1111111111111111111a111111111
6319,harshil,1
6320,harshil,1
6321,harshil,1
6322,harshil,111111111111111111111111111111111111111111@1111111111111111111111111111a1111111111111111111a111111111
6323,harshil,111
6324,harshil,111111111111111111111111111111111111111111@1111111111111111111111111111a1111111111111111111a111111111
6325,harshil,1
6326,harshil,1
6327,harshil,1
6328,harshil,111111111111111111111111111111111111111111@1111111111111111111111111111a1111111111111111111a111111111
6329,harshil,111
6330,harshil,111111111111111111111111111111111111111111@1111111111111111111111111111a1111111111111111111a111111111
6331,harshil,1
6332,harshil,1
6333,harshil,1
6334,harshil,111111111111111111111111111111111111111111@1111111111111111111111111111a1111111111111111111a111111111
6335,harshil,111
6336,harshil,111111111111111111111111111111111111111111@1111111111111111111111111111a1111111111111111111a111111111
6337,harshil,1
6338,harshil,1
6339,harshil,1
6340,harshil,111111111111111111111111111111111111111111@1111111111111111111111111111a1111111111111111111a111111111
6341,harshil,111
6342,harshil,111111111111111111111111111111111111111111@1111111111111111111111111111a1111111111111111111a111111111
6343,harshil,1
6344,harshil,1
6345,harshil,1
6346,harshil,111111111111111111111111111111111111111111@1111111111111111111111111111a1111111111111111111a111111111
6347,harshil,111
6348,harshil,111111111111111111111111111111111111111111@1111111111111111111111111111a1111111111111111111a111111111
6349,harshil,1
6350,harshil,1
6351,harshil,1
6352,harshil,111111111111111111111111111111111111111111@1111111111111111111111111111a1111111111111111111a111111111
6353,harshil,111
6354,harshil,111111111111111111111111111111111111111111@1111111111111111111111111111a1111111111111111111a111111111
6355,harshil,1
6356,harshil,1
6357,harshil,1
6358,harshil,111111111111111111111111111111111111111111@1111111111111111111111111111a1111111111111111111a111111111
6359,harshil,111
6360,harshil,111111111111111111111111111111111111111111@1111111111111111111111111111a1111111111111111111a111111111
6361,harshil,1
6362,harshil,1
6363,harshil,1
6364,harshil,111111111111111111111111111111111111111111@1111111111111111111111111111a1111111111111111111a111111111
6365,harshil,111
6366,harshil,111111111111111111111111111111111111111111@1111111111111111111111111111a1111111111111111111a111111111
6367,harshil,1
6368,harshil,1
6369,harshil,1
6370,harshil,111111111111111111111111111111111111111111@1111111111111111111111111111a1111111111111111111a111111111
6371,harshil,111
6372,harshil,111111111111111111111111111111111111111111@1111111111111111111111111111a1111111111111111111a111111111
6373,harshil,1
6374,harshil,1
6375,harshil,1
6376,harshil,111111111111111111111111111111111111111111@1111111111111111111111111111a1111111111111111111a111111111
6377,harshil,111
6378,harshil,111111111111111111111111111111111111111111@1111111111111111111111111111a1111111111111111111a111111111
6379,harshil,1
6380,harshil,1
6381,harshil,1
6382,harshil,111111111111111111111111111111111111111111@1111111111111111111111111111a1111111111111111111a111111111
6383,harshil,111
6384,harshil,111111111111111111111111111111111111111111@1111111111111111111111111111a1111111111111111111a111111111
6385,harshil,1
6386,harshil,1
6387,harshil,1
6388,harshil,111111111111111111111111111111111111111111@1111111111111111111111111111a1111111111111111111a111111111
6389,harshil,111
6390,harshil,111111111111111111111111111111111111111111@1111111111111111111111111111a1111111111111111111a111111111
6391,harshil,1
6392,harshil,1
6393,harshil,1
6394,harshil,111111111111111111111111111111111111111111@1111111111111111111111111111a1111111111111111111a111111111
6395,harshil,111
6396,harshil,111111111111111111111111111111111111111111@1111111111111111111111111111a1111111111111111111a111111111
6397,harshil,1
6398,harshil,1
6399,harshil,1
6400,harshil,111111111111111111111111111111111111111111@1111111111111111111111111111a1111111111111111111a111111111
6401,harshil,111
6402,harshil,111111111111111111111111111111111111111111@1111111111111111111111111111a1111111111111111111a111111111
6403,harshil,1
6404,harshil,1
6405,harshil,1
6406,harshil,111111111111111111111111111111111111111111@1111111111111111111111111111a1111111111111111111a111111111
6407,harshil,111
6408,harshil,111111111111111111111111111111111111111111@1111111111111111111111111111a1111111111111111111a111111111
6409,harshil,1
6410,harshil,1
6411,harshil,1
6412,harshil,111111111111111111111111111111111111111111@1111111111111111111111111111a1111111111111111111a111111111
6413,harshil,111
6414,harshil,111111111111111111111111111111111111111111@1111111111111111111111111111a1111111111111111111a111111111
6415,harshil,1
6416,harshil,1
6417,harshil,1
6418,harshil,111111111111111111111111111111111111111111@1111111111111111111111111111a1111111111111111111a111111111
6419,harshil,111
6420,harshil,111111111111111111111111111111111111111111@1111111111111111111111111111a1111111111111111111a111111111
6421,harshil,1
6422,harshil,1
6423,harshil,1
6424,harshil,111111111111111111111111111111111111111111@1111111111111111111111111111a1111111111111111111a111111111
6425,harshil,111
6426,harshil,111111111111111111111111111111111111111111@1111111111111111111111111111a1111111111111111111a111111111
6427,harshil,1
6428,harshil,1
6429,harshil,1
6430,harshil,111111111111111111111111111111111111111111@1111111111111111111111111111a1111111111111111111a111111111
6431,harshil,111
6432,harshil,111111111111111111111111111111111111111111@1111111111111111111111111111a1111111111111111111a111111111
6433,harshil,1
6434,harshil,1
6435,harshil,1
6436,harshil,111111111111111111111111111111111111111111@1111111111111111111111111111a1111111111111111111a111111111
6437,harshil,111
6438,harshil,111111111111111111111111111111111111111111@1111111111111111111111111111a1111111111111111111a111111111
6439,harshil,1
6440,harshil,1
6441,harshil,1
6442,harshil,111111111111111111111111111111111111111111@1111111111111111111111111111a1111111111111111111a111111111
6443,harshil,111
6444,harshil,111111111111111111111111111111111111111111@1111111111111111111111111111a1111111111111111111a111111111
6445,harshil,1
6446,harshil,1
6447,harshil,1
6448,harshil,111111111111111111111111111111111111111111@1111111111111111111111111111a1111111111111111111a111111111
6449,harshil,111
6450,harshil,111111111111111111111111111111111111111111@1111111111111111111111111111a1111111111111111111a111111111
6451,harshil,1
6452,harshil,1
6453,harshil,1
6454,harshil,111111111111111111111111111111111111111111@1111111111111111111111111111a1111111111111111111a111111111
6455,harshil,111
6456,harshil,111111111111111111111111111111111111111111@1111111111111111111111111111a1111111111111111111a111111111
6457,harshil,1
6458,harshil,1
6459,harshil,1
6460,harshil,111111111111111111111111111111111111111111@1111111111111111111111111111a1111111111111111111a111111111
6461,harshil,111
6462,harshil,111111111111111111111111111111111111111111@1111111111111111111111111111a1111111111111111111a111111111
6463,harshil,1
6464,harshil,1
6465,harshil,1
6466,harshil,111111111111111111111111111111111111111111@1111111111111111111111111111a1111111111111111111a111111111
6467,harshil,111
6468,harshil,111111111111111111111111111111111111111111@1111111111111111111111111111a1111111111111111111a111111111
6469,harshil,1
6470,harshil,1
6471,harshil,1
6472,harshil,111111111111111111111111111111111111111111@1111111111111111111111111111a1111111111111111111a111111111
6473,harshil,111
6474,harshil,111111111111111111111111111111111111111111@1111111111111111111111111111a1111111111111111111a111111111
6475,harshil,1
6476,harshil,1
6477,harshil,1
6478,harshil,111111111111111111111111111111111111111111@1111111111111111111111111111a1111111111111111111a111111111
6479,harshil,111
6480,harshil,111111111111111111111111111111111111111111@1111111111111111111111111111a1111111111111111111a111111111
6481,harshil,1
6482,harshil,1
6483,harshil,1
6484,harshil,111111111111111111111111111111111111111111@1111111111111111111111111111a1111111111111111111a111111111
6485,harshil,111
6486,harshil,111111111111111111111111111111111111111111@1111111111111111111111111111a1111111111111111111a111111111
6487,harshil,1
6488,harshil,1
6489,harshil,1
6490,harshil,111111111111111111111111111111111111111111@1111111111111111111111111111a1111111111111111111a111111111
6491,harshil,111
6492,harshil,111111111111111111111111111111111111111111@1111111111111111111111111111a1111111111111111111a111111111
6493,harshil,1
6494,harshil,1
6495,harshil,1
6496,harshil,111111111111111111111111111111111111111111@1111111111111111111111111111a1111111111111111111a111111111
6497,harshil,111
6498,harshil,111111111111111111111111111111111111111111@1111111111111111111111111111a1111111111111111111a111111111
6499,harshil,1
6500,harshil,1
6501,harshil,1
6502,harshil,111111111111111111111111111111111111111111@1111111111111111111111111111a1111111111111111111a111111111
6503,harshil,111
6504,harshil,111111111111111111111111111111111111111111@1111111111111111111111111111a1111111111111111111a111111111
6505,harshil,1
6506,harshil,1
6507,harshil,1
6508,harshil,111111111111111111111111111111111111111111@1111111111111111111111111111a1111111111111111111a111111111
6509,harshil,111
6510,harshil,111111111111111111111111111111111111111111@1111111111111111111111111111a1111111111111111111a111111111
6511,harshil,1
6512,harshil,1
6513,harshil,1
6514,harshil,111111111111111111111111111111111111111111@1111111111111111111111111111a1111111111111111111a111111111
6515,harshil,111
6516,harshil,111111111111111111111111111111111111111111@1111111111111111111111111111a1111111111111111111a111111111
6517,harshil,1
6518,harshil,1
6519,harshil,1
6520,harshil,111111111111111111111111111111111111111111@1111111111111111111111111111a1111111111111111111a111111111
6521,harshil,111
6522,harshil,111111111111111111111111111111111111111111@1111111111111111111111111111a1111111111111111111a111111111
6523,harshil,1
6524,harshil,1
6525,harshil,1
6526,harshil,111111111111111111111111111111111111111111@1111111111111111111111111111a1111111111111111111a111111111
6527,harshil,111
6528,harshil,111111111111111111111111111111111111111111@1111111111111111111111111111a1111111111111111111a111111111
6529,harshil,1
6530,harshil,1
6531,harshil,1
6532,harshil,111111111111111111111111111111111111111111@1111111111111111111111111111a1111111111111111111a111111111
6533,harshil,111
6534,harshil,111111111111111111111111111111111111111111@1111111111111111111111111111a1111111111111111111a111111111
6535,harshil,1
6536,harshil,1
6537,harshil,1
6538,harshil,111111111111111111111111111111111111111111@1111111111111111111111111111a1111111111111111111a111111111
6539,harshil,111
6540,harshil,111111111111111111111111111111111111111111@1111111111111111111111111111a1111111111111111111a111111111
6541,harshil,1
6542,harshil,1
6543,harshil,1
6544,harshil,111111111111111111111111111111111111111111@1111111111111111111111111111a1111111111111111111a111111111
6545,harshil,111
6546,harshil,111111111111111111111111111111111111111111@1111111111111111111111111111a1111111111111111111a111111111
6547,harshil,1
6548,harshil,1
6549,harshil,1
6550,harshil,111111111111111111111111111111111111111111@1111111111111111111111111111a1111111111111111111a111111111
6551,harshil,111
6552,harshil,111111111111111111111111111111111111111111@1111111111111111111111111111a1111111111111111111a111111111
6553,harshil,1
6554,harshil,1
6555,harshil,1
6556,harshil,111111111111111111111111111111111111111111@1111111111111111111111111111a1111111111111111111a111111111
6557,harshil,111
6558,harshil,111111111111111111111111111111111111111111@1111111111111111111111111111a1111111111111111111a111111111
6559,harshil,1
6560,harshil,1
6561,harshil,1
6562,harshil,111111111111111111111111111111111111111111@1111111111111111111111111111a1111111111111111111a111111111
6563,harshil,111
6564,harshil,111111111111111111111111111111111111111111@1111111111111111111111111111a1111111111111111111a111111111
6565,harshil,1
6566,harshil,1
6567,harshil,1
6568,harshil,111111111111111111111111111111111111111111@1111111111111111111111111111a1111111111111111111a111111111
6569,harshil,111
6570,harshil,111111111111111111111111111111111111111111@1111111111111111111111111111a1111111111111111111a111111111
6571,harshil,1
6572,harshil,1
6573,harshil,1
6574,harshil,111111111111111111111111111111111111111111@1111111111111111111111111111a1111111111111111111a111111111
6575,harshil,111
6576,harshil,111111111111111111111111111111111111111111@1111111111111111111111111111a1111111111111111111a111111111
6577,harshil,1
6578,harshil,1
6579,harshil,1
6580,harshil,111111111111111111111111111111111111111111@1111111111111111111111111111a1111111111111111111a111111111
6581,harshil,111
6582,harshil,111111111111111111111111111111111111111111@1111111111111111111111111111a1111111111111111111a111111111
6583,harshil,1
6584,harshil,1
6585,harshil,1
6586,harshil,111111111111111111111111111111111111111111@1111111111111111111111111111a1111111111111111111a111111111
6587,harshil,111
6588,harshil,111111111111111111111111111111111111111111@1111111111111111111111111111a1111111111111111111a111111111
6589,harshil,1
6590,harshil,1
6591,harshil,1
6592,harshil,111111111111111111111111111111111111111111@1111111111111111111111111111a1111111111111111111a111111111
6593,harshil,111
6594,harshil,111111111111111111111111111111111111111111@1111111111111111111111111111a1111111111111111111a111111111
6595,harshil,1
6596,harshil,1
6597,harshil,1
6598,harshil,111111111111111111111111111111111111111111@1111111111111111111111111111a1111111111111111111a111111111
6599,harshil,111
6600,harshil,111111111111111111111111111111111111111111@1111111111111111111111111111a1111111111111111111a111111111
6601,harshil,1
6602,harshil,1
6603,harshil,1
6604,harshil,111111111111111111111111111111111111111111@1111111111111111111111111111a1111111111111111111a111111111
6605,harshil,111
6606,harshil,111111111111111111111111111111111111111111@1111111111111111111111111111a1111111111111111111a111111111
6607,harshil,1
6608,harshil,1
6609,harshil,1
6610,harshil,111111111111111111111111111111111111111111@1111111111111111111111111111a1111111111111111111a111111111
6611,harshil,111
6612,harshil,111111111111111111111111111111111111111111@1111111111111111111111111111a1111111111111111111a111111111
6613,harshil,1
6614,harshil,1
6615,harshil,1
6616,harshil,111111111111111111111111111111111111111111@1111111111111111111111111111a1111111111111111111a111111111
6617,harshil,111
6618,harshil,111111111111111111111111111111111111111111@1111111111111111111111111111a1111111111111111111a111111111
6619,harshil,1
6620,harshil,1
6621,harshil,1
6622,harshil,111111111111111111111111111111111111111111@1111111111111111111111111111a1111111111111111111a111111111
6623,harshil,111
6624,harshil,111111111111111111111111111111111111111111@1111111111111111111111111111a1111111111111111111a111111111
6625,harshil,1
6626,harshil,1
6627,harshil,1
6628,harshil,111111111111111111111111111111111111111111@1111111111111111111111111111a1111111111111111111a111111111
6629,harshil,111
6630,harshil,111111111111111111111111111111111111111111@1111111111111111111111111111a1111111111111111111a111111111
6631,harshil,1
6632,harshil,1
6633,harshil,1
6634,harshil,111111111111111111111111111111111111111111@1111111111111111111111111111a1111111111111111111a111111111
6635,harshil,111
6636,harshil,111111111111111111111111111111111111111111@1111111111111111111111111111a1111111111111111111a111111111
6637,harshil,1
6638,harshil,1
6639,harshil,1
6640,harshil,111111111111111111111111111111111111111111@1111111111111111111111111111a1111111111111111111a111111111
6641,harshil,111
6642,harshil,111111111111111111111111111111111111111111@1111111111111111111111111111a1111111111111111111a111111111
6643,harshil,1
6644,harshil,1
6645,harshil,1
6646,harshil,111111111111111111111111111111111111111111@1111111111111111111111111111a1111111111111111111a111111111
6647,harshil,111
6648,harshil,111111111111111111111111111111111111111111@1111111111111111111111111111a1111111111111111111a111111111
6649,harshil,1
6650,harshil,1
6651,harshil,1
6652,harshil,111111111111111111111111111111111111111111@1111111111111111111111111111a1111111111111111111a111111111
6653,harshil,111
6654,harshil,111111111111111111111111111111111111111111@1111111111111111111111111111a1111111111111111111a111111111
6655,harshil,1
6656,harshil,1
6657,harshil,1
6658,harshil,111111111111111111111111111111111111111111@1111111111111111111111111111a1111111111111111111a111111111
6659,harshil,111
6660,harshil,111111111111111111111111111111111111111111@1111111111111111111111111111a1111111111111111111a111111111
6661,harshil,1
6662,harshil,1
6663,harshil,1
6664,harshil,111111111111111111111111111111111111111111@1111111111111111111111111111a1111111111111111111a111111111
6665,harshil,111
6666,harshil,111111111111111111111111111111111111111111@1111111111111111111111111111a1111111111111111111a111111111
6667,harshil,1
6668,harshil,1
6669,harshil,1
6670,harshil,111111111111111111111111111111111111111111@1111111111111111111111111111a1111111111111111111a111111111
6671,harshil,111
6672,harshil,111111111111111111111111111111111111111111@1111111111111111111111111111a1111111111111111111a111111111
6673,harshil,1
6674,harshil,1
6675,harshil,1
6676,harshil,111111111111111111111111111111111111111111@1111111111111111111111111111a1111111111111111111a111111111
6677,harshil,111
6678,harshil,111111111111111111111111111111111111111111@1111111111111111111111111111a1111111111111111111a111111111
6679,harshil,1
6680,harshil,1
6681,harshil,1
6682,harshil,111111111111111111111111111111111111111111@1111111111111111111111111111a1111111111111111111a111111111
6683,harshil,111
6684,harshil,111111111111111111111111111111111111111111@1111111111111111111111111111a1111111111111111111a111111111
6685,harshil,1
6686,harshil,1
6687,harshil,1
6688,harshil,111111111111111111111111111111111111111111@1111111111111111111111111111a1111111111111111111a111111111
6689,harshil,111
6690,harshil,111111111111111111111111111111111111111111@1111111111111111111111111111a1111111111111111111a111111111
6691,harshil,1
6692,harshil,1
6693,harshil,1
6694,harshil,111111111111111111111111111111111111111111@1111111111111111111111111111a1111111111111111111a111111111
6695,harshil,111
6696,harshil,111111111111111111111111111111111111111111@1111111111111111111111111111a1111111111111111111a111111111
6697,harshil,1
6698,harshil,1
6699,harshil,1
6700,harshil,111111111111111111111111111111111111111111@1111111111111111111111111111a1111111111111111111a111111111
6701,harshil,111
6702,harshil,111111111111111111111111111111111111111111@1111111111111111111111111111a1111111111111111111a111111111
6703,harshil,1
6704,harshil,1
6705,harshil,1
6706,harshil,111111111111111111111111111111111111111111@1111111111111111111111111111a1111111111111111111a111111111
6707,harshil,111
6708,harshil,111111111111111111111111111111111111111111@1111111111111111111111111111a1111111111111111111a111111111
6709,harshil,1
6710,harshil,1
6711,harshil,1
6712,harshil,111111111111111111111111111111111111111111@1111111111111111111111111111a1111111111111111111a111111111
6713,harshil,111
6714,harshil,111111111111111111111111111111111111111111@1111111111111111111111111111a1111111111111111111a111111111
6715,harshil,1
6716,harshil,1
6717,harshil,1
6718,harshil,111111111111111111111111111111111111111111@1111111111111111111111111111a1111111111111111111a111111111
6719,harshil,111
6720,harshil,111111111111111111111111111111111111111111@1111111111111111111111111111a1111111111111111111a111111111
6721,harshil,1
6722,harshil,1
6723,harshil,1
6724,harshil,111111111111111111111111111111111111111111@1111111111111111111111111111a1111111111111111111a111111111
6725,harshil,111
6726,harshil,111111111111111111111111111111111111111111@1111111111111111111111111111a1111111111111111111a111111111
6727,harshil,1
6728,harshil,1
6729,harshil,1
6730,harshil,111111111111111111111111111111111111111111@1111111111111111111111111111a1111111111111111111a111111111
6731,harshil,111
6732,harshil,111111111111111111111111111111111111111111@1111111111111111111111111111a1111111111111111111a111111111
6733,harshil,1
6734,harshil,1
6735,harshil,1
6736,harshil,111111111111111111111111111111111111111111@1111111111111111111111111111a1111111111111111111a111111111
6737,harshil,111
6738,harshil,111111111111111111111111111111111111111111@1111111111111111111111111111a1111111111111111111a111111111
6739,harshil,1
6740,harshil,1
6741,harshil,1
6742,harshil,111111111111111111111111111111111111111111@1111111111111111111111111111a1111111111111111111a111111111
6743,harshil,111
6744,harshil,111111111111111111111111111111111111111111@1111111111111111111111111111a1111111111111111111a111111111
6745,harshil,1
6746,harshil,1
6747,harshil,1
6748,harshil,111111111111111111111111111111111111111111@1111111111111111111111111111a1111111111111111111a111111111
6749,harshil,111
6750,harshil,111111111111111111111111111111111111111111@1111111111111111111111111111a1111111111111111111a111111111
6751,harshil,1
6752,harshil,1
6753,harshil,1
6754,harshil,111111111111111111111111111111111111111111@1111111111111111111111111111a1111111111111111111a111111111
6755,harshil,111
6756,harshil,111111111111111111111111111111111111111111@1111111111111111111111111111a1111111111111111111a111111111
6757,harshil,1
6758,harshil,1
6759,harshil,1
6760,harshil,111111111111111111111111111111111111111111@1111111111111111111111111111a1111111111111111111a111111111
6761,harshil,111
6762,harshil,111111111111111111111111111111111111111111@1111111111111111111111111111a1111111111111111111a111111111
6763,harshil,1
6764,harshil,1
6765,harshil,1
6766,harshil,111111111111111111111111111111111111111111@1111111111111111111111111111a1111111111111111111a111111111
6767,harshil,111
6768,harshil,111111111111111111111111111111111111111111@1111111111111111111111111111a1111111111111111111a111111111
6769,harshil,1
6770,harshil,1
6771,harshil,1
6772,harshil,111111111111111111111111111111111111111111@1111111111111111111111111111a1111111111111111111a111111111
6773,harshil,111
6774,harshil,111111111111111111111111111111111111111111@1111111111111111111111111111a1111111111111111111a111111111
6775,harshil,1
6776,harshil,1
6777,harshil,1
6778,harshil,111111111111111111111111111111111111111111@1111111111111111111111111111a1111111111111111111a111111111
6779,harshil,111
6780,harshil,111111111111111111111111111111111111111111@1111111111111111111111111111a1111111111111111111a111111111
6781,harshil,1
6782,harshil,1
6783,harshil,1
6784,harshil,111111111111111111111111111111111111111111@1111111111111111111111111111a1111111111111111111a111111111
6785,harshil,111
6786,harshil,111111111111111111111111111111111111111111@1111111111111111111111111111a1111111111111111111a111111111
6787,harshil,1
6788,harshil,1
6789,harshil,1
6790,harshil,111111111111111111111111111111111111111111@1111111111111111111111111111a1111111111111111111a111111111
6791,harshil,111
6792,harshil,111111111111111111111111111111111111111111@1111111111111111111111111111a1111111111111111111a111111111
6793,harshil,1
6794,harshil,1
6795,harshil,1
6796,harshil,111111111111111111111111111111111111111111@1111111111111111111111111111a1111111111111111111a111111111
6797,harshil,111
6798,harshil,111111111111111111111111111111111111111111@1111111111111111111111111111a1111111111111111111a111111111
6799,harshil,1
6800,harshil,1
6801,harshil,1
6802,harshil,111111111111111111111111111111111111111111@1111111111111111111111111111a1111111111111111111a111111111
6803,harshil,111
6804,harshil,111111111111111111111111111111111111111111@1111111111111111111111111111a1111111111111111111a111111111
6805,harshil,1
6806,harshil,1
6807,harshil,1
6808,harshil,111111111111111111111111111111111111111111@1111111111111111111111111111a1111111111111111111a111111111
6809,harshil,111
6810,harshil,111111111111111111111111111111111111111111@1111111111111111111111111111a1111111111111111111a111111111
6811,harshil,1
6812,harshil,1
6813,harshil,1
6814,harshil,111111111111111111111111111111111111111111@1111111111111111111111111111a1111111111111111111a111111111
6815,harshil,111
6816,harshil,111111111111111111111111111111111111111111@1111111111111111111111111111a1111111111111111111a111111111
6817,harshil,1
6818,harshil,1
6819,harshil,1
6820,harshil,111111111111111111111111111111111111111111@1111111111111111111111111111a1111111111111111111a111111111
6821,harshil,111
6822,harshil,111111111111111111111111111111111111111111@1111111111111111111111111111a1111111111111111111a111111111
6823,harshil,1
6824,harshil,1
6825,harshil,1
6826,harshil,111111111111111111111111111111111111111111@1111111111111111111111111111a1111111111111111111a111111111
6827,harshil,111
6828,harshil,111111111111111111111111111111111111111111@1111111111111111111111111111a1111111111111111111a111111111
6829,harshil,1
6830,harshil,1
6831,harshil,1
6832,harshil,111111111111111111111111111111111111111111@1111111111111111111111111111a1111111111111111111a111111111
6833,harshil,111
6834,harshil,111111111111111111111111111111111111111111@1111111111111111111111111111a1111111111111111111a111111111
6835,harshil,1
6836,harshil,1
6837,harshil,1
6838,harshil,111111111111111111111111111111111111111111@1111111111111111111111111111a1111111111111111111a111111111
6839,harshil,111
6840,harshil,111111111111111111111111111111111111111111@1111111111111111111111111111a1111111111111111111a111111111
6841,harshil,1
6842,harshil,1
6843,harshil,1
6844,harshil,111111111111111111111111111111111111111111@1111111111111111111111111111a1111111111111111111a111111111
6845,harshil,111
6846,harshil,111111111111111111111111111111111111111111@1111111111111111111111111111a1111111111111111111a111111111
6847,harshil,1
6848,harshil,1
6849,harshil,1
6850,harshil,111111111111111111111111111111111111111111@1111111111111111111111111111a1111111111111111111a111111111
6851,harshil,111
6852,harshil,111111111111111111111111111111111111111111@1111111111111111111111111111a1111111111111111111a111111111
6853,harshil,1
6854,harshil,1
6855,harshil,1
6856,harshil,111111111111111111111111111111111111111111@1111111111111111111111111111a1111111111111111111a111111111
6857,harshil,111
6858,harshil,111111111111111111111111111111111111111111@1111111111111111111111111111a1111111111111111111a111111111
6859,harshil,1
6860,harshil,1
6861,harshil,1
6862,harshil,111111111111111111111111111111111111111111@1111111111111111111111111111a1111111111111111111a111111111
6863,harshil,111
6864,harshil,111111111111111111111111111111111111111111@1111111111111111111111111111a1111111111111111111a111111111
6865,harshil,1
6866,harshil,1
6867,harshil,1
6868,harshil,111111111111111111111111111111111111111111@1111111111111111111111111111a1111111111111111111a111111111
6869,harshil,111
6870,harshil,111111111111111111111111111111111111111111@1111111111111111111111111111a1111111111111111111a111111111
6871,harshil,1
6872,harshil,1
6873,harshil,1
6874,harshil,111111111111111111111111111111111111111111@1111111111111111111111111111a1111111111111111111a111111111
6875,harshil,111
6876,harshil,111111111111111111111111111111111111111111@1111111111111111111111111111a1111111111111111111a111111111
6877,harshil,1
6878,harshil,1
6879,harshil,1
6880,harshil,111111111111111111111111111111111111111111@1111111111111111111111111111a1111111111111111111a111111111
6881,harshil,111
6882,harshil,111111111111111111111111111111111111111111@1111111111111111111111111111a1111111111111111111a111111111
6883,harshil,1
6884,harshil,1
6885,harshil,1
6886,harshil,111111111111111111111111111111111111111111@1111111111111111111111111111a1111111111111111111a111111111
6887,harshil,111
6888,harshil,111111111111111111111111111111111111111111@1111111111111111111111111111a1111111111111111111a111111111
6889,harshil,1
6890,harshil,1
6891,harshil,1
6892,harshil,111111111111111111111111111111111111111111@1111111111111111111111111111a1111111111111111111a111111111
6893,harshil,111
6894,harshil,111111111111111111111111111111111111111111@1111111111111111111111111111a1111111111111111111a111111111
6895,harshil,1
6896,harshil,1
6897,harshil,1
6898,harshil,111111111111111111111111111111111111111111@1111111111111111111111111111a1111111111111111111a111111111
6899,harshil,111
6900,harshil,111111111111111111111111111111111111111111@1111111111111111111111111111a1111111111111111111a111111111
6901,harshil,1
6902,harshil,1
6903,harshil,1
6904,harshil,111111111111111111111111111111111111111111@1111111111111111111111111111a1111111111111111111a111111111
6905,harshil,111
6906,harshil,111111111111111111111111111111111111111111@1111111111111111111111111111a1111111111111111111a111111111
6907,harshil,1
6908,harshil,1
6909,harshil,1
6910,harshil,111111111111111111111111111111111111111111@1111111111111111111111111111a1111111111111111111a111111111
6911,harshil,111
6912,harshil,111111111111111111111111111111111111111111@1111111111111111111111111111a1111111111111111111a111111111
6913,harshil,1
6914,harshil,1
6915,harshil,1
6916,harshil,111111111111111111111111111111111111111111@1111111111111111111111111111a1111111111111111111a111111111
6917,harshil,111
6918,harshil,111111111111111111111111111111111111111111@1111111111111111111111111111a1111111111111111111a111111111
6919,harshil,1
6920,harshil,1
6921,harshil,1
6922,harshil,111111111111111111111111111111111111111111@1111111111111111111111111111a1111111111111111111a111111111
6923,harshil,111
6924,harshil,111111111111111111111111111111111111111111@1111111111111111111111111111a1111111111111111111a111111111
6925,harshil,1
6926,harshil,1
6927,harshil,1
6928,harshil,111111111111111111111111111111111111111111@1111111111111111111111111111a1111111111111111111a111111111
6929,harshil,111
6930,harshil,111111111111111111111111111111111111111111@1111111111111111111111111111a1111111111111111111a111111111
6931,harshil,1
6932,harshil,1
6933,harshil,1
6934,harshil,111111111111111111111111111111111111111111@1111111111111111111111111111a1111111111111111111a111111111
6935,harshil,111
6936,harshil,111111111111111111111111111111111111111111@1111111111111111111111111111a1111111111111111111a111111111
6937,harshil,1
6938,harshil,1
6939,harshil,1
6940,harshil,111111111111111111111111111111111111111111@1111111111111111111111111111a1111111111111111111a111111111
6941,harshil,111
6942,harshil,111111111111111111111111111111111111111111@1111111111111111111111111111a1111111111111111111a111111111
6943,harshil,1
6944,harshil,1
6945,harshil,1
6946,harshil,111111111111111111111111111111111111111111@1111111111111111111111111111a1111111111111111111a111111111
6947,harshil,111
6948,harshil,111111111111111111111111111111111111111111@1111111111111111111111111111a1111111111111111111a111111111
6949,harshil,1
6950,harshil,1
6951,harshil,1
6952,harshil,111111111111111111111111111111111111111111@1111111111111111111111111111a1111111111111111111a111111111
6953,harshil,111
6954,harshil,111111111111111111111111111111111111111111@1111111111111111111111111111a1111111111111111111a111111111
6955,harshil,1
6956,harshil,1
6957,harshil,1
6958,harshil,111111111111111111111111111111111111111111@1111111111111111111111111111a1111111111111111111a111111111
6959,harshil,111
6960,harshil,111111111111111111111111111111111111111111@1111111111111111111111111111a1111111111111111111a111111111
6961,harshil,1
6962,harshil,1
6963,harshil,1
6964,harshil,111111111111111111111111111111111111111111@1111111111111111111111111111a1111111111111111111a111111111
6965,harshil,111
6966,harshil,111111111111111111111111111111111111111111@1111111111111111111111111111a1111111111111111111a111111111
6967,harshil,1
6968,harshil,1
6969,harshil,1
6970,harshil,111111111111111111111111111111111111111111@1111111111111111111111111111a1111111111111111111a111111111
6971,harshil,111
6972,harshil,111111111111111111111111111111111111111111@1111111111111111111111111111a1111111111111111111a111111111
6973,harshil,1
6974,harshil,1
6975,harshil,1
6976,harshil,111111111111111111111111111111111111111111@1111111111111111111111111111a1111111111111111111a111111111
6977,harshil,111
6978,harshil,111111111111111111111111111111111111111111@1111111111111111111111111111a1111111111111111111a111111111
6979,harshil,1
6980,harshil,1
6981,harshil,1
6982,harshil,111111111111111111111111111111111111111111@1111111111111111111111111111a1111111111111111111a111111111
6983,harshil,111
6984,harshil,111111111111111111111111111111111111111111@1111111111111111111111111111a1111111111111111111a111111111
6985,harshil,1
6986,harshil,1
6987,harshil,1
6988,harshil,111111111111111111111111111111111111111111@1111111111111111111111111111a1111111111111111111a111111111
6989,harshil,111
6990,harshil,111111111111111111111111111111111111111111@1111111111111111111111111111a1111111111111111111a111111111
6991,harshil,1
6992,harshil,1
6993,harshil,1
6994,harshil,111111111111111111111111111111111111111111@1111111111111111111111111111a1111111111111111111a111111111
6995,harshil,111
6996,harshil,111111111111111111111111111111111111111111@1111111111111111111111111111a1111111111111111111a111111111
6997,harshil,1
6998,harshil,1
6999,harshil,1
7000,harshil,111111111111111111111111111111111111111111@1111111111111111111111111111a1111111111111111111a111111111
7001,harshil,111
7002,harshil,111111111111111111111111111111111111111111@1111111111111111111111111111a1111111111111111111a111111111
7003,harshil,1
7004,harshil,1
7005,harshil,1
7006,harshil,111111111111111111111111111111111111111111@1111111111111111111111111111a1111111111111111111a111111111
7007,harshil,111
7008,harshil,111111111111111111111111111111111111111111@1111111111111111111111111111a1111111111111111111a111111111
7009,harshil,1
7010,harshil,1
7011,harshil,1
7012,harshil,111111111111111111111111111111111111111111@1111111111111111111111111111a1111111111111111111a111111111
7013,harshil,111
7014,harshil,111111111111111111111111111111111111111111@1111111111111111111111111111a1111111111111111111a111111111
7015,harshil,1
7016,harshil,1
7017,harshil,1
7018,harshil,111111111111111111111111111111111111111111@1111111111111111111111111111a1111111111111111111a111111111
7019,harshil,111
7020,harshil,111111111111111111111111111111111111111111@1111111111111111111111111111a1111111111111111111a111111111
7021,harshil,1
7022,harshil,1
7023,harshil,1
7024,harshil,111111111111111111111111111111111111111111@1111111111111111111111111111a1111111111111111111a111111111
7025,harshil,111
7026,harshil,111111111111111111111111111111111111111111@1111111111111111111111111111a1111111111111111111a111111111
7027,harshil,1
7028,harshil,1
7029,harshil,1
7030,harshil,111111111111111111111111111111111111111111@1111111111111111111111111111a1111111111111111111a111111111
7031,harshil,111
7032,harshil,111111111111111111111111111111111111111111@1111111111111111111111111111a1111111111111111111a111111111
7033,harshil,1
7034,harshil,1
7035,harshil,1
7036,harshil,111111111111111111111111111111111111111111@1111111111111111111111111111a1111111111111111111a111111111
7037,harshil,111
7038,harshil,111111111111111111111111111111111111111111@1111111111111111111111111111a1111111111111111111a111111111
7039,harshil,1
7040,harshil,1
7041,harshil,1
7042,harshil,111111111111111111111111111111111111111111@1111111111111111111111111111a1111111111111111111a111111111
7043,harshil,111
7044,harshil,111111111111111111111111111111111111111111@1111111111111111111111111111a1111111111111111111a111111111
7045,harshil,1
7046,harshil,1
7047,harshil,1
7048,harshil,111111111111111111111111111111111111111111@1111111111111111111111111111a1111111111111111111a111111111
7049,harshil,111
7050,harshil,111111111111111111111111111111111111111111@1111111111111111111111111111a1111111111111111111a111111111
7051,harshil,1
7052,harshil,1
7053,harshil,1
7054,harshil,111111111111111111111111111111111111111111@1111111111111111111111111111a1111111111111111111a111111111
7055,harshil,111
7056,harshil,111111111111111111111111111111111111111111@1111111111111111111111111111a1111111111111111111a111111111
7057,harshil,1
7058,harshil,1
7059,harshil,1
7060,harshil,111111111111111111111111111111111111111111@1111111111111111111111111111a1111111111111111111a111111111
7061,harshil,111
7062,harshil,111111111111111111111111111111111111111111@1111111111111111111111111111a1111111111111111111a111111111
7063,harshil,1
7064,harshil,1
7065,harshil,1
7066,harshil,111111111111111111111111111111111111111111@1111111111111111111111111111a1111111111111111111a111111111
7067,harshil,111
7068,harshil,111111111111111111111111111111111111111111@1111111111111111111111111111a1111111111111111111a111111111
7069,harshil,1
7070,harshil,1
7071,harshil,1
7072,harshil,111111111111111111111111111111111111111111@1111111111111111111111111111a1111111111111111111a111111111
7073,harshil,111
7074,harshil,111111111111111111111111111111111111111111@1111111111111111111111111111a1111111111111111111a111111111
7075,harshil,1
7076,harshil,1
7077,harshil,1
7078,harshil,111111111111111111111111111111111111111111@1111111111111111111111111111a1111111111111111111a111111111
7079,harshil,111
7080,harshil,111111111111111111111111111111111111111111@1111111111111111111111111111a1111111111111111111a111111111
7081,harshil,1
7082,harshil,1
7083,harshil,1
7084,harshil,111111111111111111111111111111111111111111@1111111111111111111111111111a1111111111111111111a111111111
7085,harshil,111
7086,harshil,111111111111111111111111111111111111111111@1111111111111111111111111111a1111111111111111111a111111111
7087,harshil,1
7088,harshil,1
7089,harshil,1
7090,harshil,111111111111111111111111111111111111111111@1111111111111111111111111111a1111111111111111111a111111111
7091,harshil,111
7092,harshil,111111111111111111111111111111111111111111@1111111111111111111111111111a1111111111111111111a111111111
7093,harshil,1
7094,harshil,1
7095,harshil,1
7096,harshil,111111111111111111111111111111111111111111@1111111111111111111111111111a1111111111111111111a111111111
7097,harshil,111
7098,harshil,111111111111111111111111111111111111111111@1111111111111111111111111111a1111111111111111111a111111111
7099,harshil,1
7100,harshil,1
7101,harshil,1
7102,harshil,111111111111111111111111111111111111111111@1111111111111111111111111111a1111111111111111111a111111111
7103,harshil,111
7104,harshil,111111111111111111111111111111111111111111@1111111111111111111111111111a1111111111111111111a111111111
7105,harshil,1
7106,harshil,1
7107,harshil,1
7108,harshil,111111111111111111111111111111111111111111@1111111111111111111111111111a1111111111111111111a111111111
7109,harshil,111
7110,harshil,111111111111111111111111111111111111111111@1111111111111111111111111111a1111111111111111111a111111111
7111,harshil,1
7112,harshil,1
7113,harshil,1
7114,harshil,111111111111111111111111111111111111111111@1111111111111111111111111111a1111111111111111111a111111111
7115,harshil,111
7116,harshil,111111111111111111111111111111111111111111@1111111111111111111111111111a1111111111111111111a111111111
7117,harshil,1
7118,harshil,1
7119,harshil,1
7120,harshil,111111111111111111111111111111111111111111@1111111111111111111111111111a1111111111111111111a111111111
7121,harshil,111
7122,harshil,111111111111111111111111111111111111111111@1111111111111111111111111111a1111111111111111111a111111111
7123,harshil,1
7124,harshil,1
7125,harshil,1
7126,harshil,111111111111111111111111111111111111111111@1111111111111111111111111111a1111111111111111111a111111111
7127,harshil,111
7128,harshil,111111111111111111111111111111111111111111@1111111111111111111111111111a1111111111111111111a111111111
7129,harshil,1
7130,harshil,1
7131,harshil,1
7132,harshil,111111111111111111111111111111111111111111@1111111111111111111111111111a1111111111111111111a111111111
7133,harshil,111
7134,harshil,111111111111111111111111111111111111111111@1111111111111111111111111111a1111111111111111111a111111111
7135,harshil,1
7136,harshil,1
7137,harshil,1
7138,harshil,111111111111111111111111111111111111111111@1111111111111111111111111111a1111111111111111111a111111111
7139,harshil,111
7140,harshil,111111111111111111111111111111111111111111@1111111111111111111111111111a1111111111111111111a111111111
7141,harshil,1
7142,harshil,1
7143,harshil,1
7144,harshil,111111111111111111111111111111111111111111@1111111111111111111111111111a1111111111111111111a111111111
7145,harshil,111
7146,harshil,111111111111111111111111111111111111111111@1111111111111111111111111111a1111111111111111111a111111111
7147,harshil,1
7148,harshil,1
7149,harshil,1
7150,harshil,111111111111111111111111111111111111111111@1111111111111111111111111111a1111111111111111111a111111111
7151,harshil,111
7152,harshil,111111111111111111111111111111111111111111@1111111111111111111111111111a1111111111111111111a111111111
7153,harshil,1
7154,harshil,1
7155,harshil,1
7156,harshil,111111111111111111111111111111111111111111@1111111111111111111111111111a1111111111111111111a111111111
7157,harshil,111
7158,harshil,111111111111111111111111111111111111111111@1111111111111111111111111111a1111111111111111111a111111111
7159,harshil,1
7160,harshil,1
7161,harshil,1
7162,harshil,111111111111111111111111111111111111111111@1111111111111111111111111111a1111111111111111111a111111111
7163,harshil,111
7164,harshil,111111111111111111111111111111111111111111@1111111111111111111111111111a1111111111111111111a111111111
7165,harshil,1
7166,harshil,1
7167,harshil,1
7168,harshil,111111111111111111111111111111111111111111@1111111111111111111111111111a1111111111111111111a111111111
7169,harshil,111
7170,harshil,111111111111111111111111111111111111111111@1111111111111111111111111111a1111111111111111111a111111111
7171,harshil,1
7172,harshil,1
7173,harshil,1
7174,harshil,111111111111111111111111111111111111111111@1111111111111111111111111111a1111111111111111111a111111111
7175,harshil,111
7176,harshil,111111111111111111111111111111111111111111@1111111111111111111111111111a1111111111111111111a111111111
7177,harshil,1
7178,harshil,1
7179,harshil,1
7180,harshil,111111111111111111111111111111111111111111@1111111111111111111111111111a1111111111111111111a111111111
7181,harshil,111
7182,harshil,111111111111111111111111111111111111111111@1111111111111111111111111111a1111111111111111111a111111111
7183,harshil,1
7184,harshil,1
7185,harshil,1
7186,harshil,111111111111111111111111111111111111111111@1111111111111111111111111111a1111111111111111111a111111111
7187,harshil,111
7188,harshil,111111111111111111111111111111111111111111@1111111111111111111111111111a1111111111111111111a111111111
7189,harshil,1
7190,harshil,1
7191,harshil,1
7192,harshil,111111111111111111111111111111111111111111@1111111111111111111111111111a1111111111111111111a111111111
7193,harshil,111
7194,harshil,111111111111111111111111111111111111111111@1111111111111111111111111111a1111111111111111111a111111111
7195,harshil,1
7196,harshil,1
7197,harshil,1
7198,harshil,111111111111111111111111111111111111111111@1111111111111111111111111111a1111111111111111111a111111111
7199,harshil,111
7200,harshil,111111111111111111111111111111111111111111@1111111111111111111111111111a1111111111111111111a111111111
7201,harshil,1
7202,harshil,1
7203,harshil,1
7204,harshil,111111111111111111111111111111111111111111@1111111111111111111111111111a1111111111111111111a111111111
7205,harshil,111
7206,harshil,111111111111111111111111111111111111111111@1111111111111111111111111111a1111111111111111111a111111111
7207,harshil,1
7208,harshil,1
7209,harshil,1
7210,harshil,111111111111111111111111111111111111111111@1111111111111111111111111111a1111111111111111111a111111111
7211,harshil,111
7212,harshil,111111111111111111111111111111111111111111@1111111111111111111111111111a1111111111111111111a111111111
7213,harshil,1
7214,harshil,1
7215,harshil,1
7216,harshil,111111111111111111111111111111111111111111@1111111111111111111111111111a1111111111111111111a111111111
7217,harshil,111
7218,harshil,111111111111111111111111111111111111111111@1111111111111111111111111111a1111111111111111111a111111111
7219,harshil,1
7220,harshil,1
7221,harshil,1
7222,harshil,111111111111111111111111111111111111111111@1111111111111111111111111111a1111111111111111111a111111111
7223,harshil,111
7224,harshil,111111111111111111111111111111111111111111@1111111111111111111111111111a1111111111111111111a111111111
7225,harshil,1
7226,harshil,1
7227,harshil,1
7228,harshil,111111111111111111111111111111111111111111@1111111111111111111111111111a1111111111111111111a111111111
7229,harshil,111
7230,harshil,111111111111111111111111111111111111111111@1111111111111111111111111111a1111111111111111111a111111111
7231,harshil,1
7232,harshil,1
7233,harshil,1
7234,harshil,111111111111111111111111111111111111111111@1111111111111111111111111111a1111111111111111111a111111111
7235,harshil,111
7236,harshil,111111111111111111111111111111111111111111@1111111111111111111111111111a1111111111111111111a111111111
7237,harshil,1
7238,harshil,1
7239,harshil,1
7240,harshil,111111111111111111111111111111111111111111@1111111111111111111111111111a1111111111111111111a111111111
7241,harshil,111
7242,harshil,111111111111111111111111111111111111111111@1111111111111111111111111111a1111111111111111111a111111111
7243,harshil,1
7244,harshil,1
7245,harshil,1
7246,harshil,111111111111111111111111111111111111111111@1111111111111111111111111111a1111111111111111111a111111111
7247,harshil,111
7248,harshil,111111111111111111111111111111111111111111@1111111111111111111111111111a1111111111111111111a111111111
7249,harshil,1
7250,harshil,1
7251,harshil,1
7252,harshil,111111111111111111111111111111111111111111@1111111111111111111111111111a1111111111111111111a111111111
7253,harshil,111
7254,harshil,111111111111111111111111111111111111111111@1111111111111111111111111111a1111111111111111111a111111111
7255,harshil,1
7256,harshil,1
7257,harshil,1
7258,harshil,111111111111111111111111111111111111111111@1111111111111111111111111111a1111111111111111111a111111111
7259,harshil,111
7260,harshil,111111111111111111111111111111111111111111@1111111111111111111111111111a1111111111111111111a111111111
7261,harshil,1
7262,harshil,1
7263,harshil,1
7264,harshil,111111111111111111111111111111111111111111@1111111111111111111111111111a1111111111111111111a111111111
7265,harshil,111
7266,harshil,111111111111111111111111111111111111111111@1111111111111111111111111111a1111111111111111111a111111111
7267,harshil,1
7268,harshil,1
7269,harshil,1
7270,harshil,111111111111111111111111111111111111111111@1111111111111111111111111111a1111111111111111111a111111111
7271,harshil,111
7272,harshil,111111111111111111111111111111111111111111@1111111111111111111111111111a1111111111111111111a111111111
7273,harshil,1
7274,harshil,1
7275,harshil,1
7276,harshil,111111111111111111111111111111111111111111@1111111111111111111111111111a1111111111111111111a111111111
7277,harshil,111
7278,harshil,111111111111111111111111111111111111111111@1111111111111111111111111111a1111111111111111111a111111111
7279,harshil,1
7280,harshil,1
7281,harshil,1
7282,harshil,111111111111111111111111111111111111111111@1111111111111111111111111111a1111111111111111111a111111111
7283,harshil,111
7284,harshil,111111111111111111111111111111111111111111@1111111111111111111111111111a1111111111111111111a111111111
7285,harshil,1
7286,harshil,1
7287,harshil,1
7288,harshil,111111111111111111111111111111111111111111@1111111111111111111111111111a1111111111111111111a111111111
7289,harshil,111
7290,harshil,111111111111111111111111111111111111111111@1111111111111111111111111111a1111111111111111111a111111111
7291,harshil,1
7292,harshil,1
7293,harshil,1
7294,harshil,111111111111111111111111111111111111111111@1111111111111111111111111111a1111111111111111111a111111111
7295,harshil,111
7296,harshil,111111111111111111111111111111111111111111@1111111111111111111111111111a1111111111111111111a111111111
7297,harshil,1
7298,harshil,1
7299,harshil,1
7300,harshil,111111111111111111111111111111111111111111@1111111111111111111111111111a1111111111111111111a111111111
7301,harshil,111
7302,harshil,111111111111111111111111111111111111111111@1111111111111111111111111111a1111111111111111111a111111111
7303,harshil,1
7304,harshil,1
7305,harshil,1
7306,harshil,111111111111111111111111111111111111111111@1111111111111111111111111111a1111111111111111111a111111111
7307,harshil,111
7308,harshil,111111111111111111111111111111111111111111@1111111111111111111111111111a1111111111111111111a111111111
7309,harshil,1
7310,harshil,1
7311,harshil,1
7312,harshil,111111111111111111111111111111111111111111@1111111111111111111111111111a1111111111111111111a111111111
7313,harshil,111
7314,harshil,111111111111111111111111111111111111111111@1111111111111111111111111111a1111111111111111111a111111111
7315,harshil,1
7316,harshil,1
7317,harshil,1
7318,harshil,111111111111111111111111111111111111111111@1111111111111111111111111111a1111111111111111111a111111111
7319,harshil,111
7320,harshil,111111111111111111111111111111111111111111@1111111111111111111111111111a1111111111111111111a111111111
7321,harshil,1
7322,harshil,1
7323,harshil,1
7324,harshil,111111111111111111111111111111111111111111@1111111111111111111111111111a1111111111111111111a111111111
7325,harshil,111
7326,harshil,111111111111111111111111111111111111111111@1111111111111111111111111111a1111111111111111111a111111111
7327,harshil,1
7328,harshil,1
7329,harshil,1
7330,harshil,111111111111111111111111111111111111111111@1111111111111111111111111111a1111111111111111111a111111111
7331,harshil,111
7332,harshil,111111111111111111111111111111111111111111@1111111111111111111111111111a1111111111111111111a111111111
7333,harshil,1
7334,harshil,1
7335,harshil,1
7336,harshil,111111111111111111111111111111111111111111@1111111111111111111111111111a1111111111111111111a111111111
7337,harshil,111
7338,harshil,111111111111111111111111111111111111111111@1111111111111111111111111111a1111111111111111111a111111111
7339,harshil,1
7340,harshil,1
7341,harshil,1
7342,harshil,111111111111111111111111111111111111111111@1111111111111111111111111111a1111111111111111111a111111111
7343,harshil,111
7344,harshil,111111111111111111111111111111111111111111@1111111111111111111111111111a1111111111111111111a111111111
7345,harshil,1
7346,harshil,1
7347,harshil,1
7348,harshil,111111111111111111111111111111111111111111@1111111111111111111111111111a1111111111111111111a111111111
7349,harshil,111
7350,harshil,111111111111111111111111111111111111111111@1111111111111111111111111111a1111111111111111111a111111111
7351,harshil,1
7352,harshil,1
7353,harshil,1
7354,harshil,111111111111111111111111111111111111111111@1111111111111111111111111111a1111111111111111111a111111111
7355,harshil,111
7356,harshil,111111111111111111111111111111111111111111@1111111111111111111111111111a1111111111111111111a111111111
7357,harshil,1
7358,harshil,1
7359,harshil,1
7360,harshil,111111111111111111111111111111111111111111@1111111111111111111111111111a1111111111111111111a111111111
7361,harshil,111
7362,harshil,111111111111111111111111111111111111111111@1111111111111111111111111111a1111111111111111111a111111111
7363,harshil,1
7364,harshil,1
7365,harshil,1
7366,harshil,111111111111111111111111111111111111111111@1111111111111111111111111111a1111111111111111111a111111111
7367,harshil,111
7368,harshil,111111111111111111111111111111111111111111@1111111111111111111111111111a1111111111111111111a111111111
7369,harshil,1
7370,harshil,1
7371,harshil,1
7372,harshil,111111111111111111111111111111111111111111@1111111111111111111111111111a1111111111111111111a111111111
7373,harshil,111
7374,harshil,111111111111111111111111111111111111111111@1111111111111111111111111111a1111111111111111111a111111111
7375,harshil,1
7376,harshil,1
7377,harshil,1
7378,harshil,111111111111111111111111111111111111111111@1111111111111111111111111111a1111111111111111111a111111111
7379,harshil,111
7380,harshil,111111111111111111111111111111111111111111@1111111111111111111111111111a1111111111111111111a111111111
7381,harshil,1
7382,harshil,1
7383,harshil,1
7384,harshil,111111111111111111111111111111111111111111@1111111111111111111111111111a1111111111111111111a111111111
7385,harshil,111
7386,harshil,111111111111111111111111111111111111111111@1111111111111111111111111111a1111111111111111111a111111111
7387,harshil,1
7388,harshil,1
7389,harshil,1
7390,harshil,111111111111111111111111111111111111111111@1111111111111111111111111111a1111111111111111111a111111111
7391,harshil,111
7392,harshil,111111111111111111111111111111111111111111@1111111111111111111111111111a1111111111111111111a111111111
7393,harshil,1
7394,harshil,1
7395,harshil,1
7396,harshil,111111111111111111111111111111111111111111@1111111111111111111111111111a1111111111111111111a111111111
7397,harshil,111
7398,harshil,111111111111111111111111111111111111111111@1111111111111111111111111111a1111111111111111111a111111111
7399,harshil,1
7400,harshil,1
7401,harshil,1
7402,harshil,111111111111111111111111111111111111111111@1111111111111111111111111111a1111111111111111111a111111111
7403,harshil,111
7404,harshil,111111111111111111111111111111111111111111@1111111111111111111111111111a1111111111111111111a111111111
7405,harshil,1
7406,harshil,1
7407,harshil,1
7408,harshil,111111111111111111111111111111111111111111@1111111111111111111111111111a1111111111111111111a111111111
7409,harshil,111
7410,harshil,111111111111111111111111111111111111111111@1111111111111111111111111111a1111111111111111111a111111111
7411,harshil,1
7412,harshil,1
7413,harshil,1
7414,harshil,111111111111111111111111111111111111111111@1111111111111111111111111111a1111111111111111111a111111111
7415,harshil,111
7416,harshil,111111111111111111111111111111111111111111@1111111111111111111111111111a1111111111111111111a111111111
7417,harshil,1
7418,harshil,1
7419,harshil,1
7420,harshil,111111111111111111111111111111111111111111@1111111111111111111111111111a1111111111111111111a111111111
7421,harshil,111
7422,harshil,111111111111111111111111111111111111111111@1111111111111111111111111111a1111111111111111111a111111111
7423,harshil,1
7424,harshil,1
7425,harshil,1
7426,harshil,111111111111111111111111111111111111111111@1111111111111111111111111111a1111111111111111111a111111111
7427,harshil,111
7428,harshil,111111111111111111111111111111111111111111@1111111111111111111111111111a1111111111111111111a111111111
7429,harshil,1
7430,harshil,1
7431,harshil,1
7432,harshil,111111111111111111111111111111111111111111@1111111111111111111111111111a1111111111111111111a111111111
7433,harshil,111
7434,harshil,111111111111111111111111111111111111111111@1111111111111111111111111111a1111111111111111111a111111111
7435,harshil,1
7436,harshil,1
7437,harshil,1
7438,harshil,111111111111111111111111111111111111111111@1111111111111111111111111111a1111111111111111111a111111111
7439,harshil,111
7440,harshil,111111111111111111111111111111111111111111@1111111111111111111111111111a1111111111111111111a111111111
7441,harshil,1
7442,harshil,1
7443,harshil,1
7444,harshil,111111111111111111111111111111111111111111@1111111111111111111111111111a1111111111111111111a111111111
7445,harshil,111
7446,harshil,111111111111111111111111111111111111111111@1111111111111111111111111111a1111111111111111111a111111111
7447,harshil,1
7448,harshil,1
7449,harshil,1
7450,harshil,111111111111111111111111111111111111111111@1111111111111111111111111111a1111111111111111111a111111111
7451,harshil,111
7452,harshil,111111111111111111111111111111111111111111@1111111111111111111111111111a1111111111111111111a111111111
7453,harshil,1
7454,harshil,1
7455,harshil,1
7456,harshil,111111111111111111111111111111111111111111@1111111111111111111111111111a1111111111111111111a111111111
7457,harshil,111
7458,harshil,111111111111111111111111111111111111111111@1111111111111111111111111111a1111111111111111111a111111111
7459,harshil,1
7460,harshil,1
7461,harshil,1
7462,harshil,111111111111111111111111111111111111111111@1111111111111111111111111111a1111111111111111111a111111111
7463,harshil,111
7464,harshil,111111111111111111111111111111111111111111@1111111111111111111111111111a1111111111111111111a111111111
7465,harshil,1
7466,harshil,1
7467,harshil,1
7468,harshil,111111111111111111111111111111111111111111@1111111111111111111111111111a1111111111111111111a111111111
7469,harshil,111
7470,harshil,111111111111111111111111111111111111111111@1111111111111111111111111111a1111111111111111111a111111111
7471,harshil,1
7472,harshil,1
7473,harshil,1
7474,harshil,111111111111111111111111111111111111111111@1111111111111111111111111111a1111111111111111111a111111111
7475,harshil,111
7476,harshil,111111111111111111111111111111111111111111@1111111111111111111111111111a1111111111111111111a111111111
7477,harshil,1
7478,harshil,1
7479,harshil,1
7480,harshil,111111111111111111111111111111111111111111@1111111111111111111111111111a1111111111111111111a111111111
7481,harshil,111
7482,harshil,111111111111111111111111111111111111111111@1111111111111111111111111111a1111111111111111111a111111111
7483,harshil,1
7484,harshil,1
7485,harshil,1
7486,harshil,111111111111111111111111111111111111111111@1111111111111111111111111111a1111111111111111111a111111111
7487,harshil,111
7488,harshil,111111111111111111111111111111111111111111@1111111111111111111111111111a1111111111111111111a111111111
7489,harshil,1
7490,harshil,1
7491,harshil,1
7492,harshil,111111111111111111111111111111111111111111@1111111111111111111111111111a1111111111111111111a111111111
7493,harshil,111
7494,harshil,111111111111111111111111111111111111111111@1111111111111111111111111111a1111111111111111111a111111111
7495,harshil,1
7496,harshil,1
7497,harshil,1
7498,harshil,111111111111111111111111111111111111111111@1111111111111111111111111111a1111111111111111111a111111111
7499,harshil,111
7500,harshil,111111111111111111111111111111111111111111@1111111111111111111111111111a1111111111111111111a111111111
7501,harshil,1
7502,harshil,1
7503,harshil,1
7504,harshil,111111111111111111111111111111111111111111@1111111111111111111111111111a1111111111111111111a111111111
7505,harshil,111
7506,harshil,111111111111111111111111111111111111111111@1111111111111111111111111111a1111111111111111111a111111111
7507,harshil,1
7508,harshil,1
7509,harshil,1
7510,harshil,111111111111111111111111111111111111111111@1111111111111111111111111111a1111111111111111111a111111111
7511,harshil,111
7512,harshil,111111111111111111111111111111111111111111@1111111111111111111111111111a1111111111111111111a111111111
7513,harshil,1
7514,harshil,1
7515,harshil,1
7516,harshil,111111111111111111111111111111111111111111@1111111111111111111111111111a1111111111111111111a111111111
7517,harshil,111
7518,harshil,111111111111111111111111111111111111111111@1111111111111111111111111111a1111111111111111111a111111111
7519,harshil,1
7520,harshil,1
7521,harshil,1
7522,harshil,111111111111111111111111111111111111111111@1111111111111111111111111111a1111111111111111111a111111111
7523,harshil,111
7524,harshil,111111111111111111111111111111111111111111@1111111111111111111111111111a1111111111111111111a111111111
7525,harshil,1
7526,harshil,1
7527,harshil,1
7528,harshil,111111111111111111111111111111111111111111@1111111111111111111111111111a1111111111111111111a111111111
7529,harshil,111
7530,harshil,111111111111111111111111111111111111111111@1111111111111111111111111111a1111111111111111111a111111111
7531,harshil,1
7532,harshil,1
7533,harshil,1
7534,harshil,111111111111111111111111111111111111111111@1111111111111111111111111111a1111111111111111111a111111111
7535,harshil,111
7536,harshil,111111111111111111111111111111111111111111@1111111111111111111111111111a1111111111111111111a111111111
7537,harshil,1
7538,harshil,1
7539,harshil,1
7540,harshil,111111111111111111111111111111111111111111@1111111111111111111111111111a1111111111111111111a111111111
7541,harshil,111
7542,harshil,111111111111111111111111111111111111111111@1111111111111111111111111111a1111111111111111111a111111111
7543,harshil,1
7544,harshil,1
7545,harshil,1
7546,harshil,111111111111111111111111111111111111111111@1111111111111111111111111111a1111111111111111111a111111111
7547,harshil,111
7548,harshil,111111111111111111111111111111111111111111@1111111111111111111111111111a1111111111111111111a111111111
7549,harshil,1
7550,harshil,1
7551,harshil,1
7552,harshil,111111111111111111111111111111111111111111@1111111111111111111111111111a1111111111111111111a111111111
7553,harshil,111
7554,harshil,111111111111111111111111111111111111111111@1111111111111111111111111111a1111111111111111111a111111111
7555,harshil,1
7556,harshil,1
7557,harshil,1
7558,harshil,111111111111111111111111111111111111111111@1111111111111111111111111111a1111111111111111111a111111111
7559,harshil,111
7560,harshil,111111111111111111111111111111111111111111@1111111111111111111111111111a1111111111111111111a111111111
7561,harshil,1
7562,harshil,1
7563,harshil,1
7564,harshil,111111111111111111111111111111111111111111@1111111111111111111111111111a1111111111111111111a111111111
7565,harshil,111
7566,harshil,111111111111111111111111111111111111111111@1111111111111111111111111111a1111111111111111111a111111111
7567,harshil,1
7568,harshil,1
7569,harshil,1
7570,harshil,111111111111111111111111111111111111111111@1111111111111111111111111111a1111111111111111111a111111111
7571,harshil,111
7572,harshil,111111111111111111111111111111111111111111@1111111111111111111111111111a1111111111111111111a111111111
7573,harshil,1
7574,harshil,1
7575,harshil,1
7576,harshil,111111111111111111111111111111111111111111@1111111111111111111111111111a1111111111111111111a111111111
7577,harshil,111
7578,harshil,111111111111111111111111111111111111111111@1111111111111111111111111111a1111111111111111111a111111111
7579,harshil,1
7580,harshil,1
7581,harshil,1
7582,harshil,111111111111111111111111111111111111111111@1111111111111111111111111111a1111111111111111111a111111111
7583,harshil,111
7584,harshil,111111111111111111111111111111111111111111@1111111111111111111111111111a1111111111111111111a111111111
7585,harshil,1
7586,harshil,1
7587,harshil,1
7588,harshil,111111111111111111111111111111111111111111@1111111111111111111111111111a1111111111111111111a111111111
7589,harshil,111
7590,harshil,111111111111111111111111111111111111111111@1111111111111111111111111111a1111111111111111111a111111111
7591,harshil,1
7592,harshil,1
7593,harshil,1
7594,harshil,111111111111111111111111111111111111111111@1111111111111111111111111111a1111111111111111111a111111111
7595,harshil,111
7596,harshil,111111111111111111111111111111111111111111@1111111111111111111111111111a1111111111111111111a111111111
7597,harshil,1
7598,harshil,1
7599,harshil,1
7600,harshil,111111111111111111111111111111111111111111@1111111111111111111111111111a1111111111111111111a111111111
7601,harshil,111
7602,harshil,111111111111111111111111111111111111111111@1111111111111111111111111111a1111111111111111111a111111111
7603,harshil,1
7604,harshil,1
7605,harshil,1
7606,harshil,111111111111111111111111111111111111111111@1111111111111111111111111111a1111111111111111111a111111111
7607,harshil,111
7608,harshil,111111111111111111111111111111111111111111@1111111111111111111111111111a1111111111111111111a111111111
7609,harshil,1
7610,harshil,1
7611,harshil,1
7612,harshil,111111111111111111111111111111111111111111@1111111111111111111111111111a1111111111111111111a111111111
7613,harshil,111
7614,harshil,111111111111111111111111111111111111111111@1111111111111111111111111111a1111111111111111111a111111111
7615,harshil,1
7616,harshil,1
7617,harshil,1
7618,harshil,111111111111111111111111111111111111111111@1111111111111111111111111111a1111111111111111111a111111111
7619,harshil,111
7620,harshil,111111111111111111111111111111111111111111@1111111111111111111111111111a1111111111111111111a111111111
7621,harshil,1
7622,harshil,1
7623,harshil,1
7624,harshil,111111111111111111111111111111111111111111@1111111111111111111111111111a1111111111111111111a111111111
7625,harshil,111
7626,harshil,111111111111111111111111111111111111111111@1111111111111111111111111111a1111111111111111111a111111111
7627,harshil,1
7628,harshil,1
7629,harshil,1
7630,harshil,111111111111111111111111111111111111111111@1111111111111111111111111111a1111111111111111111a111111111
7631,harshil,111
7632,harshil,111111111111111111111111111111111111111111@1111111111111111111111111111a1111111111111111111a111111111
7633,harshil,1
7634,harshil,1
7635,harshil,1
7636,harshil,111111111111111111111111111111111111111111@1111111111111111111111111111a1111111111111111111a111111111
7637,harshil,111
7638,harshil,111111111111111111111111111111111111111111@1111111111111111111111111111a1111111111111111111a111111111
7639,harshil,1
7640,harshil,1
7641,harshil,1
7642,harshil,111111111111111111111111111111111111111111@1111111111111111111111111111a1111111111111111111a111111111
7643,harshil,111
7644,harshil,111111111111111111111111111111111111111111@1111111111111111111111111111a1111111111111111111a111111111
7645,harshil,1
7646,harshil,1
7647,harshil,1
7648,harshil,111111111111111111111111111111111111111111@1111111111111111111111111111a1111111111111111111a111111111
7649,harshil,111
7650,harshil,111111111111111111111111111111111111111111@1111111111111111111111111111a1111111111111111111a111111111
7651,harshil,1
7652,harshil,1
7653,harshil,1
7654,harshil,111111111111111111111111111111111111111111@1111111111111111111111111111a1111111111111111111a111111111
7655,harshil,111
7656,harshil,111111111111111111111111111111111111111111@1111111111111111111111111111a1111111111111111111a111111111
7657,harshil,1
7658,harshil,1
7659,harshil,1
7660,harshil,111111111111111111111111111111111111111111@1111111111111111111111111111a1111111111111111111a111111111
7661,harshil,111
7662,harshil,111111111111111111111111111111111111111111@1111111111111111111111111111a1111111111111111111a111111111
7663,harshil,1
7664,harshil,1
7665,harshil,1
7666,harshil,111111111111111111111111111111111111111111@1111111111111111111111111111a1111111111111111111a111111111
7667,harshil,111
7668,harshil,111111111111111111111111111111111111111111@1111111111111111111111111111a1111111111111111111a111111111
7669,harshil,1
7670,harshil,1
7671,harshil,1
7672,harshil,111111111111111111111111111111111111111111@1111111111111111111111111111a1111111111111111111a111111111
7673,harshil,111
7674,harshil,111111111111111111111111111111111111111111@1111111111111111111111111111a1111111111111111111a111111111
7675,harshil,1
7676,harshil,1
7677,harshil,1
7678,harshil,111111111111111111111111111111111111111111@1111111111111111111111111111a1111111111111111111a111111111
7679,harshil,111
7680,harshil,111111111111111111111111111111111111111111@1111111111111111111111111111a1111111111111111111a111111111
7681,harshil,1
7682,harshil,1
7683,harshil,1
7684,harshil,111111111111111111111111111111111111111111@1111111111111111111111111111a1111111111111111111a111111111
7685,harshil,111
7686,harshil,111111111111111111111111111111111111111111@1111111111111111111111111111a1111111111111111111a111111111
7687,harshil,1
7688,harshil,1
7689,harshil,1
7690,harshil,111111111111111111111111111111111111111111@1111111111111111111111111111a1111111111111111111a111111111
7691,harshil,111
7692,harshil,111111111111111111111111111111111111111111@1111111111111111111111111111a1111111111111111111a111111111
7693,harshil,1
7694,harshil,1
7695,harshil,1
7696,harshil,111111111111111111111111111111111111111111@1111111111111111111111111111a1111111111111111111a111111111
7697,harshil,111
7698,harshil,111111111111111111111111111111111111111111@1111111111111111111111111111a1111111111111111111a111111111
7699,harshil,1
7700,harshil,1
7701,harshil,1
7702,harshil,111111111111111111111111111111111111111111@1111111111111111111111111111a1111111111111111111a111111111
7703,harshil,111
7704,harshil,111111111111111111111111111111111111111111@1111111111111111111111111111a1111111111111111111a111111111
7705,harshil,1
7706,harshil,1
7707,harshil,1
7708,harshil,111111111111111111111111111111111111111111@1111111111111111111111111111a1111111111111111111a111111111
7709,harshil,111
7710,harshil,111111111111111111111111111111111111111111@1111111111111111111111111111a1111111111111111111a111111111
7711,harshil,1
7712,harshil,1
7713,harshil,1
7714,harshil,111111111111111111111111111111111111111111@1111111111111111111111111111a1111111111111111111a111111111
7715,harshil,111
7716,harshil,111111111111111111111111111111111111111111@1111111111111111111111111111a1111111111111111111a111111111
7717,harshil,1
7718,harshil,1
7719,harshil,1
7720,harshil,111111111111111111111111111111111111111111@1111111111111111111111111111a1111111111111111111a111111111
7721,harshil,111
7722,harshil,111111111111111111111111111111111111111111@1111111111111111111111111111a1111111111111111111a111111111
7723,harshil,1
7724,harshil,1
7725,harshil,1
7726,harshil,111111111111111111111111111111111111111111@1111111111111111111111111111a1111111111111111111a111111111
7727,harshil,111
7728,harshil,111111111111111111111111111111111111111111@1111111111111111111111111111a1111111111111111111a111111111
7729,harshil,1
7730,harshil,1
7731,harshil,1
7732,harshil,111111111111111111111111111111111111111111@1111111111111111111111111111a1111111111111111111a111111111
7733,harshil,111
7734,harshil,111111111111111111111111111111111111111111@1111111111111111111111111111a1111111111111111111a111111111
7735,harshil,1
7736,harshil,1
7737,harshil,1
7738,harshil,111111111111111111111111111111111111111111@1111111111111111111111111111a1111111111111111111a111111111
7739,harshil,111
7740,harshil,111111111111111111111111111111111111111111@1111111111111111111111111111a1111111111111111111a111111111
7741,harshil,1
7742,harshil,1
7743,harshil,1
7744,harshil,111111111111111111111111111111111111111111@1111111111111111111111111111a1111111111111111111a111111111
7745,harshil,111
7746,harshil,111111111111111111111111111111111111111111@1111111111111111111111111111a1111111111111111111a111111111
7747,harshil,1
7748,harshil,1
7749,harshil,1
7750,harshil,111111111111111111111111111111111111111111@1111111111111111111111111111a1111111111111111111a111111111
7751,harshil,111
7752,harshil,111111111111111111111111111111111111111111@1111111111111111111111111111a1111111111111111111a111111111
7753,harshil,1
7754,harshil,1
7755,harshil,1
7756,harshil,111111111111111111111111111111111111111111@1111111111111111111111111111a1111111111111111111a111111111
7757,harshil,111
7758,harshil,111111111111111111111111111111111111111111@1111111111111111111111111111a1111111111111111111a111111111
7759,harshil,1
7760,harshil,1
7761,harshil,1
7762,harshil,111111111111111111111111111111111111111111@1111111111111111111111111111a1111111111111111111a111111111
7763,harshil,111
7764,harshil,111111111111111111111111111111111111111111@1111111111111111111111111111a1111111111111111111a111111111
7765,harshil,1
7766,harshil,1
7767,harshil,1
7768,harshil,111111111111111111111111111111111111111111@1111111111111111111111111111a1111111111111111111a111111111
7769,harshil,111
7770,harshil,111111111111111111111111111111111111111111@1111111111111111111111111111a1111111111111111111a111111111
7771,harshil,1
7772,harshil,1
7773,harshil,1
7774,harshil,111111111111111111111111111111111111111111@1111111111111111111111111111a1111111111111111111a111111111
7775,harshil,111
7776,harshil,111111111111111111111111111111111111111111@1111111111111111111111111111a1111111111111111111a111111111
7777,harshil,1
7778,harshil,1
7779,harshil,1
7780,harshil,111111111111111111111111111111111111111111@1111111111111111111111111111a1111111111111111111a111111111
7781,harshil,111
7782,harshil,111111111111111111111111111111111111111111@1111111111111111111111111111a1111111111111111111a111111111
7783,harshil,1
7784,harshil,1
7785,harshil,1
7786,harshil,111111111111111111111111111111111111111111@1111111111111111111111111111a1111111111111111111a111111111
7787,harshil,111
7788,harshil,111111111111111111111111111111111111111111@1111111111111111111111111111a1111111111111111111a111111111
7789,harshil,1
7790,harshil,1
7791,harshil,1
7792,harshil,111111111111111111111111111111111111111111@1111111111111111111111111111a1111111111111111111a111111111
7793,harshil,111
7794,harshil,111111111111111111111111111111111111111111@1111111111111111111111111111a1111111111111111111a111111111
7795,harshil,1
7796,harshil,1
7797,harshil,1
7798,harshil,111111111111111111111111111111111111111111@1111111111111111111111111111a1111111111111111111a111111111
7799,harshil,111
7800,harshil,111111111111111111111111111111111111111111@1111111111111111111111111111a1111111111111111111a111111111
7801,harshil,1
7802,harshil,1
7803,harshil,1
7804,harshil,111111111111111111111111111111111111111111@1111111111111111111111111111a1111111111111111111a111111111
7805,harshil,111
7806,harshil,111111111111111111111111111111111111111111@1111111111111111111111111111a1111111111111111111a111111111
7807,harshil,1
7808,harshil,1
7809,harshil,1
7810,harshil,111111111111111111111111111111111111111111@1111111111111111111111111111a1111111111111111111a111111111
7811,harshil,111
7812,harshil,111111111111111111111111111111111111111111@1111111111111111111111111111a1111111111111111111a111111111
7813,harshil,1
7814,harshil,1
7815,harshil,1
7816,harshil,111111111111111111111111111111111111111111@1111111111111111111111111111a1111111111111111111a111111111
7817,harshil,111
7818,harshil,111111111111111111111111111111111111111111@1111111111111111111111111111a1111111111111111111a111111111
7819,harshil,1
7820,harshil,1
7821,harshil,1
7822,harshil,111111111111111111111111111111111111111111@1111111111111111111111111111a1111111111111111111a111111111
7823,harshil,111
7824,harshil,111111111111111111111111111111111111111111@1111111111111111111111111111a1111111111111111111a111111111
7825,harshil,1
7826,harshil,1
7827,harshil,1
7828,harshil,111111111111111111111111111111111111111111@1111111111111111111111111111a1111111111111111111a111111111
7829,harshil,111
7830,harshil,111111111111111111111111111111111111111111@1111111111111111111111111111a1111111111111111111a111111111
7831,harshil,1
7832,harshil,1
7833,harshil,1
7834,harshil,111111111111111111111111111111111111111111@1111111111111111111111111111a1111111111111111111a111111111
7835,harshil,111
7836,harshil,111111111111111111111111111111111111111111@1111111111111111111111111111a1111111111111111111a111111111
7837,harshil,1
7838,harshil,1
7839,harshil,1
7840,harshil,111111111111111111111111111111111111111111@1111111111111111111111111111a1111111111111111111a111111111
7841,harshil,111
7842,harshil,111111111111111111111111111111111111111111@1111111111111111111111111111a1111111111111111111a111111111
7843,harshil,1
7844,harshil,1
7845,harshil,1
7846,harshil,111111111111111111111111111111111111111111@1111111111111111111111111111a1111111111111111111a111111111
7847,harshil,111
7848,harshil,111111111111111111111111111111111111111111@1111111111111111111111111111a1111111111111111111a111111111
7849,harshil,1
7850,harshil,1
7851,harshil,1
7852,harshil,111111111111111111111111111111111111111111@1111111111111111111111111111a1111111111111111111a111111111
7853,harshil,111
7854,harshil,111111111111111111111111111111111111111111@1111111111111111111111111111a1111111111111111111a111111111
7855,harshil,1
7856,harshil,1
7857,harshil,1
7858,harshil,111111111111111111111111111111111111111111@1111111111111111111111111111a1111111111111111111a111111111
7859,harshil,111
7860,harshil,111111111111111111111111111111111111111111@1111111111111111111111111111a1111111111111111111a111111111
7861,harshil,1
7862,harshil,1
7863,harshil,1
7864,harshil,111111111111111111111111111111111111111111@1111111111111111111111111111a1111111111111111111a111111111
7865,harshil,111
7866,harshil,111111111111111111111111111111111111111111@1111111111111111111111111111a1111111111111111111a111111111
7867,harshil,1
7868,harshil,1
7869,harshil,1
7870,harshil,111111111111111111111111111111111111111111@1111111111111111111111111111a1111111111111111111a111111111
7871,harshil,111
7872,harshil,111111111111111111111111111111111111111111@1111111111111111111111111111a1111111111111111111a111111111
7873,harshil,1
7874,harshil,1
7875,harshil,1
7876,harshil,111111111111111111111111111111111111111111@1111111111111111111111111111a1111111111111111111a111111111
7877,harshil,111
7878,harshil,111111111111111111111111111111111111111111@1111111111111111111111111111a1111111111111111111a111111111
7879,harshil,1
7880,harshil,1
7881,harshil,1
7882,harshil,111111111111111111111111111111111111111111@1111111111111111111111111111a1111111111111111111a111111111
7883,harshil,111
7884,harshil,111111111111111111111111111111111111111111@1111111111111111111111111111a1111111111111111111a111111111
7885,harshil,1
7886,harshil,1
7887,harshil,1
7888,harshil,111111111111111111111111111111111111111111@1111111111111111111111111111a1111111111111111111a111111111
7889,harshil,111
7890,harshil,111111111111111111111111111111111111111111@1111111111111111111111111111a1111111111111111111a111111111
7891,harshil,1
7892,harshil,1
7893,harshil,1
7894,harshil,111111111111111111111111111111111111111111@1111111111111111111111111111a1111111111111111111a111111111
7895,harshil,111
7896,harshil,111111111111111111111111111111111111111111@1111111111111111111111111111a1111111111111111111a111111111
7897,harshil,1
7898,harshil,1
7899,harshil,1
7900,harshil,111111111111111111111111111111111111111111@1111111111111111111111111111a1111111111111111111a111111111
7901,harshil,111
7902,harshil,111111111111111111111111111111111111111111@1111111111111111111111111111a1111111111111111111a111111111
7903,harshil,1
7904,harshil,1
7905,harshil,1
7906,harshil,111111111111111111111111111111111111111111@1111111111111111111111111111a1111111111111111111a111111111
7907,harshil,111
7908,harshil,111111111111111111111111111111111111111111@1111111111111111111111111111a1111111111111111111a111111111
7909,harshil,1
7910,harshil,1
7911,harshil,1
7912,harshil,111111111111111111111111111111111111111111@1111111111111111111111111111a1111111111111111111a111111111
7913,harshil,111
7914,harshil,111111111111111111111111111111111111111111@1111111111111111111111111111a1111111111111111111a111111111
7915,harshil,1
7916,harshil,1
7917,harshil,1
7918,harshil,111111111111111111111111111111111111111111@1111111111111111111111111111a1111111111111111111a111111111
7919,harshil,111
7920,harshil,111111111111111111111111111111111111111111@1111111111111111111111111111a1111111111111111111a111111111
7921,harshil,1
7922,harshil,1
7923,harshil,1
7924,harshil,111111111111111111111111111111111111111111@1111111111111111111111111111a1111111111111111111a111111111
7925,harshil,111
7926,harshil,111111111111111111111111111111111111111111@1111111111111111111111111111a1111111111111111111a111111111
7927,harshil,1
7928,harshil,1
7929,harshil,1
7930,harshil,111111111111111111111111111111111111111111@1111111111111111111111111111a1111111111111111111a111111111
7931,harshil,111
7932,harshil,111111111111111111111111111111111111111111@1111111111111111111111111111a1111111111111111111a111111111
7933,harshil,1
7934,harshil,1
7935,harshil,1
7936,harshil,111111111111111111111111111111111111111111@1111111111111111111111111111a1111111111111111111a111111111
7937,harshil,111
7938,harshil,111111111111111111111111111111111111111111@1111111111111111111111111111a1111111111111111111a111111111
7939,harshil,1
7940,harshil,1
7941,harshil,1
7942,harshil,111111111111111111111111111111111111111111@1111111111111111111111111111a1111111111111111111a111111111
7943,harshil,111
7944,harshil,111111111111111111111111111111111111111111@1111111111111111111111111111a1111111111111111111a111111111
7945,harshil,1
7946,harshil,1
7947,harshil,1
7948,harshil,111111111111111111111111111111111111111111@1111111111111111111111111111a1111111111111111111a111111111
7949,harshil,111
7950,harshil,111111111111111111111111111111111111111111@1111111111111111111111111111a1111111111111111111a111111111
7951,harshil,1
7952,harshil,1
7953,harshil,1
7954,harshil,111111111111111111111111111111111111111111@1111111111111111111111111111a1111111111111111111a111111111
7955,harshil,111
7956,harshil,111111111111111111111111111111111111111111@1111111111111111111111111111a1111111111111111111a111111111
7957,harshil,1
7958,harshil,1
7959,harshil,1
7960,harshil,111111111111111111111111111111111111111111@1111111111111111111111111111a1111111111111111111a111111111
7961,harshil,111
7962,harshil,111111111111111111111111111111111111111111@1111111111111111111111111111a1111111111111111111a111111111
7963,harshil,1
7964,harshil,1
7965,harshil,1
7966,harshil,111111111111111111111111111111111111111111@1111111111111111111111111111a1111111111111111111a111111111
7967,harshil,111
7968,harshil,111111111111111111111111111111111111111111@1111111111111111111111111111a1111111111111111111a111111111
7969,harshil,1
7970,harshil,1
7971,harshil,1
7972,harshil,111111111111111111111111111111111111111111@1111111111111111111111111111a1111111111111111111a111111111
7973,harshil,111
7974,harshil,111111111111111111111111111111111111111111@1111111111111111111111111111a1111111111111111111a111111111
7975,harshil,1
7976,harshil,1
7977,harshil,1
7978,harshil,111111111111111111111111111111111111111111@1111111111111111111111111111a1111111111111111111a111111111
7979,harshil,111
7980,harshil,111111111111111111111111111111111111111111@1111111111111111111111111111a1111111111111111111a111111111
7981,harshil,1
7982,harshil,1
7983,harshil,1
7984,harshil,111111111111111111111111111111111111111111@1111111111111111111111111111a1111111111111111111a111111111
7985,harshil,111
7986,harshil,111111111111111111111111111111111111111111@1111111111111111111111111111a1111111111111111111a111111111
7987,harshil,1
7988,harshil,1
7989,harshil,1
7990,harshil,111111111111111111111111111111111111111111@1111111111111111111111111111a1111111111111111111a111111111
7991,harshil,111
7992,harshil,111111111111111111111111111111111111111111@1111111111111111111111111111a1111111111111111111a111111111
7993,harshil,1
7994,harshil,1
7995,harshil,1
7996,harshil,111111111111111111111111111111111111111111@1111111111111111111111111111a1111111111111111111a111111111
7997,harshil,111
7998,harshil,111111111111111111111111111111111111111111@1111111111111111111111111111a1111111111111111111a111111111
7999,harshil,1
8000,harshil,1
8001,harshil,1
8002,harshil,111111111111111111111111111111111111111111@1111111111111111111111111111a1111111111111111111a111111111
8003,harshil,111
8004,harshil,111111111111111111111111111111111111111111@1111111111111111111111111111a1111111111111111111a111111111
8005,harshil,1
8006,harshil,1
8007,harshil,1
8008,harshil,111111111111111111111111111111111111111111@1111111111111111111111111111a1111111111111111111a111111111
8009,harshil,111
8010,harshil,111111111111111111111111111111111111111111@1111111111111111111111111111a1111111111111111111a111111111
8011,harshil,1
8012,harshil,1
8013,harshil,1
8014,harshil,111111111111111111111111111111111111111111@1111111111111111111111111111a1111111111111111111a111111111
8015,harshil,111
8016,harshil,111111111111111111111111111111111111111111@1111111111111111111111111111a1111111111111111111a111111111
8017,harshil,1
8018,harshil,1
8019,harshil,1
8020,harshil,111111111111111111111111111111111111111111@1111111111111111111111111111a1111111111111111111a111111111
8021,harshil,111
8022,harshil,111111111111111111111111111111111111111111@1111111111111111111111111111a1111111111111111111a111111111
8023,harshil,1
8024,harshil,1
8025,harshil,1
8026,harshil,111111111111111111111111111111111111111111@1111111111111111111111111111a1111111111111111111a111111111
8027,harshil,111
8028,harshil,111111111111111111111111111111111111111111@1111111111111111111111111111a1111111111111111111a111111111
8029,harshil,1
8030,harshil,1
8031,harshil,1
8032,harshil,111111111111111111111111111111111111111111@1111111111111111111111111111a1111111111111111111a111111111
8033,harshil,111
8034,harshil,111111111111111111111111111111111111111111@1111111111111111111111111111a1111111111111111111a111111111
8035,harshil,1
8036,harshil,1
8037,harshil,1
8038,harshil,111111111111111111111111111111111111111111@1111111111111111111111111111a1111111111111111111a111111111
8039,harshil,111
8040,harshil,111111111111111111111111111111111111111111@1111111111111111111111111111a1111111111111111111a111111111
8041,harshil,1
8042,harshil,1
8043,harshil,1
8044,harshil,111111111111111111111111111111111111111111@1111111111111111111111111111a1111111111111111111a111111111
8045,harshil,111
8046,harshil,111111111111111111111111111111111111111111@1111111111111111111111111111a1111111111111111111a111111111
8047,harshil,1
8048,harshil,1
8049,harshil,1
8050,harshil,111111111111111111111111111111111111111111@1111111111111111111111111111a1111111111111111111a111111111
8051,harshil,111
8052,harshil,111111111111111111111111111111111111111111@1111111111111111111111111111a1111111111111111111a111111111
8053,harshil,1
8054,harshil,1
8055,harshil,1
8056,harshil,111111111111111111111111111111111111111111@1111111111111111111111111111a1111111111111111111a111111111
8057,harshil,111
8058,harshil,111111111111111111111111111111111111111111@1111111111111111111111111111a1111111111111111111a111111111
8059,harshil,1
8060,harshil,1
8061,harshil,1
8062,harshil,111111111111111111111111111111111111111111@1111111111111111111111111111a1111111111111111111a111111111
8063,harshil,111
8064,harshil,111111111111111111111111111111111111111111@1111111111111111111111111111a1111111111111111111a111111111
8065,harshil,1
8066,harshil,1
8067,harshil,1
8068,harshil,111111111111111111111111111111111111111111@1111111111111111111111111111a1111111111111111111a111111111
8069,harshil,111
8070,harshil,111111111111111111111111111111111111111111@1111111111111111111111111111a1111111111111111111a111111111
8071,harshil,1
8072,harshil,1
8073,harshil,1
8074,harshil,111111111111111111111111111111111111111111@1111111111111111111111111111a1111111111111111111a111111111
8075,harshil,111
8076,harshil,111111111111111111111111111111111111111111@1111111111111111111111111111a1111111111111111111a111111111
8077,harshil,1
8078,harshil,1
8079,harshil,1
8080,harshil,111111111111111111111111111111111111111111@1111111111111111111111111111a1111111111111111111a111111111
8081,harshil,111
8082,harshil,111111111111111111111111111111111111111111@1111111111111111111111111111a1111111111111111111a111111111
8083,harshil,1
8084,harshil,1
8085,harshil,1
8086,harshil,111111111111111111111111111111111111111111@1111111111111111111111111111a1111111111111111111a111111111
8087,harshil,111
8088,harshil,111111111111111111111111111111111111111111@1111111111111111111111111111a1111111111111111111a111111111
8089,harshil,1
8090,harshil,1
8091,harshil,1
8092,harshil,111111111111111111111111111111111111111111@1111111111111111111111111111a1111111111111111111a111111111
8093,harshil,111
8094,harshil,111111111111111111111111111111111111111111@1111111111111111111111111111a1111111111111111111a111111111
8095,harshil,1
8096,harshil,1
8097,harshil,1
8098,harshil,111111111111111111111111111111111111111111@1111111111111111111111111111a1111111111111111111a111111111
8099,harshil,111
8100,harshil,111111111111111111111111111111111111111111@1111111111111111111111111111a1111111111111111111a111111111
8101,harshil,1
8102,harshil,1
8103,harshil,1
8104,harshil,111111111111111111111111111111111111111111@1111111111111111111111111111a1111111111111111111a111111111
8105,harshil,111
8106,harshil,111111111111111111111111111111111111111111@1111111111111111111111111111a1111111111111111111a111111111
8107,harshil,1
8108,harshil,1
8109,harshil,1
8110,harshil,111111111111111111111111111111111111111111@1111111111111111111111111111a1111111111111111111a111111111
8111,harshil,111
8112,harshil,111111111111111111111111111111111111111111@1111111111111111111111111111a1111111111111111111a111111111
8113,harshil,1
8114,harshil,1
8115,harshil,1
8116,harshil,111111111111111111111111111111111111111111@1111111111111111111111111111a1111111111111111111a111111111
8117,harshil,111
8118,harshil,111111111111111111111111111111111111111111@1111111111111111111111111111a1111111111111111111a111111111
8119,harshil,1
8120,harshil,1
8121,harshil,1
8122,harshil,111111111111111111111111111111111111111111@1111111111111111111111111111a1111111111111111111a111111111
8123,harshil,111
8124,harshil,111111111111111111111111111111111111111111@1111111111111111111111111111a1111111111111111111a111111111
8125,harshil,1
8126,harshil,1
8127,harshil,1
8128,harshil,111111111111111111111111111111111111111111@1111111111111111111111111111a1111111111111111111a111111111
8129,harshil,111
8130,harshil,111111111111111111111111111111111111111111@1111111111111111111111111111a1111111111111111111a111111111
8131,harshil,1
8132,harshil,1
8133,harshil,1
8134,harshil,111111111111111111111111111111111111111111@1111111111111111111111111111a1111111111111111111a111111111
8135,harshil,111
8136,harshil,111111111111111111111111111111111111111111@1111111111111111111111111111a1111111111111111111a111111111
8137,harshil,1
8138,harshil,1
8139,harshil,1
8140,harshil,111111111111111111111111111111111111111111@1111111111111111111111111111a1111111111111111111a111111111
8141,harshil,111
8142,harshil,111111111111111111111111111111111111111111@1111111111111111111111111111a1111111111111111111a111111111
8143,harshil,1
8144,harshil,1
8145,harshil,1
8146,harshil,111111111111111111111111111111111111111111@1111111111111111111111111111a1111111111111111111a111111111
8147,harshil,111
8148,harshil,111111111111111111111111111111111111111111@1111111111111111111111111111a1111111111111111111a111111111
8149,harshil,1
8150,harshil,1
8151,harshil,1
8152,harshil,111111111111111111111111111111111111111111@1111111111111111111111111111a1111111111111111111a111111111
8153,harshil,111
8154,harshil,111111111111111111111111111111111111111111@1111111111111111111111111111a1111111111111111111a111111111
8155,harshil,1
8156,harshil,1
8157,harshil,1
8158,harshil,111111111111111111111111111111111111111111@1111111111111111111111111111a1111111111111111111a111111111
8159,harshil,111
8160,harshil,111111111111111111111111111111111111111111@1111111111111111111111111111a1111111111111111111a111111111
8161,harshil,1
8162,harshil,1
8163,harshil,1
8164,harshil,111111111111111111111111111111111111111111@1111111111111111111111111111a1111111111111111111a111111111
8165,harshil,111
8166,harshil,111111111111111111111111111111111111111111@1111111111111111111111111111a1111111111111111111a111111111
8167,harshil,1
8168,harshil,1
8169,harshil,1
8170,harshil,111111111111111111111111111111111111111111@1111111111111111111111111111a1111111111111111111a111111111
8171,harshil,111
8172,harshil,111111111111111111111111111111111111111111@1111111111111111111111111111a1111111111111111111a111111111
8173,harshil,1
8174,harshil,1
8175,harshil,1
8176,harshil,111111111111111111111111111111111111111111@1111111111111111111111111111a1111111111111111111a111111111
8177,harshil,111
8178,harshil,111111111111111111111111111111111111111111@1111111111111111111111111111a1111111111111111111a111111111
8179,harshil,1
8180,harshil,1
8181,harshil,1
8182,harshil,111111111111111111111111111111111111111111@1111111111111111111111111111a1111111111111111111a111111111
8183,harshil,111
8184,harshil,111111111111111111111111111111111111111111@1111111111111111111111111111a1111111111111111111a111111111
8185,harshil,1
8186,harshil,1
8187,harshil,1
8188,harshil,111111111111111111111111111111111111111111@1111111111111111111111111111a1111111111111111111a111111111
8189,harshil,111
8190,harshil,111111111111111111111111111111111111111111@1111111111111111111111111111a1111111111111111111a111111111
8191,harshil,1
8192,harshil,1
8193,harshil,1
8194,harshil,111111111111111111111111111111111111111111@1111111111111111111111111111a1111111111111111111a111111111
8195,harshil,111
8196,harshil,111111111111111111111111111111111111111111@1111111111111111111111111111a1111111111111111111a111111111
8197,harshil,1
8198,harshil,1
8199,harshil,1
8200,harshil,111111111111111111111111111111111111111111@1111111111111111111111111111a1111111111111111111a111111111
8201,harshil,111
8202,harshil,111111111111111111111111111111111111111111@1111111111111111111111111111a1111111111111111111a111111111
8203,harshil,1
8204,harshil,1
8205,harshil,1
8206,harshil,111111111111111111111111111111111111111111@1111111111111111111111111111a1111111111111111111a111111111
8207,harshil,111
8208,harshil,111111111111111111111111111111111111111111@1111111111111111111111111111a1111111111111111111a111111111
8209,harshil,1
8210,harshil,1
8211,harshil,1
8212,harshil,111111111111111111111111111111111111111111@1111111111111111111111111111a1111111111111111111a111111111
8213,harshil,111
8214,harshil,111111111111111111111111111111111111111111@1111111111111111111111111111a1111111111111111111a111111111
8215,harshil,1
8216,harshil,1
8217,harshil,1
8218,harshil,111111111111111111111111111111111111111111@1111111111111111111111111111a1111111111111111111a111111111
8219,harshil,111
8220,harshil,111111111111111111111111111111111111111111@1111111111111111111111111111a1111111111111111111a111111111
8221,harshil,1
8222,harshil,1
8223,harshil,1
8224,harshil,111111111111111111111111111111111111111111@1111111111111111111111111111a1111111111111111111a111111111
8225,harshil,111
8226,harshil,111111111111111111111111111111111111111111@1111111111111111111111111111a1111111111111111111a111111111
8227,harshil,1
8228,harshil,1
8229,harshil,1
8230,harshil,111111111111111111111111111111111111111111@1111111111111111111111111111a1111111111111111111a111111111
8231,harshil,111
8232,harshil,111111111111111111111111111111111111111111@1111111111111111111111111111a1111111111111111111a111111111
8233,harshil,1
8234,harshil,1
8235,harshil,1
8236,harshil,111111111111111111111111111111111111111111@1111111111111111111111111111a1111111111111111111a111111111
8237,harshil,111
8238,harshil,111111111111111111111111111111111111111111@1111111111111111111111111111a1111111111111111111a111111111
8239,harshil,1
8240,harshil,1
8241,harshil,1
8242,harshil,111111111111111111111111111111111111111111@1111111111111111111111111111a1111111111111111111a111111111
8243,harshil,111
8244,harshil,111111111111111111111111111111111111111111@1111111111111111111111111111a1111111111111111111a111111111
8245,harshil,1
8246,harshil,1
8247,harshil,1
8248,harshil,111111111111111111111111111111111111111111@1111111111111111111111111111a1111111111111111111a111111111
8249,harshil,111
8250,harshil,111111111111111111111111111111111111111111@1111111111111111111111111111a1111111111111111111a111111111
8251,harshil,1
8252,harshil,1
8253,harshil,1
8254,harshil,111111111111111111111111111111111111111111@1111111111111111111111111111a1111111111111111111a111111111
8255,harshil,111
8256,harshil,111111111111111111111111111111111111111111@1111111111111111111111111111a1111111111111111111a111111111
8257,harshil,1
8258,harshil,1
8259,harshil,1
8260,harshil,111111111111111111111111111111111111111111@1111111111111111111111111111a1111111111111111111a111111111
8261,harshil,111
8262,harshil,111111111111111111111111111111111111111111@1111111111111111111111111111a1111111111111111111a111111111
8263,harshil,1
8264,harshil,1
8265,harshil,1
8266,harshil,111111111111111111111111111111111111111111@1111111111111111111111111111a1111111111111111111a111111111
8267,harshil,111
8268,harshil,111111111111111111111111111111111111111111@1111111111111111111111111111a1111111111111111111a111111111
8269,harshil,1
8270,harshil,1
8271,harshil,1
8272,harshil,111111111111111111111111111111111111111111@1111111111111111111111111111a1111111111111111111a111111111
8273,harshil,111
8274,harshil,111111111111111111111111111111111111111111@1111111111111111111111111111a1111111111111111111a111111111
8275,harshil,1
8276,harshil,1
8277,harshil,1
8278,harshil,111111111111111111111111111111111111111111@1111111111111111111111111111a1111111111111111111a111111111
8279,harshil,111
8280,harshil,111111111111111111111111111111111111111111@1111111111111111111111111111a1111111111111111111a111111111
8281,harshil,1
8282,harshil,1
8283,harshil,1
8284,harshil,111111111111111111111111111111111111111111@1111111111111111111111111111a1111111111111111111a111111111
8285,harshil,111
8286,harshil,111111111111111111111111111111111111111111@1111111111111111111111111111a1111111111111111111a111111111
8287,harshil,1
8288,harshil,1
8289,harshil,1
8290,harshil,111111111111111111111111111111111111111111@1111111111111111111111111111a1111111111111111111a111111111
8291,harshil,111
8292,harshil,111111111111111111111111111111111111111111@1111111111111111111111111111a1111111111111111111a111111111
8293,harshil,1
8294,harshil,1
8295,harshil,1
8296,harshil,111111111111111111111111111111111111111111@1111111111111111111111111111a1111111111111111111a111111111
8297,harshil,111
8298,harshil,111111111111111111111111111111111111111111@1111111111111111111111111111a1111111111111111111a111111111
8299,harshil,1
8300,harshil,1
8301,harshil,1
8302,harshil,111111111111111111111111111111111111111111@1111111111111111111111111111a1111111111111111111a111111111
8303,harshil,111
8304,harshil,111111111111111111111111111111111111111111@1111111111111111111111111111a1111111111111111111a111111111
8305,harshil,1
8306,harshil,1
8307,harshil,1
8308,harshil,111111111111111111111111111111111111111111@1111111111111111111111111111a1111111111111111111a111111111
8309,harshil,111
8310,harshil,111111111111111111111111111111111111111111@1111111111111111111111111111a1111111111111111111a111111111
8311,harshil,1
8312,harshil,1
8313,harshil,1
8314,harshil,111111111111111111111111111111111111111111@1111111111111111111111111111a1111111111111111111a111111111
8315,harshil,111
8316,harshil,111111111111111111111111111111111111111111@1111111111111111111111111111a1111111111111111111a111111111
8317,harshil,1
8318,harshil,1
8319,harshil,1
8320,harshil,111111111111111111111111111111111111111111@1111111111111111111111111111a1111111111111111111a111111111
8321,harshil,111
8322,harshil,111111111111111111111111111111111111111111@1111111111111111111111111111a1111111111111111111a111111111
8323,harshil,1
8324,harshil,1
8325,harshil,1
8326,harshil,111111111111111111111111111111111111111111@1111111111111111111111111111a1111111111111111111a111111111
8327,harshil,111
8328,harshil,111111111111111111111111111111111111111111@1111111111111111111111111111a1111111111111111111a111111111
8329,harshil,1
8330,harshil,1
8331,harshil,1
8332,harshil,111111111111111111111111111111111111111111@1111111111111111111111111111a1111111111111111111a111111111
8333,harshil,111
8334,harshil,111111111111111111111111111111111111111111@1111111111111111111111111111a1111111111111111111a111111111
8335,harshil,1
8336,harshil,1
8337,harshil,1
8338,harshil,111111111111111111111111111111111111111111@1111111111111111111111111111a1111111111111111111a111111111
8339,harshil,111
8340,harshil,111111111111111111111111111111111111111111@1111111111111111111111111111a1111111111111111111a111111111
8341,harshil,1
8342,harshil,1
8343,harshil,1
8344,harshil,111111111111111111111111111111111111111111@1111111111111111111111111111a1111111111111111111a111111111
8345,harshil,111
8346,harshil,111111111111111111111111111111111111111111@1111111111111111111111111111a1111111111111111111a111111111
8347,harshil,1
8348,harshil,1
8349,harshil,1
8350,harshil,111111111111111111111111111111111111111111@1111111111111111111111111111a1111111111111111111a111111111
8351,harshil,111
8352,harshil,111111111111111111111111111111111111111111@1111111111111111111111111111a1111111111111111111a111111111
8353,harshil,1
8354,harshil,1
8355,harshil,1
8356,harshil,111111111111111111111111111111111111111111@1111111111111111111111111111a1111111111111111111a111111111
8357,harshil,111
8358,harshil,111111111111111111111111111111111111111111@1111111111111111111111111111a1111111111111111111a111111111
8359,harshil,1
8360,harshil,1
8361,harshil,1
8362,harshil,111111111111111111111111111111111111111111@1111111111111111111111111111a1111111111111111111a111111111
8363,harshil,111
8364,harshil,111111111111111111111111111111111111111111@1111111111111111111111111111a1111111111111111111a111111111
8365,harshil,1
8366,harshil,1
8367,harshil,1
8368,harshil,111111111111111111111111111111111111111111@1111111111111111111111111111a1111111111111111111a111111111
8369,harshil,111
8370,harshil,111111111111111111111111111111111111111111@1111111111111111111111111111a1111111111111111111a111111111
8371,harshil,1
8372,harshil,1
8373,harshil,1
8374,harshil,111111111111111111111111111111111111111111@1111111111111111111111111111a1111111111111111111a111111111
8375,harshil,111
8376,harshil,111111111111111111111111111111111111111111@1111111111111111111111111111a1111111111111111111a111111111
8377,harshil,1
8378,harshil,1
8379,harshil,1
8380,harshil,111111111111111111111111111111111111111111@1111111111111111111111111111a1111111111111111111a111111111
8381,harshil,111
8382,harshil,111111111111111111111111111111111111111111@1111111111111111111111111111a1111111111111111111a111111111
8383,harshil,1
8384,harshil,1
8385,harshil,1
8386,harshil,111111111111111111111111111111111111111111@1111111111111111111111111111a1111111111111111111a111111111
8387,harshil,111
8388,harshil,111111111111111111111111111111111111111111@1111111111111111111111111111a1111111111111111111a111111111
8389,harshil,1
8390,harshil,1
8391,harshil,1
8392,harshil,111111111111111111111111111111111111111111@1111111111111111111111111111a1111111111111111111a111111111
8393,harshil,111
8394,harshil,111111111111111111111111111111111111111111@1111111111111111111111111111a1111111111111111111a111111111
8395,harshil,1
8396,harshil,1
8397,harshil,1
8398,harshil,111111111111111111111111111111111111111111@1111111111111111111111111111a1111111111111111111a111111111
8399,harshil,111
8400,harshil,111111111111111111111111111111111111111111@1111111111111111111111111111a1111111111111111111a111111111
8401,harshil,1
8402,harshil,1
8403,harshil,1
8404,harshil,111111111111111111111111111111111111111111@1111111111111111111111111111a1111111111111111111a111111111
8405,harshil,111
8406,harshil,111111111111111111111111111111111111111111@1111111111111111111111111111a1111111111111111111a111111111
8407,harshil,1
8408,harshil,1
8409,harshil,1
8410,harshil,111111111111111111111111111111111111111111@1111111111111111111111111111a1111111111111111111a111111111
8411,harshil,111
8412,harshil,111111111111111111111111111111111111111111@1111111111111111111111111111a1111111111111111111a111111111
8413,harshil,1
8414,harshil,1
8415,harshil,1
8416,harshil,111111111111111111111111111111111111111111@1111111111111111111111111111a1111111111111111111a111111111
8417,harshil,111
8418,harshil,111111111111111111111111111111111111111111@1111111111111111111111111111a1111111111111111111a111111111
8419,harshil,1
8420,harshil,1
8421,harshil,1
8422,harshil,111111111111111111111111111111111111111111@1111111111111111111111111111a1111111111111111111a111111111
8423,harshil,111
8424,harshil,111111111111111111111111111111111111111111@1111111111111111111111111111a1111111111111111111a111111111
8425,harshil,1
8426,harshil,1
8427,harshil,1
8428,harshil,111111111111111111111111111111111111111111@1111111111111111111111111111a1111111111111111111a111111111
8429,harshil,111
8430,harshil,111111111111111111111111111111111111111111@1111111111111111111111111111a1111111111111111111a111111111
8431,harshil,1
8432,harshil,1
8433,harshil,1
8434,harshil,111111111111111111111111111111111111111111@1111111111111111111111111111a1111111111111111111a111111111
8435,harshil,111
8436,harshil,111111111111111111111111111111111111111111@1111111111111111111111111111a1111111111111111111a111111111
8437,harshil,1
8438,harshil,1
8439,harshil,1
8440,harshil,111111111111111111111111111111111111111111@1111111111111111111111111111a1111111111111111111a111111111
8441,harshil,111
8442,harshil,111111111111111111111111111111111111111111@1111111111111111111111111111a1111111111111111111a111111111
8443,harshil,1
8444,harshil,1
8445,harshil,1
8446,harshil,111111111111111111111111111111111111111111@1111111111111111111111111111a1111111111111111111a111111111
8447,harshil,111
8448,harshil,111111111111111111111111111111111111111111@1111111111111111111111111111a1111111111111111111a111111111
8449,harshil,1
8450,harshil,1
8451,harshil,1
8452,harshil,111111111111111111111111111111111111111111@1111111111111111111111111111a1111111111111111111a111111111
8453,harshil,111
8454,harshil,111111111111111111111111111111111111111111@1111111111111111111111111111a1111111111111111111a111111111
8455,harshil,1
8456,harshil,1
8457,harshil,1
8458,harshil,111111111111111111111111111111111111111111@1111111111111111111111111111a1111111111111111111a111111111
8459,harshil,111
8460,harshil,111111111111111111111111111111111111111111@1111111111111111111111111111a1111111111111111111a111111111
8461,harshil,1
8462,harshil,1
8463,harshil,1
8464,harshil,111111111111111111111111111111111111111111@1111111111111111111111111111a1111111111111111111a111111111
8465,harshil,111
8466,harshil,111111111111111111111111111111111111111111@1111111111111111111111111111a1111111111111111111a111111111
8467,harshil,1
8468,harshil,1
8469,harshil,1
8470,harshil,111111111111111111111111111111111111111111@1111111111111111111111111111a1111111111111111111a111111111
8471,harshil,111
8472,harshil,111111111111111111111111111111111111111111@1111111111111111111111111111a1111111111111111111a111111111
8473,harshil,1
8474,harshil,1
8475,harshil,1
8476,harshil,111111111111111111111111111111111111111111@1111111111111111111111111111a1111111111111111111a111111111
8477,harshil,111
8478,harshil,111111111111111111111111111111111111111111@1111111111111111111111111111a1111111111111111111a111111111
8479,harshil,1
8480,harshil,1
8481,harshil,1
8482,harshil,111111111111111111111111111111111111111111@1111111111111111111111111111a1111111111111111111a111111111
8483,harshil,111
8484,harshil,111111111111111111111111111111111111111111@1111111111111111111111111111a1111111111111111111a111111111
8485,harshil,1
8486,harshil,1
8487,harshil,1
8488,harshil,111111111111111111111111111111111111111111@1111111111111111111111111111a1111111111111111111a111111111
8489,harshil,111
8490,harshil,111111111111111111111111111111111111111111@1111111111111111111111111111a1111111111111111111a111111111
8491,harshil,1
8492,harshil,1
8493,harshil,1
8494,harshil,111111111111111111111111111111111111111111@1111111111111111111111111111a1111111111111111111a111111111
8495,harshil,111
8496,harshil,111111111111111111111111111111111111111111@1111111111111111111111111111a1111111111111111111a111111111
8497,harshil,1
8498,harshil,1
8499,harshil,1
8500,harshil,111111111111111111111111111111111111111111@1111111111111111111111111111a1111111111111111111a111111111
8501,harshil,111
8502,harshil,111111111111111111111111111111111111111111@1111111111111111111111111111a1111111111111111111a111111111
8503,harshil,1
8504,harshil,1
8505,harshil,1
8506,harshil,111111111111111111111111111111111111111111@1111111111111111111111111111a1111111111111111111a111111111
8507,harshil,111
8508,harshil,111111111111111111111111111111111111111111@1111111111111111111111111111a1111111111111111111a111111111
8509,harshil,1
8510,harshil,1
8511,harshil,1
8512,harshil,111111111111111111111111111111111111111111@1111111111111111111111111111a1111111111111111111a111111111
8513,harshil,111
8514,harshil,111111111111111111111111111111111111111111@1111111111111111111111111111a1111111111111111111a111111111
8515,harshil,1
8516,harshil,1
8517,harshil,1
8518,harshil,111111111111111111111111111111111111111111@1111111111111111111111111111a1111111111111111111a111111111
8519,harshil,111
8520,harshil,111111111111111111111111111111111111111111@1111111111111111111111111111a1111111111111111111a111111111
8521,harshil,1
8522,harshil,1
8523,harshil,1
8524,harshil,111111111111111111111111111111111111111111@1111111111111111111111111111a1111111111111111111a111111111
8525,harshil,111
8526,harshil,111111111111111111111111111111111111111111@1111111111111111111111111111a1111111111111111111a111111111
8527,harshil,1
8528,harshil,1
8529,harshil,1
8530,harshil,111111111111111111111111111111111111111111@1111111111111111111111111111a1111111111111111111a111111111
8531,harshil,111
8532,harshil,111111111111111111111111111111111111111111@1111111111111111111111111111a1111111111111111111a111111111
8533,harshil,1
8534,harshil,1
8535,harshil,1
8536,harshil,111111111111111111111111111111111111111111@1111111111111111111111111111a1111111111111111111a111111111
8537,harshil,111
8538,harshil,111111111111111111111111111111111111111111@1111111111111111111111111111a1111111111111111111a111111111
8539,harshil,1
8540,harshil,1
8541,harshil,1
8542,harshil,111111111111111111111111111111111111111111@1111111111111111111111111111a1111111111111111111a111111111
8543,harshil,111
8544,harshil,111111111111111111111111111111111111111111@1111111111111111111111111111a1111111111111111111a111111111
8545,harshil,1
8546,harshil,1
8547,harshil,1
8548,harshil,111111111111111111111111111111111111111111@1111111111111111111111111111a1111111111111111111a111111111
8549,harshil,111
8550,harshil,111111111111111111111111111111111111111111@1111111111111111111111111111a1111111111111111111a111111111
8551,harshil,1
8552,harshil,1
8553,harshil,1
8554,harshil,111111111111111111111111111111111111111111@1111111111111111111111111111a1111111111111111111a111111111
8555,harshil,111
8556,harshil,111111111111111111111111111111111111111111@1111111111111111111111111111a1111111111111111111a111111111
8557,harshil,1
8558,harshil,1
8559,harshil,1
8560,harshil,111111111111111111111111111111111111111111@1111111111111111111111111111a1111111111111111111a111111111
8561,harshil,111
8562,harshil,111111111111111111111111111111111111111111@1111111111111111111111111111a1111111111111111111a111111111
8563,harshil,1
8564,harshil,1
8565,harshil,1
8566,harshil,111111111111111111111111111111111111111111@1111111111111111111111111111a1111111111111111111a111111111
8567,harshil,111
8568,harshil,111111111111111111111111111111111111111111@1111111111111111111111111111a1111111111111111111a111111111
8569,harshil,1
8570,harshil,1
8571,harshil,1
8572,harshil,111111111111111111111111111111111111111111@1111111111111111111111111111a1111111111111111111a111111111
8573,harshil,111
8574,harshil,111111111111111111111111111111111111111111@1111111111111111111111111111a1111111111111111111a111111111
8575,harshil,1
8576,harshil,1
8577,harshil,1
8578,harshil,111111111111111111111111111111111111111111@1111111111111111111111111111a1111111111111111111a111111111
8579,harshil,111
8580,harshil,111111111111111111111111111111111111111111@1111111111111111111111111111a1111111111111111111a111111111
8581,harshil,1
8582,harshil,1
8583,harshil,1
8584,harshil,111111111111111111111111111111111111111111@1111111111111111111111111111a1111111111111111111a111111111
8585,harshil,111
8586,harshil,111111111111111111111111111111111111111111@1111111111111111111111111111a1111111111111111111a111111111
8587,harshil,1
8588,harshil,1
8589,harshil,1
8590,harshil,111111111111111111111111111111111111111111@1111111111111111111111111111a1111111111111111111a111111111
8591,harshil,111
8592,harshil,111111111111111111111111111111111111111111@1111111111111111111111111111a1111111111111111111a111111111
8593,harshil,1
8594,harshil,1
8595,harshil,1
8596,harshil,111111111111111111111111111111111111111111@1111111111111111111111111111a1111111111111111111a111111111
8597,harshil,111
8598,harshil,111111111111111111111111111111111111111111@1111111111111111111111111111a1111111111111111111a111111111
8599,harshil,1
8600,harshil,1
8601,harshil,1
8602,harshil,111111111111111111111111111111111111111111@1111111111111111111111111111a1111111111111111111a111111111
8603,harshil,111
8604,harshil,111111111111111111111111111111111111111111@1111111111111111111111111111a1111111111111111111a111111111
8605,harshil,1
8606,harshil,1
8607,harshil,1
8608,harshil,111111111111111111111111111111111111111111@1111111111111111111111111111a1111111111111111111a111111111
8609,harshil,111
8610,harshil,111111111111111111111111111111111111111111@1111111111111111111111111111a1111111111111111111a111111111
8611,harshil,1
8612,harshil,1
8613,harshil,1
8614,harshil,111111111111111111111111111111111111111111@1111111111111111111111111111a1111111111111111111a111111111
8615,harshil,111
8616,harshil,111111111111111111111111111111111111111111@1111111111111111111111111111a1111111111111111111a111111111
8617,harshil,1
8618,harshil,1
8619,harshil,1
8620,harshil,111111111111111111111111111111111111111111@1111111111111111111111111111a1111111111111111111a111111111
8621,harshil,111
8622,harshil,111111111111111111111111111111111111111111@1111111111111111111111111111a1111111111111111111a111111111
8623,harshil,1
8624,harshil,1
8625,harshil,1
8626,harshil,111111111111111111111111111111111111111111@1111111111111111111111111111a1111111111111111111a111111111
8627,harshil,111
8628,harshil,111111111111111111111111111111111111111111@1111111111111111111111111111a1111111111111111111a111111111
8629,harshil,1
8630,harshil,1
8631,harshil,1
8632,harshil,111111111111111111111111111111111111111111@1111111111111111111111111111a1111111111111111111a111111111
8633,harshil,111
8634,harshil,111111111111111111111111111111111111111111@1111111111111111111111111111a1111111111111111111a111111111
8635,harshil,1
8636,harshil,1
8637,harshil,1
8638,harshil,111111111111111111111111111111111111111111@1111111111111111111111111111a1111111111111111111a111111111
8639,harshil,111
8640,harshil,111111111111111111111111111111111111111111@1111111111111111111111111111a1111111111111111111a111111111
8641,harshil,1
8642,harshil,1
8643,harshil,1
8644,harshil,111111111111111111111111111111111111111111@1111111111111111111111111111a1111111111111111111a111111111
8645,harshil,111
8646,harshil,111111111111111111111111111111111111111111@1111111111111111111111111111a1111111111111111111a111111111
8647,harshil,1
8648,harshil,1
8649,harshil,1
8650,harshil,111111111111111111111111111111111111111111@1111111111111111111111111111a1111111111111111111a111111111
8651,harshil,111
8652,harshil,111111111111111111111111111111111111111111@1111111111111111111111111111a1111111111111111111a111111111
8653,harshil,1
8654,harshil,1
8655,harshil,1
8656,harshil,111111111111111111111111111111111111111111@1111111111111111111111111111a1111111111111111111a111111111
8657,harshil,111
8658,harshil,111111111111111111111111111111111111111111@1111111111111111111111111111a1111111111111111111a111111111
8659,harshil,1
8660,harshil,1
8661,harshil,1
8662,harshil,111111111111111111111111111111111111111111@1111111111111111111111111111a1111111111111111111a111111111
8663,harshil,111
8664,harshil,111111111111111111111111111111111111111111@1111111111111111111111111111a1111111111111111111a111111111
8665,harshil,1
8666,harshil,1
8667,harshil,1
8668,harshil,111111111111111111111111111111111111111111@1111111111111111111111111111a1111111111111111111a111111111
8669,harshil,111
8670,harshil,111111111111111111111111111111111111111111@1111111111111111111111111111a1111111111111111111a111111111
8671,harshil,1
8672,harshil,1
8673,harshil,1
8674,harshil,111111111111111111111111111111111111111111@1111111111111111111111111111a1111111111111111111a111111111
8675,harshil,111
8676,harshil,111111111111111111111111111111111111111111@1111111111111111111111111111a1111111111111111111a111111111
8677,harshil,1
8678,harshil,1
8679,harshil,1
8680,harshil,111111111111111111111111111111111111111111@1111111111111111111111111111a1111111111111111111a111111111
8681,harshil,111
8682,harshil,111111111111111111111111111111111111111111@1111111111111111111111111111a1111111111111111111a111111111
8683,harshil,1
8684,harshil,1
8685,harshil,1
8686,harshil,111111111111111111111111111111111111111111@1111111111111111111111111111a1111111111111111111a111111111
8687,harshil,111
8688,harshil,111111111111111111111111111111111111111111@1111111111111111111111111111a1111111111111111111a111111111
8689,harshil,1
8690,harshil,1
8691,harshil,1
8692,harshil,111111111111111111111111111111111111111111@1111111111111111111111111111a1111111111111111111a111111111
8693,harshil,111
8694,harshil,111111111111111111111111111111111111111111@1111111111111111111111111111a1111111111111111111a111111111
8695,harshil,1
8696,harshil,1
8697,harshil,1
8698,harshil,111111111111111111111111111111111111111111@1111111111111111111111111111a1111111111111111111a111111111
8699,harshil,111
8700,harshil,111111111111111111111111111111111111111111@1111111111111111111111111111a1111111111111111111a111111111
8701,harshil,1
8702,harshil,1
8703,harshil,1
8704,harshil,111111111111111111111111111111111111111111@1111111111111111111111111111a1111111111111111111a111111111
8705,harshil,111
8706,harshil,111111111111111111111111111111111111111111@1111111111111111111111111111a1111111111111111111a111111111
8707,harshil,1
8708,harshil,1
8709,harshil,1
8710,harshil,111111111111111111111111111111111111111111@1111111111111111111111111111a1111111111111111111a111111111
8711,harshil,111
8712,harshil,111111111111111111111111111111111111111111@1111111111111111111111111111a1111111111111111111a111111111
8713,harshil,1
8714,harshil,1
8715,harshil,1
8716,harshil,111111111111111111111111111111111111111111@1111111111111111111111111111a1111111111111111111a111111111
8717,harshil,111
8718,harshil,111111111111111111111111111111111111111111@1111111111111111111111111111a1111111111111111111a111111111
8719,harshil,1
8720,harshil,1
8721,harshil,1
8722,harshil,111111111111111111111111111111111111111111@1111111111111111111111111111a1111111111111111111a111111111
8723,harshil,111
8724,harshil,111111111111111111111111111111111111111111@1111111111111111111111111111a1111111111111111111a111111111
8725,harshil,1
8726,harshil,1
8727,harshil,1
8728,harshil,111111111111111111111111111111111111111111@1111111111111111111111111111a1111111111111111111a111111111
8729,harshil,111
8730,harshil,111111111111111111111111111111111111111111@1111111111111111111111111111a1111111111111111111a111111111
8731,harshil,1
8732,harshil,1
8733,harshil,1
8734,harshil,111111111111111111111111111111111111111111@1111111111111111111111111111a1111111111111111111a111111111
8735,harshil,111
8736,harshil,111111111111111111111111111111111111111111@1111111111111111111111111111a1111111111111111111a111111111
8737,harshil,1
8738,harshil,1
8739,harshil,1
8740,harshil,111111111111111111111111111111111111111111@1111111111111111111111111111a1111111111111111111a111111111
8741,harshil,111
8742,harshil,111111111111111111111111111111111111111111@1111111111111111111111111111a1111111111111111111a111111111
8743,harshil,1
8744,harshil,1
8745,harshil,1
8746,harshil,111111111111111111111111111111111111111111@1111111111111111111111111111a1111111111111111111a111111111
8747,harshil,111
8748,harshil,111111111111111111111111111111111111111111@1111111111111111111111111111a1111111111111111111a111111111
8749,harshil,1
8750,harshil,1
8751,harshil,1
8752,harshil,111111111111111111111111111111111111111111@1111111111111111111111111111a1111111111111111111a111111111
8753,harshil,111
8754,harshil,111111111111111111111111111111111111111111@1111111111111111111111111111a1111111111111111111a111111111
8755,harshil,1
8756,harshil,1
8757,harshil,1
8758,harshil,111111111111111111111111111111111111111111@1111111111111111111111111111a1111111111111111111a111111111
8759,harshil,111
8760,harshil,111111111111111111111111111111111111111111@1111111111111111111111111111a1111111111111111111a111111111
8761,harshil,1
8762,harshil,1
8763,harshil,1
8764,harshil,111111111111111111111111111111111111111111@1111111111111111111111111111a1111111111111111111a111111111
8765,harshil,111
8766,harshil,111111111111111111111111111111111111111111@1111111111111111111111111111a1111111111111111111a111111111
8767,harshil,1
8768,harshil,1
8769,harshil,1
8770,harshil,111111111111111111111111111111111111111111@1111111111111111111111111111a1111111111111111111a111111111
8771,harshil,111
8772,harshil,111111111111111111111111111111111111111111@1111111111111111111111111111a1111111111111111111a111111111
8773,harshil,1
8774,harshil,1
8775,harshil,1
8776,harshil,111111111111111111111111111111111111111111@1111111111111111111111111111a1111111111111111111a111111111
8777,harshil,111
8778,harshil,111111111111111111111111111111111111111111@1111111111111111111111111111a1111111111111111111a111111111
8779,harshil,1
8780,harshil,1
8781,harshil,1
8782,harshil,111111111111111111111111111111111111111111@1111111111111111111111111111a1111111111111111111a111111111
8783,harshil,111
8784,harshil,111111111111111111111111111111111111111111@1111111111111111111111111111a1111111111111111111a111111111
8785,harshil,1
8786,harshil,1
8787,harshil,1
8788,harshil,111111111111111111111111111111111111111111@1111111111111111111111111111a1111111111111111111a111111111
8789,harshil,111
8790,harshil,111111111111111111111111111111111111111111@1111111111111111111111111111a1111111111111111111a111111111
8791,harshil,1
8792,harshil,1
8793,harshil,1
8794,harshil,111111111111111111111111111111111111111111@1111111111111111111111111111a1111111111111111111a111111111
8795,harshil,111
8796,harshil,111111111111111111111111111111111111111111@1111111111111111111111111111a1111111111111111111a111111111
8797,harshil,1
8798,harshil,1
8799,harshil,1
8800,harshil,111111111111111111111111111111111111111111@1111111111111111111111111111a1111111111111111111a111111111
8801,harshil,111
8802,harshil,111111111111111111111111111111111111111111@1111111111111111111111111111a1111111111111111111a111111111
8803,harshil,1
8804,harshil,1
8805,harshil,1
8806,harshil,111111111111111111111111111111111111111111@1111111111111111111111111111a1111111111111111111a111111111
8807,harshil,111
8808,harshil,111111111111111111111111111111111111111111@1111111111111111111111111111a1111111111111111111a111111111
8809,harshil,1
8810,harshil,1
8811,harshil,1
8812,harshil,111111111111111111111111111111111111111111@1111111111111111111111111111a1111111111111111111a111111111
8813,harshil,111
8814,harshil,111111111111111111111111111111111111111111@1111111111111111111111111111a1111111111111111111a111111111
8815,harshil,1
8816,harshil,1
8817,harshil,1
8818,harshil,111111111111111111111111111111111111111111@1111111111111111111111111111a1111111111111111111a111111111
8819,harshil,111
8820,harshil,111111111111111111111111111111111111111111@1111111111111111111111111111a1111111111111111111a111111111
8821,harshil,1
8822,harshil,1
8823,harshil,1
8824,harshil,111111111111111111111111111111111111111111@1111111111111111111111111111a1111111111111111111a111111111
8825,harshil,111
8826,harshil,111111111111111111111111111111111111111111@1111111111111111111111111111a1111111111111111111a111111111
8827,harshil,1
8828,harshil,1
8829,harshil,1
8830,harshil,111111111111111111111111111111111111111111@1111111111111111111111111111a1111111111111111111a111111111
8831,harshil,111
8832,harshil,111111111111111111111111111111111111111111@1111111111111111111111111111a1111111111111111111a111111111
8833,harshil,1
8834,harshil,1
8835,harshil,1
8836,harshil,111111111111111111111111111111111111111111@1111111111111111111111111111a1111111111111111111a111111111
8837,harshil,111
8838,harshil,111111111111111111111111111111111111111111@1111111111111111111111111111a1111111111111111111a111111111
8839,harshil,1
8840,harshil,1
8841,harshil,1
8842,harshil,111111111111111111111111111111111111111111@1111111111111111111111111111a1111111111111111111a111111111
8843,harshil,111
8844,harshil,111111111111111111111111111111111111111111@1111111111111111111111111111a1111111111111111111a111111111
8845,harshil,1
8846,harshil,1
8847,harshil,1
8848,harshil,111111111111111111111111111111111111111111@1111111111111111111111111111a1111111111111111111a111111111
8849,harshil,111
8850,harshil,111111111111111111111111111111111111111111@1111111111111111111111111111a1111111111111111111a111111111
8851,harshil,1
8852,harshil,1
8853,harshil,1
8854,harshil,111111111111111111111111111111111111111111@1111111111111111111111111111a1111111111111111111a111111111
8855,harshil,111
8856,harshil,111111111111111111111111111111111111111111@1111111111111111111111111111a1111111111111111111a111111111
8857,harshil,1
8858,harshil,1
8859,harshil,1
8860,harshil,111111111111111111111111111111111111111111@1111111111111111111111111111a1111111111111111111a111111111
8861,harshil,111
8862,harshil,111111111111111111111111111111111111111111@1111111111111111111111111111a1111111111111111111a111111111
8863,harshil,1
8864,harshil,1
8865,harshil,1
8866,harshil,111111111111111111111111111111111111111111@1111111111111111111111111111a1111111111111111111a111111111
8867,harshil,111
8868,harshil,111111111111111111111111111111111111111111@1111111111111111111111111111a1111111111111111111a111111111
8869,harshil,1
8870,harshil,1
8871,harshil,1
8872,harshil,111111111111111111111111111111111111111111@1111111111111111111111111111a1111111111111111111a111111111
8873,harshil,111
8874,harshil,111111111111111111111111111111111111111111@1111111111111111111111111111a1111111111111111111a111111111
8875,harshil,1
8876,harshil,1
8877,harshil,1
8878,harshil,111111111111111111111111111111111111111111@1111111111111111111111111111a1111111111111111111a111111111
8879,harshil,111
8880,harshil,111111111111111111111111111111111111111111@1111111111111111111111111111a1111111111111111111a111111111
8881,harshil,1
8882,harshil,1
8883,harshil,1
8884,harshil,111111111111111111111111111111111111111111@1111111111111111111111111111a1111111111111111111a111111111
8885,harshil,111
8886,harshil,111111111111111111111111111111111111111111@1111111111111111111111111111a1111111111111111111a111111111
8887,harshil,1
8888,harshil,1
8889,harshil,1
8890,harshil,111111111111111111111111111111111111111111@1111111111111111111111111111a1111111111111111111a111111111
8891,harshil,111
8892,harshil,111111111111111111111111111111111111111111@1111111111111111111111111111a1111111111111111111a111111111
8893,harshil,1
8894,harshil,1
8895,harshil,1
8896,harshil,111111111111111111111111111111111111111111@1111111111111111111111111111a1111111111111111111a111111111
8897,harshil,111
8898,harshil,111111111111111111111111111111111111111111@1111111111111111111111111111a1111111111111111111a111111111
8899,harshil,1
8900,harshil,1
8901,harshil,1
8902,harshil,111111111111111111111111111111111111111111@1111111111111111111111111111a1111111111111111111a111111111
8903,harshil,111
8904,harshil,111111111111111111111111111111111111111111@1111111111111111111111111111a1111111111111111111a111111111
8905,harshil,1
8906,harshil,1
8907,harshil,1
8908,harshil,111111111111111111111111111111111111111111@1111111111111111111111111111a1111111111111111111a111111111
8909,harshil,111
8910,harshil,111111111111111111111111111111111111111111@1111111111111111111111111111a1111111111111111111a111111111
8911,harshil,1
8912,harshil,1
8913,harshil,1
8914,harshil,111111111111111111111111111111111111111111@1111111111111111111111111111a1111111111111111111a111111111
8915,harshil,111
8916,harshil,111111111111111111111111111111111111111111@1111111111111111111111111111a1111111111111111111a111111111
8917,harshil,1
8918,harshil,1
8919,harshil,1
8920,harshil,111111111111111111111111111111111111111111@1111111111111111111111111111a1111111111111111111a111111111
8921,harshil,111
8922,harshil,111111111111111111111111111111111111111111@1111111111111111111111111111a1111111111111111111a111111111
8923,harshil,1
8924,harshil,1
8925,harshil,1
8926,harshil,111111111111111111111111111111111111111111@1111111111111111111111111111a1111111111111111111a111111111
8927,harshil,111
8928,harshil,111111111111111111111111111111111111111111@1111111111111111111111111111a1111111111111111111a111111111
8929,harshil,1
8930,harshil,1
8931,harshil,1
8932,harshil,111111111111111111111111111111111111111111@1111111111111111111111111111a1111111111111111111a111111111
8933,harshil,111
8934,harshil,111111111111111111111111111111111111111111@1111111111111111111111111111a1111111111111111111a111111111
8935,harshil,1
8936,harshil,1
8937,harshil,1
8938,harshil,111111111111111111111111111111111111111111@1111111111111111111111111111a1111111111111111111a111111111
8939,harshil,111
8940,harshil,111111111111111111111111111111111111111111@1111111111111111111111111111a1111111111111111111a111111111
8941,harshil,1
8942,harshil,1
8943,harshil,1
8944,harshil,111111111111111111111111111111111111111111@1111111111111111111111111111a1111111111111111111a111111111
8945,harshil,111
8946,harshil,111111111111111111111111111111111111111111@1111111111111111111111111111a1111111111111111111a111111111
8947,harshil,1
8948,harshil,1
8949,harshil,1
8950,harshil,111111111111111111111111111111111111111111@1111111111111111111111111111a1111111111111111111a111111111
8951,harshil,111
8952,harshil,111111111111111111111111111111111111111111@1111111111111111111111111111a1111111111111111111a111111111
8953,harshil,1
8954,harshil,1
8955,harshil,1
8956,harshil,111111111111111111111111111111111111111111@1111111111111111111111111111a1111111111111111111a111111111
8957,harshil,111
8958,harshil,111111111111111111111111111111111111111111@1111111111111111111111111111a1111111111111111111a111111111
8959,harshil,1
8960,harshil,1
8961,harshil,1
8962,harshil,111111111111111111111111111111111111111111@1111111111111111111111111111a1111111111111111111a111111111
8963,harshil,111
8964,harshil,111111111111111111111111111111111111111111@1111111111111111111111111111a1111111111111111111a111111111
8965,harshil,1
8966,harshil,1
8967,harshil,1
8968,harshil,111111111111111111111111111111111111111111@1111111111111111111111111111a1111111111111111111a111111111
8969,harshil,111
8970,harshil,111111111111111111111111111111111111111111@1111111111111111111111111111a1111111111111111111a111111111
8971,harshil,1
8972,harshil,1
8973,harshil,1
8974,harshil,111111111111111111111111111111111111111111@1111111111111111111111111111a1111111111111111111a111111111
8975,harshil,111
8976,harshil,111111111111111111111111111111111111111111@1111111111111111111111111111a1111111111111111111a111111111
8977,harshil,1
8978,harshil,1
8979,harshil,1
8980,harshil,111111111111111111111111111111111111111111@1111111111111111111111111111a1111111111111111111a111111111
8981,harshil,111
8982,harshil,111111111111111111111111111111111111111111@1111111111111111111111111111a1111111111111111111a111111111
8983,harshil,1
8984,harshil,1
8985,harshil,1
8986,harshil,111111111111111111111111111111111111111111@1111111111111111111111111111a1111111111111111111a111111111
8987,harshil,111
8988,harshil,111111111111111111111111111111111111111111@1111111111111111111111111111a1111111111111111111a111111111
8989,harshil,1
8990,harshil,1
8991,harshil,1
8992,harshil,111111111111111111111111111111111111111111@1111111111111111111111111111a1111111111111111111a111111111
8993,harshil,111
8994,harshil,111111111111111111111111111111111111111111@1111111111111111111111111111a1111111111111111111a111111111
8995,harshil,1
8996,harshil,1
8997,harshil,1
8998,harshil,111111111111111111111111111111111111111111@1111111111111111111111111111a1111111111111111111a111111111
8999,harshil,111
9000,harshil,111111111111111111111111111111111111111111@1111111111111111111111111111a1111111111111111111a111111111
9001,harshil,1
9002,harshil,1
9003,harshil,1
9004,harshil,111111111111111111111111111111111111111111@1111111111111111111111111111a1111111111111111111a111111111
9005,harshil,111
9006,harshil,111111111111111111111111111111111111111111@1111111111111111111111111111a1111111111111111111a111111111
9007,harshil,1
9008,harshil,1
9009,harshil,1
9010,harshil,111111111111111111111111111111111111111111@1111111111111111111111111111a1111111111111111111a111111111
9011,harshil,111
9012,harshil,111111111111111111111111111111111111111111@1111111111111111111111111111a1111111111111111111a111111111
9013,harshil,1
9014,harshil,1
9015,harshil,1
9016,harshil,111111111111111111111111111111111111111111@1111111111111111111111111111a1111111111111111111a111111111
9017,harshil,111
9018,harshil,111111111111111111111111111111111111111111@1111111111111111111111111111a1111111111111111111a111111111
9019,harshil,1
9020,harshil,1
9021,harshil,1
9022,harshil,111111111111111111111111111111111111111111@1111111111111111111111111111a1111111111111111111a111111111
9023,harshil,111
9024,harshil,111111111111111111111111111111111111111111@1111111111111111111111111111a1111111111111111111a111111111
9025,harshil,1
9026,harshil,1
9027,harshil,1
9028,harshil,111111111111111111111111111111111111111111@1111111111111111111111111111a1111111111111111111a111111111
9029,harshil,111
9030,harshil,111111111111111111111111111111111111111111@1111111111111111111111111111a1111111111111111111a111111111
9031,harshil,1
9032,harshil,1
9033,harshil,1
9034,harshil,111111111111111111111111111111111111111111@1111111111111111111111111111a1111111111111111111a111111111
9035,harshil,111
9036,harshil,111111111111111111111111111111111111111111@1111111111111111111111111111a1111111111111111111a111111111
9037,harshil,1
9038,harshil,1
9039,harshil,1
9040,harshil,111111111111111111111111111111111111111111@1111111111111111111111111111a1111111111111111111a111111111
9041,harshil,111
9042,harshil,111111111111111111111111111111111111111111@1111111111111111111111111111a1111111111111111111a111111111
9043,harshil,1
9044,harshil,1
9045,harshil,1
9046,harshil,111111111111111111111111111111111111111111@1111111111111111111111111111a1111111111111111111a111111111
9047,harshil,111
9048,harshil,111111111111111111111111111111111111111111@1111111111111111111111111111a1111111111111111111a111111111
9049,harshil,1
9050,harshil,1
9051,harshil,1
9052,harshil,111111111111111111111111111111111111111111@1111111111111111111111111111a1111111111111111111a111111111
9053,harshil,111
9054,harshil,111111111111111111111111111111111111111111@1111111111111111111111111111a1111111111111111111a111111111
9055,harshil,1
9056,harshil,1
9057,harshil,1
9058,harshil,111111111111111111111111111111111111111111@1111111111111111111111111111a1111111111111111111a111111111
9059,harshil,111
9060,harshil,111111111111111111111111111111111111111111@1111111111111111111111111111a1111111111111111111a111111111
9061,harshil,1
9062,harshil,1
9063,harshil,1
9064,harshil,111111111111111111111111111111111111111111@1111111111111111111111111111a1111111111111111111a111111111
9065,harshil,111
9066,harshil,111111111111111111111111111111111111111111@1111111111111111111111111111a1111111111111111111a111111111
9067,harshil,1
9068,harshil,1
9069,harshil,1
9070,harshil,111111111111111111111111111111111111111111@1111111111111111111111111111a1111111111111111111a111111111
9071,harshil,111
9072,harshil,111111111111111111111111111111111111111111@1111111111111111111111111111a1111111111111111111a111111111
9073,harshil,1
9074,harshil,1
9075,harshil,1
9076,harshil,111111111111111111111111111111111111111111@1111111111111111111111111111a1111111111111111111a111111111
9077,harshil,111
9078,harshil,111111111111111111111111111111111111111111@1111111111111111111111111111a1111111111111111111a111111111
9079,harshil,1
9080,harshil,1
9081,harshil,1
9082,harshil,111111111111111111111111111111111111111111@1111111111111111111111111111a1111111111111111111a111111111
9083,harshil,111
9084,harshil,111111111111111111111111111111111111111111@1111111111111111111111111111a1111111111111111111a111111111
9085,harshil,1
9086,harshil,1
9087,harshil,1
9088,harshil,111111111111111111111111111111111111111111@1111111111111111111111111111a1111111111111111111a111111111
9089,harshil,111
9090,harshil,111111111111111111111111111111111111111111@1111111111111111111111111111a1111111111111111111a111111111
9091,harshil,1
9092,harshil,1
9093,harshil,1
9094,harshil,111111111111111111111111111111111111111111@1111111111111111111111111111a1111111111111111111a111111111
9095,harshil,111
9096,harshil,111111111111111111111111111111111111111111@1111111111111111111111111111a1111111111111111111a111111111
9097,harshil,1
9098,harshil,1
9099,harshil,1
9100,harshil,111111111111111111111111111111111111111111@1111111111111111111111111111a1111111111111111111a111111111
9101,harshil,111
9102,harshil,111111111111111111111111111111111111111111@1111111111111111111111111111a1111111111111111111a111111111
9103,harshil,1
9104,harshil,1
9105,harshil,1
9106,harshil,111111111111111111111111111111111111111111@1111111111111111111111111111a1111111111111111111a111111111
9107,harshil,111
9108,harshil,111111111111111111111111111111111111111111@1111111111111111111111111111a1111111111111111111a111111111
9109,harshil,1
9110,harshil,1
9111,harshil,1
9112,harshil,111111111111111111111111111111111111111111@1111111111111111111111111111a1111111111111111111a111111111
9113,harshil,111
9114,harshil,111111111111111111111111111111111111111111@1111111111111111111111111111a1111111111111111111a111111111
9115,harshil,1
9116,harshil,1
9117,harshil,1
9118,harshil,111111111111111111111111111111111111111111@1111111111111111111111111111a1111111111111111111a111111111
9119,harshil,111
9120,harshil,111111111111111111111111111111111111111111@1111111111111111111111111111a1111111111111111111a111111111
9121,harshil,1
9122,harshil,1
9123,harshil,1
9124,harshil,111111111111111111111111111111111111111111@1111111111111111111111111111a1111111111111111111a111111111
9125,harshil,111
9126,harshil,111111111111111111111111111111111111111111@1111111111111111111111111111a1111111111111111111a111111111
9127,harshil,1
9128,harshil,1
9129,harshil,1
9130,harshil,111111111111111111111111111111111111111111@1111111111111111111111111111a1111111111111111111a111111111
9131,harshil,111
9132,harshil,111111111111111111111111111111111111111111@1111111111111111111111111111a1111111111111111111a111111111
9133,harshil,1
9134,harshil,1
9135,harshil,1
9136,harshil,111111111111111111111111111111111111111111@1111111111111111111111111111a1111111111111111111a111111111
9137,harshil,111
9138,harshil,111111111111111111111111111111111111111111@1111111111111111111111111111a1111111111111111111a111111111
9139,harshil,1
9140,harshil,1
9141,harshil,1
9142,harshil,111111111111111111111111111111111111111111@1111111111111111111111111111a1111111111111111111a111111111
9143,harshil,111
9144,harshil,111111111111111111111111111111111111111111@1111111111111111111111111111a1111111111111111111a111111111
9145,harshil,1
9146,harshil,1
9147,harshil,1
9148,harshil,111111111111111111111111111111111111111111@1111111111111111111111111111a1111111111111111111a111111111
9149,harshil,111
9150,harshil,111111111111111111111111111111111111111111@1111111111111111111111111111a1111111111111111111a111111111
9151,harshil,1
9152,harshil,1
9153,harshil,1
9154,harshil,111111111111111111111111111111111111111111@1111111111111111111111111111a1111111111111111111a111111111
9155,harshil,111
9156,harshil,111111111111111111111111111111111111111111@1111111111111111111111111111a1111111111111111111a111111111
9157,harshil,1
9158,harshil,1
9159,harshil,1
9160,harshil,111111111111111111111111111111111111111111@1111111111111111111111111111a1111111111111111111a111111111
9161,harshil,111
9162,harshil,111111111111111111111111111111111111111111@1111111111111111111111111111a1111111111111111111a111111111
9163,harshil,1
9164,harshil,1
9165,harshil,1
9166,harshil,111111111111111111111111111111111111111111@1111111111111111111111111111a1111111111111111111a111111111
9167,harshil,111
9168,harshil,111111111111111111111111111111111111111111@1111111111111111111111111111a1111111111111111111a111111111
9169,harshil,1
9170,harshil,1
9171,harshil,1
9172,harshil,111111111111111111111111111111111111111111@1111111111111111111111111111a1111111111111111111a111111111
9173,harshil,111
9174,harshil,111111111111111111111111111111111111111111@1111111111111111111111111111a1111111111111111111a111111111
9175,harshil,1
9176,harshil,1
9177,harshil,1
9178,harshil,111111111111111111111111111111111111111111@1111111111111111111111111111a1111111111111111111a111111111
9179,harshil,111
9180,harshil,111111111111111111111111111111111111111111@1111111111111111111111111111a1111111111111111111a111111111
9181,harshil,1
9182,harshil,1
9183,harshil,1
9184,harshil,111111111111111111111111111111111111111111@1111111111111111111111111111a1111111111111111111a111111111
9185,harshil,111
9186,harshil,111111111111111111111111111111111111111111@1111111111111111111111111111a1111111111111111111a111111111
9187,harshil,1
9188,harshil,1
9189,harshil,1
9190,harshil,111111111111111111111111111111111111111111@1111111111111111111111111111a1111111111111111111a111111111
9191,harshil,111
9192,harshil,111111111111111111111111111111111111111111@1111111111111111111111111111a1111111111111111111a111111111
9193,harshil,1
9194,harshil,1
9195,harshil,1
9196,harshil,111111111111111111111111111111111111111111@1111111111111111111111111111a1111111111111111111a111111111
9197,harshil,111
9198,harshil,111111111111111111111111111111111111111111@1111111111111111111111111111a1111111111111111111a111111111
9199,harshil,1
9200,harshil,1
9201,harshil,1
9202,harshil,111111111111111111111111111111111111111111@1111111111111111111111111111a1111111111111111111a111111111
9203,harshil,111
9204,harshil,111111111111111111111111111111111111111111@1111111111111111111111111111a1111111111111111111a111111111
9205,harshil,1
9206,harshil,1
9207,harshil,1
9208,harshil,111111111111111111111111111111111111111111@1111111111111111111111111111a1111111111111111111a111111111
9209,harshil,111
9210,harshil,111111111111111111111111111111111111111111@1111111111111111111111111111a1111111111111111111a111111111
9211,harshil,1
9212,harshil,1
9213,harshil,1
9214,harshil,111111111111111111111111111111111111111111@1111111111111111111111111111a1111111111111111111a111111111
9215,harshil,111
9216,harshil,111111111111111111111111111111111111111111@1111111111111111111111111111a1111111111111111111a111111111
9217,harshil,1
9218,harshil,1
9219,harshil,1
9220,harshil,111111111111111111111111111111111111111111@1111111111111111111111111111a1111111111111111111a111111111
9221,harshil,111
9222,harshil,111111111111111111111111111111111111111111@1111111111111111111111111111a1111111111111111111a111111111
9223,harshil,1
9224,harshil,1
9225,harshil,1
9226,harshil,111111111111111111111111111111111111111111@1111111111111111111111111111a1111111111111111111a111111111
9227,harshil,111
9228,harshil,111111111111111111111111111111111111111111@1111111111111111111111111111a1111111111111111111a111111111
9229,harshil,1
9230,harshil,1
9231,harshil,1
9232,harshil,111111111111111111111111111111111111111111@1111111111111111111111111111a1111111111111111111a111111111
9233,harshil,111
9234,harshil,111111111111111111111111111111111111111111@1111111111111111111111111111a1111111111111111111a111111111
9235,harshil,1
9236,harshil,1
9237,harshil,1
9238,harshil,111111111111111111111111111111111111111111@1111111111111111111111111111a1111111111111111111a111111111
9239,harshil,111
9240,harshil,111111111111111111111111111111111111111111@1111111111111111111111111111a1111111111111111111a111111111
9241,harshil,1
9242,harshil,1
9243,harshil,1
9244,harshil,111111111111111111111111111111111111111111@1111111111111111111111111111a1111111111111111111a111111111
9245,harshil,111
9246,harshil,111111111111111111111111111111111111111111@1111111111111111111111111111a1111111111111111111a111111111
9247,harshil,1
9248,harshil,1
9249,harshil,1
9250,harshil,111111111111111111111111111111111111111111@1111111111111111111111111111a1111111111111111111a111111111
9251,harshil,111
9252,harshil,111111111111111111111111111111111111111111@1111111111111111111111111111a1111111111111111111a111111111
9253,harshil,1
9254,harshil,1
9255,harshil,1
9256,harshil,111111111111111111111111111111111111111111@1111111111111111111111111111a1111111111111111111a111111111
9257,harshil,111
9258,harshil,111111111111111111111111111111111111111111@1111111111111111111111111111a1111111111111111111a111111111
9259,harshil,1
9260,harshil,1
9261,harshil,1
9262,harshil,111111111111111111111111111111111111111111@1111111111111111111111111111a1111111111111111111a111111111
9263,harshil,111
9264,harshil,111111111111111111111111111111111111111111@1111111111111111111111111111a1111111111111111111a111111111
9265,harshil,1
9266,harshil,1
9267,harshil,1
9268,harshil,111111111111111111111111111111111111111111@1111111111111111111111111111a1111111111111111111a111111111
9269,harshil,111
9270,harshil,111111111111111111111111111111111111111111@1111111111111111111111111111a1111111111111111111a111111111
9271,harshil,1
9272,harshil,1
9273,harshil,1
9274,harshil,111111111111111111111111111111111111111111@1111111111111111111111111111a1111111111111111111a111111111
9275,harshil,111
9276,harshil,111111111111111111111111111111111111111111@1111111111111111111111111111a1111111111111111111a111111111
9277,harshil,1
9278,harshil,1
9279,harshil,1
9280,harshil,111111111111111111111111111111111111111111@1111111111111111111111111111a1111111111111111111a111111111
9281,harshil,111
9282,harshil,111111111111111111111111111111111111111111@1111111111111111111111111111a1111111111111111111a111111111
9283,harshil,1
9284,harshil,1
9285,harshil,1
9286,harshil,111111111111111111111111111111111111111111@1111111111111111111111111111a1111111111111111111a111111111
9287,harshil,111
9288,harshil,111111111111111111111111111111111111111111@1111111111111111111111111111a1111111111111111111a111111111
9289,harshil,1
9290,harshil,1
9291,harshil,1
9292,harshil,111111111111111111111111111111111111111111@1111111111111111111111111111a1111111111111111111a111111111
9293,harshil,111
9294,harshil,111111111111111111111111111111111111111111@1111111111111111111111111111a1111111111111111111a111111111
9295,harshil,1
9296,harshil,1
9297,harshil,1
9298,harshil,111111111111111111111111111111111111111111@1111111111111111111111111111a1111111111111111111a111111111
9299,harshil,111
9300,harshil,111111111111111111111111111111111111111111@1111111111111111111111111111a1111111111111111111a111111111
9301,harshil,1
9302,harshil,1
9303,harshil,1
9304,harshil,111111111111111111111111111111111111111111@1111111111111111111111111111a1111111111111111111a111111111
9305,harshil,111
9306,harshil,111111111111111111111111111111111111111111@1111111111111111111111111111a1111111111111111111a111111111
9307,harshil,1
9308,harshil,1
9309,harshil,1
9310,harshil,111111111111111111111111111111111111111111@1111111111111111111111111111a1111111111111111111a111111111
9311,harshil,111
9312,harshil,111111111111111111111111111111111111111111@1111111111111111111111111111a1111111111111111111a111111111
9313,harshil,1
9314,harshil,1
9315,harshil,1
9316,harshil,111111111111111111111111111111111111111111@1111111111111111111111111111a1111111111111111111a111111111
9317,harshil,111
9318,harshil,111111111111111111111111111111111111111111@1111111111111111111111111111a1111111111111111111a111111111
9319,harshil,1
9320,harshil,1
9321,harshil,1
9322,harshil,111111111111111111111111111111111111111111@1111111111111111111111111111a1111111111111111111a111111111
9323,harshil,111
9324,harshil,111111111111111111111111111111111111111111@1111111111111111111111111111a1111111111111111111a111111111
9325,harshil,1
9326,harshil,1
9327,harshil,1
9328,harshil,111111111111111111111111111111111111111111@1111111111111111111111111111a1111111111111111111a111111111
9329,harshil,111
9330,harshil,111111111111111111111111111111111111111111@1111111111111111111111111111a1111111111111111111a111111111
9331,harshil,1
9332,harshil,1
9333,harshil,1
9334,harshil,111111111111111111111111111111111111111111@1111111111111111111111111111a1111111111111111111a111111111
9335,harshil,111
9336,harshil,111111111111111111111111111111111111111111@1111111111111111111111111111a1111111111111111111a111111111
9337,harshil,1
9338,harshil,1
9339,harshil,1
9340,harshil,111111111111111111111111111111111111111111@1111111111111111111111111111a1111111111111111111a111111111
9341,harshil,111
9342,harshil,111111111111111111111111111111111111111111@1111111111111111111111111111a1111111111111111111a111111111
9343,harshil,1
9344,harshil,1
9345,harshil,1
9346,harshil,111111111111111111111111111111111111111111@1111111111111111111111111111a1111111111111111111a111111111
9347,harshil,111
9348,harshil,111111111111111111111111111111111111111111@1111111111111111111111111111a1111111111111111111a111111111
9349,harshil,1
9350,harshil,1
9351,harshil,1
9352,harshil,111111111111111111111111111111111111111111@1111111111111111111111111111a1111111111111111111a111111111
9353,harshil,111
9354,harshil,111111111111111111111111111111111111111111@1111111111111111111111111111a1111111111111111111a111111111
9355,harshil,1
9356,harshil,1
9357,harshil,1
9358,harshil,111111111111111111111111111111111111111111@1111111111111111111111111111a1111111111111111111a111111111
9359,harshil,111
9360,harshil,111111111111111111111111111111111111111111@1111111111111111111111111111a1111111111111111111a111111111
9361,harshil,1
9362,harshil,1
9363,harshil,1
9364,harshil,111111111111111111111111111111111111111111@1111111111111111111111111111a1111111111111111111a111111111
9365,harshil,111
9366,harshil,111111111111111111111111111111111111111111@1111111111111111111111111111a1111111111111111111a111111111
9367,harshil,1
9368,harshil,1
9369,harshil,1
9370,harshil,111111111111111111111111111111111111111111@1111111111111111111111111111a1111111111111111111a111111111
9371,harshil,111
9372,harshil,111111111111111111111111111111111111111111@1111111111111111111111111111a1111111111111111111a111111111
9373,harshil,1
9374,harshil,1
9375,harshil,1
9376,harshil,111111111111111111111111111111111111111111@1111111111111111111111111111a1111111111111111111a111111111
9377,harshil,111
9378,harshil,111111111111111111111111111111111111111111@1111111111111111111111111111a1111111111111111111a111111111
9379,harshil,1
9380,harshil,1
9381,harshil,1
9382,harshil,111111111111111111111111111111111111111111@1111111111111111111111111111a1111111111111111111a111111111
9383,harshil,111
9384,harshil,111111111111111111111111111111111111111111@1111111111111111111111111111a1111111111111111111a111111111
9385,harshil,1
9386,harshil,1
9387,harshil,1
9388,harshil,111111111111111111111111111111111111111111@1111111111111111111111111111a1111111111111111111a111111111
9389,harshil,111
9390,harshil,111111111111111111111111111111111111111111@1111111111111111111111111111a1111111111111111111a111111111
9391,harshil,1
9392,harshil,1
9393,harshil,1
9394,harshil,111111111111111111111111111111111111111111@1111111111111111111111111111a1111111111111111111a111111111
9395,harshil,111
9396,harshil,111111111111111111111111111111111111111111@1111111111111111111111111111a1111111111111111111a111111111
9397,harshil,1
9398,harshil,1
9399,harshil,1
9400,harshil,111111111111111111111111111111111111111111@1111111111111111111111111111a1111111111111111111a111111111
9401,harshil,111
9402,harshil,111111111111111111111111111111111111111111@1111111111111111111111111111a1111111111111111111a111111111
9403,harshil,1
9404,harshil,1
9405,harshil,1
9406,harshil,111111111111111111111111111111111111111111@1111111111111111111111111111a1111111111111111111a111111111
9407,harshil,111
9408,harshil,111111111111111111111111111111111111111111@1111111111111111111111111111a1111111111111111111a111111111
9409,harshil,1
9410,harshil,1
9411,harshil,1
9412,harshil,111111111111111111111111111111111111111111@1111111111111111111111111111a1111111111111111111a111111111
9413,harshil,111
9414,harshil,111111111111111111111111111111111111111111@1111111111111111111111111111a1111111111111111111a111111111
9415,harshil,1
9416,harshil,1
9417,harshil,1
9418,harshil,111111111111111111111111111111111111111111@1111111111111111111111111111a1111111111111111111a111111111
9419,harshil,111
9420,harshil,111111111111111111111111111111111111111111@1111111111111111111111111111a1111111111111111111a111111111
9421,harshil,1
9422,harshil,1
9423,harshil,1
9424,harshil,111111111111111111111111111111111111111111@1111111111111111111111111111a1111111111111111111a111111111
9425,harshil,111
9426,harshil,111111111111111111111111111111111111111111@1111111111111111111111111111a1111111111111111111a111111111
9427,harshil,1
9428,harshil,1
9429,harshil,1
9430,harshil,111111111111111111111111111111111111111111@1111111111111111111111111111a1111111111111111111a111111111
9431,harshil,111
9432,harshil,111111111111111111111111111111111111111111@1111111111111111111111111111a1111111111111111111a111111111
9433,harshil,1
9434,harshil,1
9435,harshil,1
9436,harshil,111111111111111111111111111111111111111111@1111111111111111111111111111a1111111111111111111a111111111
9437,harshil,111
9438,harshil,111111111111111111111111111111111111111111@1111111111111111111111111111a1111111111111111111a111111111
9439,harshil,1
9440,harshil,1
9441,harshil,1
9442,harshil,111111111111111111111111111111111111111111@1111111111111111111111111111a1111111111111111111a111111111
9443,harshil,111
9444,harshil,111111111111111111111111111111111111111111@1111111111111111111111111111a1111111111111111111a111111111
9445,harshil,1
9446,harshil,1
9447,harshil,1
9448,harshil,111111111111111111111111111111111111111111@1111111111111111111111111111a1111111111111111111a111111111
9449,harshil,111
9450,harshil,111111111111111111111111111111111111111111@1111111111111111111111111111a1111111111111111111a111111111
9451,harshil,1
9452,harshil,1
9453,harshil,1
9454,harshil,111111111111111111111111111111111111111111@1111111111111111111111111111a1111111111111111111a111111111
9455,harshil,111
9456,harshil,111111111111111111111111111111111111111111@1111111111111111111111111111a1111111111111111111a111111111
9457,harshil,1
9458,harshil,1
9459,harshil,1
9460,harshil,111111111111111111111111111111111111111111@1111111111111111111111111111a1111111111111111111a111111111
9461,harshil,111
9462,harshil,111111111111111111111111111111111111111111@1111111111111111111111111111a1111111111111111111a111111111
9463,harshil,1
9464,harshil,1
9465,harshil,1
9466,harshil,111111111111111111111111111111111111111111@1111111111111111111111111111a1111111111111111111a111111111
9467,harshil,111
9468,harshil,111111111111111111111111111111111111111111@1111111111111111111111111111a1111111111111111111a111111111
9469,harshil,1
9470,harshil,1
9471,harshil,1
9472,harshil,111111111111111111111111111111111111111111@1111111111111111111111111111a1111111111111111111a111111111
9473,harshil,111
9474,harshil,111111111111111111111111111111111111111111@1111111111111111111111111111a1111111111111111111a111111111
9475,harshil,1
9476,harshil,1
9477,harshil,1
9478,harshil,111111111111111111111111111111111111111111@1111111111111111111111111111a1111111111111111111a111111111
9479,harshil,111
9480,harshil,111111111111111111111111111111111111111111@1111111111111111111111111111a1111111111111111111a111111111
9481,harshil,1
9482,harshil,1
9483,harshil,1
9484,harshil,111111111111111111111111111111111111111111@1111111111111111111111111111a1111111111111111111a111111111
9485,harshil,111
9486,harshil,111111111111111111111111111111111111111111@1111111111111111111111111111a1111111111111111111a111111111
9487,harshil,1
9488,harshil,1
9489,harshil,1
9490,harshil,111111111111111111111111111111111111111111@1111111111111111111111111111a1111111111111111111a111111111
9491,harshil,111
9492,harshil,111111111111111111111111111111111111111111@1111111111111111111111111111a1111111111111111111a111111111
9493,harshil,1
9494,harshil,1
9495,harshil,1
9496,harshil,111111111111111111111111111111111111111111@1111111111111111111111111111a1111111111111111111a111111111
9497,harshil,111
9498,harshil,111111111111111111111111111111111111111111@1111111111111111111111111111a1111111111111111111a111111111
9499,harshil,1
9500,harshil,1
9501,harshil,1
9502,harshil,111111111111111111111111111111111111111111@1111111111111111111111111111a1111111111111111111a111111111
9503,harshil,111
9504,harshil,111111111111111111111111111111111111111111@1111111111111111111111111111a1111111111111111111a111111111
9505,harshil,1
9506,harshil,1
9507,harshil,1
9508,harshil,111111111111111111111111111111111111111111@1111111111111111111111111111a1111111111111111111a111111111
9509,harshil,111
9510,harshil,111111111111111111111111111111111111111111@1111111111111111111111111111a1111111111111111111a111111111
9511,harshil,1
9512,harshil,1
9513,harshil,1
9514,harshil,111111111111111111111111111111111111111111@1111111111111111111111111111a1111111111111111111a111111111
9515,harshil,111
9516,harshil,111111111111111111111111111111111111111111@1111111111111111111111111111a1111111111111111111a111111111
9517,harshil,1
9518,harshil,1
9519,harshil,1
9520,harshil,111111111111111111111111111111111111111111@1111111111111111111111111111a1111111111111111111a111111111
9521,harshil,111
9522,harshil,111111111111111111111111111111111111111111@1111111111111111111111111111a1111111111111111111a111111111
9523,harshil,1
9524,harshil,1
9525,harshil,1
9526,harshil,111111111111111111111111111111111111111111@1111111111111111111111111111a1111111111111111111a111111111
9527,harshil,111
9528,harshil,111111111111111111111111111111111111111111@1111111111111111111111111111a1111111111111111111a111111111
9529,harshil,1
9530,harshil,1
9531,harshil,1
9532,harshil,111111111111111111111111111111111111111111@1111111111111111111111111111a1111111111111111111a111111111
9533,harshil,111
9534,harshil,111111111111111111111111111111111111111111@1111111111111111111111111111a1111111111111111111a111111111
9535,harshil,1
9536,harshil,1
9537,harshil,1
9538,harshil,111111111111111111111111111111111111111111@1111111111111111111111111111a1111111111111111111a111111111
9539,harshil,111
9540,harshil,111111111111111111111111111111111111111111@1111111111111111111111111111a1111111111111111111a111111111
9541,harshil,1
9542,harshil,1
9543,harshil,1
9544,harshil,111111111111111111111111111111111111111111@1111111111111111111111111111a1111111111111111111a111111111
9545,harshil,111
9546,harshil,111111111111111111111111111111111111111111@1111111111111111111111111111a1111111111111111111a111111111
9547,harshil,1
9548,harshil,1
9549,harshil,1
9550,harshil,111111111111111111111111111111111111111111@1111111111111111111111111111a1111111111111111111a111111111
9551,harshil,111
9552,harshil,111111111111111111111111111111111111111111@1111111111111111111111111111a1111111111111111111a111111111
9553,harshil,1
9554,harshil,1
9555,harshil,1
9556,harshil,111111111111111111111111111111111111111111@1111111111111111111111111111a1111111111111111111a111111111
9557,harshil,111
9558,harshil,111111111111111111111111111111111111111111@1111111111111111111111111111a1111111111111111111a111111111
9559,harshil,1
9560,harshil,1
9561,harshil,1
9562,harshil,111111111111111111111111111111111111111111@1111111111111111111111111111a1111111111111111111a111111111
9563,harshil,111
9564,harshil,111111111111111111111111111111111111111111@1111111111111111111111111111a1111111111111111111a111111111
9565,harshil,1
9566,harshil,1
9567,harshil,1
9568,harshil,111111111111111111111111111111111111111111@1111111111111111111111111111a1111111111111111111a111111111
9569,harshil,111
9570,harshil,111111111111111111111111111111111111111111@1111111111111111111111111111a1111111111111111111a111111111
9571,harshil,1
9572,harshil,1
9573,harshil,1
9574,harshil,111111111111111111111111111111111111111111@1111111111111111111111111111a1111111111111111111a111111111
9575,harshil,111
9576,harshil,111111111111111111111111111111111111111111@1111111111111111111111111111a1111111111111111111a111111111
9577,harshil,1
9578,harshil,1
9579,harshil,1
9580,harshil,111111111111111111111111111111111111111111@1111111111111111111111111111a1111111111111111111a111111111
9581,harshil,111
9582,harshil,111111111111111111111111111111111111111111@1111111111111111111111111111a1111111111111111111a111111111
9583,harshil,1
9584,harshil,1
9585,harshil,1
9586,harshil,111111111111111111111111111111111111111111@1111111111111111111111111111a1111111111111111111a111111111
9587,harshil,111
9588,harshil,111111111111111111111111111111111111111111@1111111111111111111111111111a1111111111111111111a111111111
9589,harshil,1
9590,harshil,1
9591,harshil,1
9592,harshil,111111111111111111111111111111111111111111@1111111111111111111111111111a1111111111111111111a111111111
9593,harshil,111
9594,harshil,111111111111111111111111111111111111111111@1111111111111111111111111111a1111111111111111111a111111111
9595,harshil,1
9596,harshil,1
9597,harshil,1
9598,harshil,111111111111111111111111111111111111111111@1111111111111111111111111111a1111111111111111111a111111111
9599,harshil,111
9600,harshil,111111111111111111111111111111111111111111@1111111111111111111111111111a1111111111111111111a111111111
9601,harshil,1
9602,harshil,1
9603,harshil,1
9604,harshil,111111111111111111111111111111111111111111@1111111111111111111111111111a1111111111111111111a111111111
9605,harshil,111
9606,harshil,111111111111111111111111111111111111111111@1111111111111111111111111111a1111111111111111111a111111111
9607,harshil,1
9608,harshil,1
9609,harshil,1
9610,harshil,111111111111111111111111111111111111111111@1111111111111111111111111111a1111111111111111111a111111111
9611,harshil,111
9612,harshil,111111111111111111111111111111111111111111@1111111111111111111111111111a1111111111111111111a111111111
9613,harshil,1
9614,harshil,1
9615,harshil,1
9616,harshil,111111111111111111111111111111111111111111@1111111111111111111111111111a1111111111111111111a111111111
9617,harshil,111
9618,harshil,111111111111111111111111111111111111111111@1111111111111111111111111111a1111111111111111111a111111111
9619,harshil,1
9620,harshil,1
9621,harshil,1
9622,harshil,111111111111111111111111111111111111111111@1111111111111111111111111111a1111111111111111111a111111111
9623,harshil,111
9624,harshil,111111111111111111111111111111111111111111@1111111111111111111111111111a1111111111111111111a111111111
9625,harshil,1
9626,harshil,1
9627,harshil,1
9628,harshil,111111111111111111111111111111111111111111@1111111111111111111111111111a1111111111111111111a111111111
9629,harshil,111
9630,harshil,111111111111111111111111111111111111111111@1111111111111111111111111111a1111111111111111111a111111111
9631,harshil,1
9632,harshil,1
9633,harshil,1
9634,harshil,111111111111111111111111111111111111111111@1111111111111111111111111111a1111111111111111111a111111111
9635,harshil,111
9636,harshil,111111111111111111111111111111111111111111@1111111111111111111111111111a1111111111111111111a111111111
9637,harshil,1
9638,harshil,1
9639,harshil,1
9640,harshil,111111111111111111111111111111111111111111@1111111111111111111111111111a1111111111111111111a111111111
9641,harshil,111
9642,harshil,111111111111111111111111111111111111111111@1111111111111111111111111111a1111111111111111111a111111111
9643,harshil,1
9644,harshil,1
9645,harshil,1
9646,harshil,111111111111111111111111111111111111111111@1111111111111111111111111111a1111111111111111111a111111111
9647,harshil,111
9648,harshil,111111111111111111111111111111111111111111@1111111111111111111111111111a1111111111111111111a111111111
9649,harshil,1
9650,harshil,1
9651,harshil,1
9652,harshil,111111111111111111111111111111111111111111@1111111111111111111111111111a1111111111111111111a111111111
9653,harshil,111
9654,harshil,111111111111111111111111111111111111111111@1111111111111111111111111111a1111111111111111111a111111111
9655,harshil,1
9656,harshil,1
9657,harshil,1
9658,harshil,111111111111111111111111111111111111111111@1111111111111111111111111111a1111111111111111111a111111111
9659,harshil,111
9660,harshil,111111111111111111111111111111111111111111@1111111111111111111111111111a1111111111111111111a111111111
9661,harshil,1
9662,harshil,1
9663,harshil,1
9664,harshil,111111111111111111111111111111111111111111@1111111111111111111111111111a1111111111111111111a111111111
9665,harshil,111
9666,harshil,111111111111111111111111111111111111111111@1111111111111111111111111111a1111111111111111111a111111111
9667,harshil,1
9668,harshil,1
9669,harshil,1
9670,harshil,111111111111111111111111111111111111111111@1111111111111111111111111111a1111111111111111111a111111111
9671,harshil,111
9672,harshil,111111111111111111111111111111111111111111@1111111111111111111111111111a1111111111111111111a111111111
9673,harshil,1
9674,harshil,1
9675,harshil,1
9676,harshil,111111111111111111111111111111111111111111@1111111111111111111111111111a1111111111111111111a111111111
9677,harshil,111
9678,harshil,111111111111111111111111111111111111111111@1111111111111111111111111111a1111111111111111111a111111111
9679,harshil,1
9680,harshil,1
9681,harshil,1
9682,harshil,111111111111111111111111111111111111111111@1111111111111111111111111111a1111111111111111111a111111111
9683,harshil,111
9684,harshil,111111111111111111111111111111111111111111@1111111111111111111111111111a1111111111111111111a111111111
9685,harshil,1
9686,harshil,1
9687,harshil,1
9688,harshil,111111111111111111111111111111111111111111@1111111111111111111111111111a1111111111111111111a111111111
9689,harshil,111
9690,harshil,111111111111111111111111111111111111111111@1111111111111111111111111111a1111111111111111111a111111111
9691,harshil,1
9692,harshil,1
9693,harshil,1
9694,harshil,111111111111111111111111111111111111111111@1111111111111111111111111111a1111111111111111111a111111111
9695,harshil,111
9696,harshil,111111111111111111111111111111111111111111@1111111111111111111111111111a1111111111111111111a111111111
9697,harshil,1
9698,harshil,1
9699,harshil,1
9700,harshil,111111111111111111111111111111111111111111@1111111111111111111111111111a1111111111111111111a111111111
9701,harshil,111
9702,harshil,111111111111111111111111111111111111111111@1111111111111111111111111111a1111111111111111111a111111111
9703,harshil,1
9704,harshil,1
9705,harshil,1
9706,harshil,111111111111111111111111111111111111111111@1111111111111111111111111111a1111111111111111111a111111111
9707,harshil,111
9708,harshil,111111111111111111111111111111111111111111@1111111111111111111111111111a1111111111111111111a111111111
9709,harshil,1
9710,harshil,1
9711,harshil,1
9712,harshil,111111111111111111111111111111111111111111@1111111111111111111111111111a1111111111111111111a111111111
9713,harshil,111
9714,harshil,111111111111111111111111111111111111111111@1111111111111111111111111111a1111111111111111111a111111111
9715,harshil,1
9716,harshil,1
9717,harshil,1
9718,harshil,111111111111111111111111111111111111111111@1111111111111111111111111111a1111111111111111111a111111111
9719,harshil,111
9720,harshil,111111111111111111111111111111111111111111@1111111111111111111111111111a1111111111111111111a111111111
9721,harshil,1
9722,harshil,1
9723,harshil,1
9724,harshil,111111111111111111111111111111111111111111@1111111111111111111111111111a1111111111111111111a111111111
9725,harshil,111
9726,harshil,111111111111111111111111111111111111111111@1111111111111111111111111111a1111111111111111111a111111111
9727,harshil,1
9728,harshil,1
9729,harshil,1
9730,harshil,111111111111111111111111111111111111111111@1111111111111111111111111111a1111111111111111111a111111111
9731,harshil,111
9732,harshil,111111111111111111111111111111111111111111@1111111111111111111111111111a1111111111111111111a111111111
9733,harshil,1
9734,harshil,1
9735,harshil,1
9736,harshil,111111111111111111111111111111111111111111@1111111111111111111111111111a1111111111111111111a111111111
9737,harshil,111
9738,harshil,111111111111111111111111111111111111111111@1111111111111111111111111111a1111111111111111111a111111111
9739,harshil,1
9740,harshil,1
9741,harshil,1
9742,harshil,111111111111111111111111111111111111111111@1111111111111111111111111111a1111111111111111111a111111111
9743,harshil,111
9744,harshil,111111111111111111111111111111111111111111@1111111111111111111111111111a1111111111111111111a111111111
9745,harshil,1
9746,harshil,1
9747,harshil,1
9748,harshil,111111111111111111111111111111111111111111@1111111111111111111111111111a1111111111111111111a111111111
9749,harshil,111
9750,harshil,111111111111111111111111111111111111111111@1111111111111111111111111111a1111111111111111111a111111111
9751,harshil,1
9752,harshil,1
9753,harshil,1
9754,harshil,111111111111111111111111111111111111111111@1111111111111111111111111111a1111111111111111111a111111111
9755,harshil,111
9756,harshil,111111111111111111111111111111111111111111@1111111111111111111111111111a1111111111111111111a111111111
9757,harshil,1
9758,harshil,1
9759,harshil,1
9760,harshil,111111111111111111111111111111111111111111@1111111111111111111111111111a1111111111111111111a111111111
9761,harshil,111
9762,harshil,111111111111111111111111111111111111111111@1111111111111111111111111111a1111111111111111111a111111111
9763,harshil,1
9764,harshil,1
9765,harshil,1
9766,harshil,111111111111111111111111111111111111111111@1111111111111111111111111111a1111111111111111111a111111111
9767,harshil,111
9768,harshil,111111111111111111111111111111111111111111@1111111111111111111111111111a1111111111111111111a111111111
9769,harshil,1
9770,harshil,1
9771,harshil,1
9772,harshil,111111111111111111111111111111111111111111@1111111111111111111111111111a1111111111111111111a111111111
9773,harshil,111
9774,harshil,111111111111111111111111111111111111111111@1111111111111111111111111111a1111111111111111111a111111111
9775,harshil,1
9776,harshil,1
9777,harshil,1
9778,harshil,111111111111111111111111111111111111111111@1111111111111111111111111111a1111111111111111111a111111111
9779,harshil,111
9780,harshil,111111111111111111111111111111111111111111@1111111111111111111111111111a1111111111111111111a111111111
9781,harshil,1
9782,harshil,1
9783,harshil,1
9784,harshil,111111111111111111111111111111111111111111@1111111111111111111111111111a1111111111111111111a111111111
9785,harshil,111
9786,harshil,111111111111111111111111111111111111111111@1111111111111111111111111111a1111111111111111111a111111111
9787,harshil,1
9788,harshil,1
9789,harshil,1
9790,harshil,111111111111111111111111111111111111111111@1111111111111111111111111111a1111111111111111111a111111111
9791,harshil,111
9792,harshil,111111111111111111111111111111111111111111@1111111111111111111111111111a1111111111111111111a111111111
9793,harshil,1
9794,harshil,1
9795,harshil,1
9796,harshil,111111111111111111111111111111111111111111@1111111111111111111111111111a1111111111111111111a111111111
9797,harshil,111
9798,harshil,111111111111111111111111111111111111111111@1111111111111111111111111111a1111111111111111111a111111111
9799,harshil,1
9800,harshil,1
9801,harshil,1
9802,harshil,111111111111111111111111111111111111111111@1111111111111111111111111111a1111111111111111111a111111111
9803,harshil,111
9804,harshil,111111111111111111111111111111111111111111@1111111111111111111111111111a1111111111111111111a111111111
9805,harshil,1
9806,harshil,1
9807,harshil,1
9808,harshil,111111111111111111111111111111111111111111@1111111111111111111111111111a1111111111111111111a111111111
9809,harshil,111
9810,harshil,111111111111111111111111111111111111111111@1111111111111111111111111111a1111111111111111111a111111111
9811,harshil,1
9812,harshil,1
9813,harshil,1
9814,harshil,111111111111111111111111111111111111111111@1111111111111111111111111111a1111111111111111111a111111111
9815,harshil,111
9816,harshil,111111111111111111111111111111111111111111@1111111111111111111111111111a1111111111111111111a111111111
9817,harshil,1
9818,harshil,1
9819,harshil,1
9820,harshil,111111111111111111111111111111111111111111@1111111111111111111111111111a1111111111111111111a111111111
9821,harshil,111
9822,harshil,111111111111111111111111111111111111111111@1111111111111111111111111111a1111111111111111111a111111111
9823,harshil,1
9824,harshil,1
9825,harshil,1
9826,harshil,111111111111111111111111111111111111111111@1111111111111111111111111111a1111111111111111111a111111111
9827,harshil,111
9828,harshil,111111111111111111111111111111111111111111@1111111111111111111111111111a1111111111111111111a111111111
9829,harshil,1
9830,harshil,1
9831,harshil,1
9832,harshil,111111111111111111111111111111111111111111@1111111111111111111111111111a1111111111111111111a111111111
9833,harshil,111
9834,harshil,111111111111111111111111111111111111111111@1111111111111111111111111111a1111111111111111111a111111111
9835,harshil,1
9836,harshil,1
9837,harshil,1
9838,harshil,111111111111111111111111111111111111111111@1111111111111111111111111111a1111111111111111111a111111111
9839,harshil,111
9840,harshil,111111111111111111111111111111111111111111@1111111111111111111111111111a1111111111111111111a111111111
9841,harshil,1
9842,harshil,1
9843,harshil,1
9844,harshil,111111111111111111111111111111111111111111@1111111111111111111111111111a1111111111111111111a111111111
9845,harshil,111
9846,harshil,111111111111111111111111111111111111111111@1111111111111111111111111111a1111111111111111111a111111111
9847,harshil,1
9848,harshil,1
9849,harshil,1
9850,harshil,111111111111111111111111111111111111111111@1111111111111111111111111111a1111111111111111111a111111111
9851,harshil,111
9852,harshil,111111111111111111111111111111111111111111@1111111111111111111111111111a1111111111111111111a111111111
9853,harshil,1
9854,harshil,1
9855,harshil,1
9856,harshil,111111111111111111111111111111111111111111@1111111111111111111111111111a1111111111111111111a111111111
9857,harshil,111
9858,harshil,111111111111111111111111111111111111111111@1111111111111111111111111111a1111111111111111111a111111111
9859,harshil,1
9860,harshil,1
9861,harshil,1
9862,harshil,111111111111111111111111111111111111111111@1111111111111111111111111111a1111111111111111111a111111111
9863,harshil,111
9864,harshil,111111111111111111111111111111111111111111@1111111111111111111111111111a1111111111111111111a111111111
9865,harshil,1
9866,harshil,1
9867,harshil,1
9868,harshil,111111111111111111111111111111111111111111@1111111111111111111111111111a1111111111111111111a111111111
9869,harshil,111
9870,harshil,111111111111111111111111111111111111111111@1111111111111111111111111111a1111111111111111111a111111111
9871,harshil,1
9872,harshil,1
9873,harshil,1
9874,harshil,111111111111111111111111111111111111111111@1111111111111111111111111111a1111111111111111111a111111111
9875,harshil,111
9876,harshil,111111111111111111111111111111111111111111@1111111111111111111111111111a1111111111111111111a111111111
9877,harshil,1
9878,harshil,1
9879,harshil,1
9880,harshil,111111111111111111111111111111111111111111@1111111111111111111111111111a1111111111111111111a111111111
9881,harshil,111
9882,harshil,111111111111111111111111111111111111111111@1111111111111111111111111111a1111111111111111111a111111111
9883,harshil,1
9884,harshil,1
9885,harshil,1
9886,harshil,111111111111111111111111111111111111111111@1111111111111111111111111111a1111111111111111111a111111111
9887,harshil,111
9888,harshil,111111111111111111111111111111111111111111@1111111111111111111111111111a1111111111111111111a111111111
9889,harshil,1
9890,harshil,1
9891,harshil,1
9892,harshil,111111111111111111111111111111111111111111@1111111111111111111111111111a1111111111111111111a111111111
9893,harshil,111
9894,harshil,111111111111111111111111111111111111111111@1111111111111111111111111111a1111111111111111111a111111111
9895,harshil,1
9896,harshil,1
9897,harshil,1
9898,harshil,111111111111111111111111111111111111111111@1111111111111111111111111111a1111111111111111111a111111111
9899,harshil,111
9900,harshil,111111111111111111111111111111111111111111@1111111111111111111111111111a1111111111111111111a111111111
9901,harshil,1
9902,harshil,1
9903,harshil,1
9904,harshil,111111111111111111111111111111111111111111@1111111111111111111111111111a1111111111111111111a111111111
9905,harshil,111
9906,harshil,111111111111111111111111111111111111111111@1111111111111111111111111111a1111111111111111111a111111111
9907,harshil,1
9908,harshil,1
9909,harshil,1
9910,harshil,111111111111111111111111111111111111111111@1111111111111111111111111111a1111111111111111111a111111111
9911,harshil,111
9912,harshil,111111111111111111111111111111111111111111@1111111111111111111111111111a1111111111111111111a111111111
9913,harshil,1
9914,harshil,1
9915,harshil,1
9916,harshil,111111111111111111111111111111111111111111@1111111111111111111111111111a1111111111111111111a111111111
9917,harshil,111
9918,harshil,111111111111111111111111111111111111111111@1111111111111111111111111111a1111111111111111111a111111111
9919,harshil,1
9920,harshil,1
9921,harshil,1
9922,harshil,111111111111111111111111111111111111111111@1111111111111111111111111111a1111111111111111111a111111111
9923,harshil,111
9924,harshil,111111111111111111111111111111111111111111@1111111111111111111111111111a1111111111111111111a111111111
9925,harshil,1
9926,harshil,1
9927,harshil,1
9928,harshil,111111111111111111111111111111111111111111@1111111111111111111111111111a1111111111111111111a111111111
9929,harshil,111
9930,harshil,111111111111111111111111111111111111111111@1111111111111111111111111111a1111111111111111111a111111111
9931,harshil,1
9932,harshil,1
9933,harshil,1
9934,harshil,111111111111111111111111111111111111111111@1111111111111111111111111111a1111111111111111111a111111111
9935,harshil,111
9936,harshil,111111111111111111111111111111111111111111@1111111111111111111111111111a1111111111111111111a111111111
9937,harshil,1
9938,harshil,1
9939,harshil,1
9940,harshil,111111111111111111111111111111111111111111@1111111111111111111111111111a1111111111111111111a111111111
9941,harshil,111
9942,harshil,111111111111111111111111111111111111111111@1111111111111111111111111111a1111111111111111111a111111111
9943,harshil,1
9944,harshil,1
9945,harshil,1
9946,harshil,111111111111111111111111111111111111111111@1111111111111111111111111111a1111111111111111111a111111111
9947,harshil,111
9948,harshil,111111111111111111111111111111111111111111@1111111111111111111111111111a1111111111111111111a111111111
9949,harshil,1
9950,harshil,1
9951,harshil,1
9952,harshil,111111111111111111111111111111111111111111@1111111111111111111111111111a1111111111111111111a111111111
9953,harshil,111
9954,harshil,111111111111111111111111111111111111111111@1111111111111111111111111111a1111111111111111111a111111111
9955,harshil,1
9956,harshil,1
9957,harshil,1
9958,harshil,111111111111111111111111111111111111111111@1111111111111111111111111111a1111111111111111111a111111111
9959,harshil,111
9960,harshil,111111111111111111111111111111111111111111@1111111111111111111111111111a1111111111111111111a111111111
9961,harshil,1
9962,harshil,1
9963,harshil,1
9964,harshil,111111111111111111111111111111111111111111@1111111111111111111111111111a1111111111111111111a111111111
9965,harshil,111
9966,harshil,111111111111111111111111111111111111111111@1111111111111111111111111111a1111111111111111111a111111111
9967,harshil,1
9968,harshil,1
9969,harshil,1
9970,harshil,111111111111111111111111111111111111111111@1111111111111111111111111111a1111111111111111111a111111111
9971,harshil,111
9972,harshil,111111111111111111111111111111111111111111@1111111111111111111111111111a1111111111111111111a111111111
9973,harshil,1
9974,harshil,1
9975,harshil,1
9976,harshil,111111111111111111111111111111111111111111@1111111111111111111111111111a1111111111111111111a111111111
9977,harshil,111
9978,harshil,111111111111111111111111111111111111111111@1111111111111111111111111111a1111111111111111111a111111111
9979,harshil,1
9980,harshil,1
9981,harshil,1
9982,harshil,111111111111111111111111111111111111111111@1111111111111111111111111111a1111111111111111111a111111111
9983,harshil,111
9984,harshil,111111111111111111111111111111111111111111@1111111111111111111111111111a1111111111111111111a111111111
9985,harshil,1
9986,harshil,1
9987,harshil,1
9988,harshil,111111111111111111111111111111111111111111@1111111111111111111111111111a1111111111111111111a111111111
9989,harshil,111
9990,harshil,111111111111111111111111111111111111111111@1111111111111111111111111111a1111111111111111111a111111111
9991,harshil,1
9992,harshil,1
9993,harshil,1
9994,harshil,111111111111111111111111111111111111111111@1111111111111111111111111111a1111111111111111111a111111111
9995,harshil,111
9996,harshil,111111111111111111111111111111111111111111@1111111111111111111111111111a1111111111111111111a111111111
9997,harshil,1
9998,harshil,1
9999,harshil,1
10000,harshil,111111111111111111111111111111111111111111@1111111111111111111111111111a1111111111111111111a111111111
10001,harshil,111
10002,harshil,111111111111111111111111111111111111111111@1111111111111111111111111111a1111111111111111111a111111111
10003,harshil,1
10004,harshil,1
10005,harshil,1
10006,harshil,111111111111111111111111111111111111111111@1111111111111111111111111111a1111111111111111111a111111111
10007,harshil,111
10008,harshil,111111111111111111111111111111111111111111@1111111111111111111111111111a1111111111111111111a111111111
10009,harshil,1
10010,harshil,1
10011,harshil,1
10012,harshil,111111111111111111111111111111111111111111@1111111111111111111111111111a1111111111111111111a111111111
10013,harshil,111
10014,harshil,111111111111111111111111111111111111111111@1111111111111111111111111111a1111111111111111111a111111111
10015,harshil,1
10016,harshil,1
10017,harshil,1
10018,harshil,111111111111111111111111111111111111111111@1111111111111111111111111111a1111111111111111111a111111111
10019,harshil,111
10020,harshil,111111111111111111111111111111111111111111@1111111111111111111111111111a1111111111111111111a111111111
10021,harshil,1
10022,harshil,1
10023,harshil,1
10024,harshil,111111111111111111111111111111111111111111@1111111111111111111111111111a1111111111111111111a111111111
10025,harshil,111
10026,harshil,111111111111111111111111111111111111111111@1111111111111111111111111111a1111111111111111111a111111111
10027,harshil,1
10028,harshil,1
10029,harshil,1
10030,harshil,111111111111111111111111111111111111111111@1111111111111111111111111111a1111111111111111111a111111111
10031,harshil,111
10032,harshil,111111111111111111111111111111111111111111@1111111111111111111111111111a1111111111111111111a111111111
10033,harshil,1
10034,harshil,1
10035,harshil,1
10036,harshil,111111111111111111111111111111111111111111@1111111111111111111111111111a1111111111111111111a111111111
10037,harshil,111
10038,harshil,111111111111111111111111111111111111111111@1111111111111111111111111111a1111111111111111111a111111111
10039,harshil,1
10040,harshil,1
10041,harshil,1
10042,harshil,111111111111111111111111111111111111111111@1111111111111111111111111111a1111111111111111111a111111111
10043,harshil,111
10044,harshil,111111111111111111111111111111111111111111@1111111111111111111111111111a1111111111111111111a111111111
10045,harshil,1
10046,harshil,1
10047,harshil,1
10048,harshil,111111111111111111111111111111111111111111@1111111111111111111111111111a1111111111111111111a111111111
10049,harshil,111
10050,harshil,111111111111111111111111111111111111111111@1111111111111111111111111111a1111111111111111111a111111111
10051,harshil,1
10052,harshil,1
10053,harshil,1
10054,harshil,111111111111111111111111111111111111111111@1111111111111111111111111111a1111111111111111111a111111111
10055,harshil,111
10056,harshil,111111111111111111111111111111111111111111@1111111111111111111111111111a1111111111111111111a111111111
10057,harshil,1
10058,harshil,1
10059,harshil,1
10060,harshil,111111111111111111111111111111111111111111@1111111111111111111111111111a1111111111111111111a111111111
10061,harshil,111
10062,harshil,111111111111111111111111111111111111111111@1111111111111111111111111111a1111111111111111111a111111111
10063,harshil,1
10064,harshil,1
10065,harshil,1
10066,harshil,111111111111111111111111111111111111111111@1111111111111111111111111111a1111111111111111111a111111111
10067,harshil,111
10068,harshil,111111111111111111111111111111111111111111@1111111111111111111111111111a1111111111111111111a111111111
10069,harshil,1
10070,harshil,1
10071,harshil,1
10072,harshil,111111111111111111111111111111111111111111@1111111111111111111111111111a1111111111111111111a111111111
10073,harshil,111
10074,harshil,111111111111111111111111111111111111111111@1111111111111111111111111111a1111111111111111111a111111111
10075,harshil,1
10076,harshil,1
10077,harshil,1
10078,harshil,111111111111111111111111111111111111111111@1111111111111111111111111111a1111111111111111111a111111111
10079,harshil,111
10080,harshil,111111111111111111111111111111111111111111@1111111111111111111111111111a1111111111111111111a111111111
10081,harshil,1
10082,harshil,1
10083,harshil,1
10084,harshil,111111111111111111111111111111111111111111@1111111111111111111111111111a1111111111111111111a111111111
10085,harshil,111
10086,harshil,111111111111111111111111111111111111111111@1111111111111111111111111111a1111111111111111111a111111111
10087,harshil,1
10088,harshil,1
10089,harshil,1
10090,harshil,111111111111111111111111111111111111111111@1111111111111111111111111111a1111111111111111111a111111111
10091,harshil,111
10092,harshil,111111111111111111111111111111111111111111@1111111111111111111111111111a1111111111111111111a111111111
10093,harshil,1
10094,harshil,1
10095,harshil,1
10096,harshil,111111111111111111111111111111111111111111@1111111111111111111111111111a1111111111111111111a111111111
10097,harshil,111
10098,harshil,111111111111111111111111111111111111111111@1111111111111111111111111111a1111111111111111111a111111111
10099,harshil,1
10100,harshil,1
10101,harshil,1
10102,harshil,111111111111111111111111111111111111111111@1111111111111111111111111111a1111111111111111111a111111111
10103,harshil,111
10104,harshil,111111111111111111111111111111111111111111@1111111111111111111111111111a1111111111111111111a111111111
10105,harshil,1
10106,harshil,1
10107,harshil,1
10108,harshil,111111111111111111111111111111111111111111@1111111111111111111111111111a1111111111111111111a111111111
10109,harshil,111
10110,harshil,111111111111111111111111111111111111111111@1111111111111111111111111111a1111111111111111111a111111111
10111,harshil,1
10112,harshil,1
10113,harshil,1
10114,harshil,111111111111111111111111111111111111111111@1111111111111111111111111111a1111111111111111111a111111111
10115,harshil,111
10116,harshil,111111111111111111111111111111111111111111@1111111111111111111111111111a1111111111111111111a111111111
10117,harshil,1
10118,harshil,1
10119,harshil,1
10120,harshil,111111111111111111111111111111111111111111@1111111111111111111111111111a1111111111111111111a111111111
10121,harshil,111
10122,harshil,111111111111111111111111111111111111111111@1111111111111111111111111111a1111111111111111111a111111111
10123,harshil,1
10124,harshil,1
10125,harshil,1
10126,harshil,111111111111111111111111111111111111111111@1111111111111111111111111111a1111111111111111111a111111111
10127,harshil,111
10128,harshil,111111111111111111111111111111111111111111@1111111111111111111111111111a1111111111111111111a111111111
10129,harshil,1
10130,harshil,1
10131,harshil,1
10132,harshil,111111111111111111111111111111111111111111@1111111111111111111111111111a1111111111111111111a111111111
10133,harshil,111
10134,harshil,111111111111111111111111111111111111111111@1111111111111111111111111111a1111111111111111111a111111111
10135,harshil,1
10136,harshil,1
10137,harshil,1
10138,harshil,111111111111111111111111111111111111111111@1111111111111111111111111111a1111111111111111111a111111111
10139,harshil,111
10140,harshil,111111111111111111111111111111111111111111@1111111111111111111111111111a1111111111111111111a111111111
10141,harshil,1
10142,harshil,1
10143,harshil,1
10144,harshil,111111111111111111111111111111111111111111@1111111111111111111111111111a1111111111111111111a111111111
10145,harshil,111
10146,harshil,111111111111111111111111111111111111111111@1111111111111111111111111111a1111111111111111111a111111111
10147,harshil,1
10148,harshil,1
10149,harshil,1
10150,harshil,111111111111111111111111111111111111111111@1111111111111111111111111111a1111111111111111111a111111111
10151,harshil,111
10152,harshil,111111111111111111111111111111111111111111@1111111111111111111111111111a1111111111111111111a111111111
10153,harshil,1
10154,harshil,1
10155,harshil,1
10156,harshil,111111111111111111111111111111111111111111@1111111111111111111111111111a1111111111111111111a111111111
10157,harshil,111
10158,harshil,111111111111111111111111111111111111111111@1111111111111111111111111111a1111111111111111111a111111111
10159,harshil,1
10160,harshil,1
10161,harshil,1
10162,harshil,111111111111111111111111111111111111111111@1111111111111111111111111111a1111111111111111111a111111111
10163,harshil,111
10164,harshil,111111111111111111111111111111111111111111@1111111111111111111111111111a1111111111111111111a111111111
10165,harshil,1
10166,harshil,1
10167,harshil,1
10168,harshil,111111111111111111111111111111111111111111@1111111111111111111111111111a1111111111111111111a111111111
10169,harshil,111
10170,harshil,111111111111111111111111111111111111111111@1111111111111111111111111111a1111111111111111111a111111111
10171,harshil,1
10172,harshil,1
10173,harshil,1
10174,harshil,111111111111111111111111111111111111111111@1111111111111111111111111111a1111111111111111111a111111111
10175,harshil,111
10176,harshil,111111111111111111111111111111111111111111@1111111111111111111111111111a1111111111111111111a111111111
10177,harshil,1
10178,harshil,1
10179,harshil,1
10180,harshil,111111111111111111111111111111111111111111@1111111111111111111111111111a1111111111111111111a111111111
10181,harshil,111
10182,harshil,111111111111111111111111111111111111111111@1111111111111111111111111111a1111111111111111111a111111111
10183,harshil,1
10184,harshil,1
10185,harshil,1
10186,harshil,111111111111111111111111111111111111111111@1111111111111111111111111111a1111111111111111111a111111111
10187,harshil,111
10188,harshil,111111111111111111111111111111111111111111@1111111111111111111111111111a1111111111111111111a111111111
10189,harshil,1
10190,harshil,1
10191,harshil,1
10192,harshil,111111111111111111111111111111111111111111@1111111111111111111111111111a1111111111111111111a111111111
10193,harshil,111
10194,harshil,111111111111111111111111111111111111111111@1111111111111111111111111111a1111111111111111111a111111111
10195,harshil,1
10196,harshil,1
10197,harshil,1
10198,harshil,111111111111111111111111111111111111111111@1111111111111111111111111111a1111111111111111111a111111111
10199,harshil,111
10200,harshil,111111111111111111111111111111111111111111@1111111111111111111111111111a1111111111111111111a111111111
10201,harshil,1
10202,harshil,1
10203,harshil,1
10204,harshil,111111111111111111111111111111111111111111@1111111111111111111111111111a1111111111111111111a111111111
10205,harshil,111
10206,harshil,111111111111111111111111111111111111111111@1111111111111111111111111111a1111111111111111111a111111111
10207,harshil,1
10208,harshil,1
10209,harshil,1
10210,harshil,111111111111111111111111111111111111111111@1111111111111111111111111111a1111111111111111111a111111111
10211,harshil,111
10212,harshil,111111111111111111111111111111111111111111@1111111111111111111111111111a1111111111111111111a111111111
10213,harshil,1
10214,harshil,1
10215,harshil,1
10216,harshil,111111111111111111111111111111111111111111@1111111111111111111111111111a1111111111111111111a111111111
10217,harshil,111
10218,harshil,111111111111111111111111111111111111111111@1111111111111111111111111111a1111111111111111111a111111111
10219,harshil,1
10220,harshil,1
10221,harshil,1
10222,harshil,111111111111111111111111111111111111111111@1111111111111111111111111111a1111111111111111111a111111111
10223,harshil,111
10224,harshil,111111111111111111111111111111111111111111@1111111111111111111111111111a1111111111111111111a111111111
10225,harshil,1
10226,harshil,1
10227,harshil,1
10228,harshil,111111111111111111111111111111111111111111@1111111111111111111111111111a1111111111111111111a111111111
10229,harshil,111
10230,harshil,111111111111111111111111111111111111111111@1111111111111111111111111111a1111111111111111111a111111111
10231,harshil,1
10232,harshil,1
10233,harshil,1
10234,harshil,111111111111111111111111111111111111111111@1111111111111111111111111111a1111111111111111111a111111111
10235,harshil,111
10236,harshil,111111111111111111111111111111111111111111@1111111111111111111111111111a1111111111111111111a111111111
10237,harshil,1
10238,harshil,1
10239,harshil,1
10240,harshil,111111111111111111111111111111111111111111@1111111111111111111111111111a1111111111111111111a111111111
10241,harshil,111
10242,harshil,111111111111111111111111111111111111111111@1111111111111111111111111111a1111111111111111111a111111111
10243,harshil,1
10244,harshil,1
10245,harshil,1
10246,harshil,111111111111111111111111111111111111111111@1111111111111111111111111111a1111111111111111111a111111111
10247,harshil,111
10248,harshil,111111111111111111111111111111111111111111@1111111111111111111111111111a1111111111111111111a111111111
10249,harshil,1
10250,harshil,1
10251,harshil,1
10252,harshil,111111111111111111111111111111111111111111@1111111111111111111111111111a1111111111111111111a111111111
10253,harshil,111
10254,harshil,111111111111111111111111111111111111111111@1111111111111111111111111111a1111111111111111111a111111111
10255,harshil,1
10256,harshil,1
10257,harshil,1
10258,harshil,111111111111111111111111111111111111111111@1111111111111111111111111111a1111111111111111111a111111111
10259,harshil,111
10260,harshil,111111111111111111111111111111111111111111@1111111111111111111111111111a1111111111111111111a111111111
10261,harshil,1
10262,harshil,1
10263,harshil,1
10264,harshil,111111111111111111111111111111111111111111@1111111111111111111111111111a1111111111111111111a111111111
10265,harshil,111
10266,harshil,111111111111111111111111111111111111111111@1111111111111111111111111111a1111111111111111111a111111111
10267,harshil,1
10268,harshil,1
10269,harshil,1
10270,harshil,111111111111111111111111111111111111111111@1111111111111111111111111111a1111111111111111111a111111111
10271,harshil,111
10272,harshil,111111111111111111111111111111111111111111@1111111111111111111111111111a1111111111111111111a111111111
10273,harshil,1
10274,harshil,1
10275,harshil,1
10276,harshil,111111111111111111111111111111111111111111@1111111111111111111111111111a1111111111111111111a111111111
10277,harshil,111
10278,harshil,111111111111111111111111111111111111111111@1111111111111111111111111111a1111111111111111111a111111111
10279,harshil,1
10280,harshil,1
10281,harshil,1
10282,harshil,111111111111111111111111111111111111111111@1111111111111111111111111111a1111111111111111111a111111111
10283,harshil,111
10284,harshil,111111111111111111111111111111111111111111@1111111111111111111111111111a1111111111111111111a111111111
10285,harshil,1
10286,harshil,1
10287,harshil,1
10288,harshil,111111111111111111111111111111111111111111@1111111111111111111111111111a1111111111111111111a111111111
10289,harshil,111
10290,harshil,111111111111111111111111111111111111111111@1111111111111111111111111111a1111111111111111111a111111111
10291,harshil,1
10292,harshil,1
10293,harshil,1
10294,harshil,111111111111111111111111111111111111111111@1111111111111111111111111111a1111111111111111111a111111111
10295,harshil,111
10296,harshil,111111111111111111111111111111111111111111@1111111111111111111111111111a1111111111111111111a111111111
10297,harshil,1
10298,harshil,1
10299,harshil,1
10300,harshil,111111111111111111111111111111111111111111@1111111111111111111111111111a1111111111111111111a111111111
10301,harshil,111
10302,harshil,111111111111111111111111111111111111111111@1111111111111111111111111111a1111111111111111111a111111111
10303,harshil,1
10304,harshil,1
10305,harshil,1
10306,harshil,111111111111111111111111111111111111111111@1111111111111111111111111111a1111111111111111111a111111111
10307,harshil,111
10308,harshil,111111111111111111111111111111111111111111@1111111111111111111111111111a1111111111111111111a111111111
10309,harshil,1
10310,harshil,1
10311,harshil,1
10312,harshil,111111111111111111111111111111111111111111@1111111111111111111111111111a1111111111111111111a111111111
10313,harshil,111
10314,harshil,111111111111111111111111111111111111111111@1111111111111111111111111111a1111111111111111111a111111111
10315,harshil,1
10316,harshil,1
10317,harshil,1
10318,harshil,111111111111111111111111111111111111111111@1111111111111111111111111111a1111111111111111111a111111111
10319,harshil,111
10320,harshil,111111111111111111111111111111111111111111@1111111111111111111111111111a1111111111111111111a111111111
10321,harshil,1
10322,harshil,1
10323,harshil,1
10324,harshil,111111111111111111111111111111111111111111@1111111111111111111111111111a1111111111111111111a111111111
10325,harshil,111
10326,harshil,111111111111111111111111111111111111111111@1111111111111111111111111111a1111111111111111111a111111111
10327,harshil,1
10328,harshil,1
10329,harshil,1
10330,harshil,111111111111111111111111111111111111111111@1111111111111111111111111111a1111111111111111111a111111111
10331,harshil,111
10332,harshil,111111111111111111111111111111111111111111@1111111111111111111111111111a1111111111111111111a111111111
10333,harshil,1
10334,harshil,1
10335,harshil,1
10336,harshil,111111111111111111111111111111111111111111@1111111111111111111111111111a1111111111111111111a111111111
10337,harshil,111
10338,harshil,111111111111111111111111111111111111111111@1111111111111111111111111111a1111111111111111111a111111111
10339,harshil,1
10340,harshil,1
10341,harshil,1
10342,harshil,111111111111111111111111111111111111111111@1111111111111111111111111111a1111111111111111111a111111111
10343,harshil,111
10344,harshil,111111111111111111111111111111111111111111@1111111111111111111111111111a1111111111111111111a111111111
10345,harshil,1
10346,harshil,1
10347,harshil,1
10348,harshil,111111111111111111111111111111111111111111@1111111111111111111111111111a1111111111111111111a111111111
10349,harshil,111
10350,harshil,111111111111111111111111111111111111111111@1111111111111111111111111111a1111111111111111111a111111111
10351,harshil,1
10352,harshil,1
10353,harshil,1
10354,harshil,111111111111111111111111111111111111111111@1111111111111111111111111111a1111111111111111111a111111111
10355,harshil,111
10356,harshil,111111111111111111111111111111111111111111@1111111111111111111111111111a1111111111111111111a111111111
10357,harshil,1
10358,harshil,1
10359,harshil,1
10360,harshil,111111111111111111111111111111111111111111@1111111111111111111111111111a1111111111111111111a111111111
10361,harshil,111
10362,harshil,111111111111111111111111111111111111111111@1111111111111111111111111111a1111111111111111111a111111111
10363,harshil,1
10364,harshil,1
10365,harshil,1
10366,harshil,111111111111111111111111111111111111111111@1111111111111111111111111111a1111111111111111111a111111111
10367,harshil,111
10368,harshil,111111111111111111111111111111111111111111@1111111111111111111111111111a1111111111111111111a111111111
10369,harshil,1
10370,harshil,1
10371,harshil,1
10372,harshil,111111111111111111111111111111111111111111@1111111111111111111111111111a1111111111111111111a111111111
10373,harshil,111
10374,harshil,111111111111111111111111111111111111111111@1111111111111111111111111111a1111111111111111111a111111111
10375,harshil,1
10376,harshil,1
10377,harshil,1
10378,harshil,111111111111111111111111111111111111111111@1111111111111111111111111111a1111111111111111111a111111111
10379,harshil,111
10380,harshil,111111111111111111111111111111111111111111@1111111111111111111111111111a1111111111111111111a111111111
10381,harshil,1
10382,harshil,1
10383,harshil,1
10384,harshil,111111111111111111111111111111111111111111@1111111111111111111111111111a1111111111111111111a111111111
10385,harshil,111
10386,harshil,111111111111111111111111111111111111111111@1111111111111111111111111111a1111111111111111111a111111111
10387,harshil,1
10388,harshil,1
10389,harshil,1
10390,harshil,111111111111111111111111111111111111111111@1111111111111111111111111111a1111111111111111111a111111111
10391,harshil,111
10392,harshil,111111111111111111111111111111111111111111@1111111111111111111111111111a1111111111111111111a111111111
10393,harshil,1
10394,harshil,1
10395,harshil,1
10396,harshil,111111111111111111111111111111111111111111@1111111111111111111111111111a1111111111111111111a111111111
10397,harshil,111
10398,harshil,111111111111111111111111111111111111111111@1111111111111111111111111111a1111111111111111111a111111111
10399,harshil,1
10400,harshil,1
10401,harshil,1
10402,harshil,111111111111111111111111111111111111111111@1111111111111111111111111111a1111111111111111111a111111111
10403,harshil,111
10404,harshil,111111111111111111111111111111111111111111@1111111111111111111111111111a1111111111111111111a111111111
10405,harshil,1
10406,harshil,1
10407,harshil,1
10408,harshil,111111111111111111111111111111111111111111@1111111111111111111111111111a1111111111111111111a111111111
10409,harshil,111
10410,harshil,111111111111111111111111111111111111111111@1111111111111111111111111111a1111111111111111111a111111111
10411,harshil,1
10412,harshil,1
10413,harshil,1
10414,harshil,111111111111111111111111111111111111111111@1111111111111111111111111111a1111111111111111111a111111111
10415,harshil,111
10416,harshil,111111111111111111111111111111111111111111@1111111111111111111111111111a1111111111111111111a111111111
10417,harshil,1
10418,harshil,1
10419,harshil,1
10420,harshil,111111111111111111111111111111111111111111@1111111111111111111111111111a1111111111111111111a111111111
10421,harshil,111
10422,harshil,111111111111111111111111111111111111111111@1111111111111111111111111111a1111111111111111111a111111111
10423,harshil,1
10424,harshil,1
10425,harshil,1
10426,harshil,111111111111111111111111111111111111111111@1111111111111111111111111111a1111111111111111111a111111111
10427,harshil,111
10428,harshil,111111111111111111111111111111111111111111@1111111111111111111111111111a1111111111111111111a111111111
10429,harshil,1
10430,harshil,1
10431,harshil,1
10432,harshil,111111111111111111111111111111111111111111@1111111111111111111111111111a1111111111111111111a111111111
10433,harshil,111
10434,harshil,111111111111111111111111111111111111111111@1111111111111111111111111111a1111111111111111111a111111111
10435,harshil,1
10436,harshil,1
10437,harshil,1
10438,harshil,111111111111111111111111111111111111111111@1111111111111111111111111111a1111111111111111111a111111111
10439,harshil,111
10440,harshil,111111111111111111111111111111111111111111@1111111111111111111111111111a1111111111111111111a111111111
10441,harshil,1
10442,harshil,1
10443,harshil,1
10444,harshil,111111111111111111111111111111111111111111@1111111111111111111111111111a1111111111111111111a111111111
10445,harshil,111
10446,harshil,111111111111111111111111111111111111111111@1111111111111111111111111111a1111111111111111111a111111111
10447,harshil,1
10448,harshil,1
10449,harshil,1
10450,harshil,111111111111111111111111111111111111111111@1111111111111111111111111111a1111111111111111111a111111111
10451,harshil,111
10452,harshil,111111111111111111111111111111111111111111@1111111111111111111111111111a1111111111111111111a111111111
10453,harshil,1
10454,harshil,1
10455,harshil,1
10456,harshil,111111111111111111111111111111111111111111@1111111111111111111111111111a1111111111111111111a111111111
10457,harshil,111
10458,harshil,111111111111111111111111111111111111111111@1111111111111111111111111111a1111111111111111111a111111111
10459,harshil,1
10460,harshil,1
10461,harshil,1
10462,harshil,111111111111111111111111111111111111111111@1111111111111111111111111111a1111111111111111111a111111111
10463,harshil,111
10464,harshil,111111111111111111111111111111111111111111@1111111111111111111111111111a1111111111111111111a111111111
10465,harshil,1
10466,harshil,1
10467,harshil,1
10468,harshil,111111111111111111111111111111111111111111@1111111111111111111111111111a1111111111111111111a111111111
10469,harshil,111
10470,harshil,111111111111111111111111111111111111111111@1111111111111111111111111111a1111111111111111111a111111111
10471,harshil,1
10472,harshil,1
10473,harshil,1
10474,harshil,111111111111111111111111111111111111111111@1111111111111111111111111111a1111111111111111111a111111111
10475,harshil,111
10476,harshil,111111111111111111111111111111111111111111@1111111111111111111111111111a1111111111111111111a111111111
10477,harshil,1
10478,harshil,1
10479,harshil,1
10480,harshil,111111111111111111111111111111111111111111@1111111111111111111111111111a1111111111111111111a111111111
10481,harshil,111
10482,harshil,111111111111111111111111111111111111111111@1111111111111111111111111111a1111111111111111111a111111111
10483,harshil,1
10484,harshil,1
10485,harshil,1
10486,harshil,111111111111111111111111111111111111111111@1111111111111111111111111111a1111111111111111111a111111111
10487,harshil,111
10488,harshil,111111111111111111111111111111111111111111@1111111111111111111111111111a1111111111111111111a111111111
10489,harshil,1
10490,harshil,1
10491,harshil,1
10492,harshil,111111111111111111111111111111111111111111@1111111111111111111111111111a1111111111111111111a111111111
10493,harshil,111
10494,harshil,111111111111111111111111111111111111111111@1111111111111111111111111111a1111111111111111111a111111111
10495,harshil,1
10496,harshil,1
10497,harshil,1
10498,harshil,111111111111111111111111111111111111111111@1111111111111111111111111111a1111111111111111111a111111111
10499,harshil,111
10500,harshil,111111111111111111111111111111111111111111@1111111111111111111111111111a1111111111111111111a111111111
10501,harshil,1
10502,harshil,1
10503,harshil,1
10504,harshil,111111111111111111111111111111111111111111@1111111111111111111111111111a1111111111111111111a111111111
10505,harshil,111
10506,harshil,111111111111111111111111111111111111111111@1111111111111111111111111111a1111111111111111111a111111111
10507,harshil,1
10508,harshil,1
10509,harshil,1
10510,harshil,111111111111111111111111111111111111111111@1111111111111111111111111111a1111111111111111111a111111111
10511,harshil,111
10512,harshil,111111111111111111111111111111111111111111@1111111111111111111111111111a1111111111111111111a111111111
10513,harshil,1
10514,harshil,1
10515,harshil,1
10516,harshil,111111111111111111111111111111111111111111@1111111111111111111111111111a1111111111111111111a111111111
10517,harshil,111
10518,harshil,111111111111111111111111111111111111111111@1111111111111111111111111111a1111111111111111111a111111111
10519,harshil,1
10520,harshil,1
10521,harshil,1
10522,harshil,111111111111111111111111111111111111111111@1111111111111111111111111111a1111111111111111111a111111111
10523,harshil,111
10524,harshil,111111111111111111111111111111111111111111@1111111111111111111111111111a1111111111111111111a111111111
10525,harshil,1
10526,harshil,1
10527,harshil,1
10528,harshil,111111111111111111111111111111111111111111@1111111111111111111111111111a1111111111111111111a111111111
10529,harshil,111
10530,harshil,111111111111111111111111111111111111111111@1111111111111111111111111111a1111111111111111111a111111111
10531,harshil,1
10532,harshil,1
10533,harshil,1
10534,harshil,111111111111111111111111111111111111111111@1111111111111111111111111111a1111111111111111111a111111111
10535,harshil,111
10536,harshil,111111111111111111111111111111111111111111@1111111111111111111111111111a1111111111111111111a111111111
10537,harshil,1
10538,harshil,1
10539,harshil,1
10540,harshil,111111111111111111111111111111111111111111@1111111111111111111111111111a1111111111111111111a111111111
10541,harshil,111
10542,harshil,111111111111111111111111111111111111111111@1111111111111111111111111111a1111111111111111111a111111111
10543,harshil,1
10544,harshil,1
10545,harshil,1
10546,harshil,111111111111111111111111111111111111111111@1111111111111111111111111111a1111111111111111111a111111111
10547,harshil,111
10548,harshil,111111111111111111111111111111111111111111@1111111111111111111111111111a1111111111111111111a111111111
10549,harshil,1
10550,harshil,1
10551,harshil,1
10552,harshil,111111111111111111111111111111111111111111@1111111111111111111111111111a1111111111111111111a111111111
10553,harshil,111
10554,harshil,111111111111111111111111111111111111111111@1111111111111111111111111111a1111111111111111111a111111111
10555,harshil,1
10556,harshil,1
10557,harshil,1
10558,harshil,111111111111111111111111111111111111111111@1111111111111111111111111111a1111111111111111111a111111111
10559,harshil,111
10560,harshil,111111111111111111111111111111111111111111@1111111111111111111111111111a1111111111111111111a111111111
10561,harshil,1
10562,harshil,1
10563,harshil,1
10564,harshil,111111111111111111111111111111111111111111@1111111111111111111111111111a1111111111111111111a111111111
10565,harshil,111
10566,harshil,111111111111111111111111111111111111111111@1111111111111111111111111111a1111111111111111111a111111111
10567,harshil,1
10568,harshil,1
10569,harshil,1
10570,harshil,111111111111111111111111111111111111111111@1111111111111111111111111111a1111111111111111111a111111111
10571,harshil,111
10572,harshil,111111111111111111111111111111111111111111@1111111111111111111111111111a1111111111111111111a111111111
10573,harshil,1
10574,harshil,1
10575,harshil,1
10576,harshil,111111111111111111111111111111111111111111@1111111111111111111111111111a1111111111111111111a111111111
10577,harshil,111
10578,harshil,111111111111111111111111111111111111111111@1111111111111111111111111111a1111111111111111111a111111111
10579,harshil,1
10580,harshil,1
10581,harshil,1
10582,harshil,111111111111111111111111111111111111111111@1111111111111111111111111111a1111111111111111111a111111111
10583,harshil,111
10584,harshil,111111111111111111111111111111111111111111@1111111111111111111111111111a1111111111111111111a111111111
10585,harshil,1
10586,harshil,1
10587,harshil,1
10588,harshil,111111111111111111111111111111111111111111@1111111111111111111111111111a1111111111111111111a111111111
10589,harshil,111
10590,harshil,111111111111111111111111111111111111111111@1111111111111111111111111111a1111111111111111111a111111111
10591,harshil,1
10592,harshil,1
10593,harshil,1
10594,harshil,111111111111111111111111111111111111111111@1111111111111111111111111111a1111111111111111111a111111111
10595,harshil,111
10596,harshil,111111111111111111111111111111111111111111@1111111111111111111111111111a1111111111111111111a111111111
10597,harshil,1
10598,harshil,1
10599,harshil,1
10600,harshil,111111111111111111111111111111111111111111@1111111111111111111111111111a1111111111111111111a111111111
10601,harshil,111
10602,harshil,111111111111111111111111111111111111111111@1111111111111111111111111111a1111111111111111111a111111111
10603,harshil,1
10604,harshil,1
10605,harshil,1
10606,harshil,111111111111111111111111111111111111111111@1111111111111111111111111111a1111111111111111111a111111111
10607,harshil,111
10608,harshil,111111111111111111111111111111111111111111@1111111111111111111111111111a1111111111111111111a111111111
10609,harshil,1
10610,harshil,1
10611,harshil,1
10612,harshil,111111111111111111111111111111111111111111@1111111111111111111111111111a1111111111111111111a111111111
10613,harshil,111
10614,harshil,111111111111111111111111111111111111111111@1111111111111111111111111111a1111111111111111111a111111111
10615,harshil,1
10616,harshil,1
10617,harshil,1
10618,harshil,111111111111111111111111111111111111111111@1111111111111111111111111111a1111111111111111111a111111111
10619,harshil,111
10620,harshil,111111111111111111111111111111111111111111@1111111111111111111111111111a1111111111111111111a111111111
10621,harshil,1
10622,harshil,1
10623,harshil,1
10624,harshil,111111111111111111111111111111111111111111@1111111111111111111111111111a1111111111111111111a111111111
10625,harshil,111
10626,harshil,111111111111111111111111111111111111111111@1111111111111111111111111111a1111111111111111111a111111111
10627,harshil,1
10628,harshil,1
10629,harshil,1
10630,harshil,111111111111111111111111111111111111111111@1111111111111111111111111111a1111111111111111111a111111111
10631,harshil,111
10632,harshil,111111111111111111111111111111111111111111@1111111111111111111111111111a1111111111111111111a111111111
10633,harshil,1
10634,harshil,1
10635,harshil,1
10636,harshil,111111111111111111111111111111111111111111@1111111111111111111111111111a1111111111111111111a111111111
10637,harshil,111
10638,harshil,111111111111111111111111111111111111111111@1111111111111111111111111111a1111111111111111111a111111111
10639,harshil,1
10640,harshil,1
10641,harshil,1
10642,harshil,111111111111111111111111111111111111111111@1111111111111111111111111111a1111111111111111111a111111111
10643,harshil,111
10644,harshil,111111111111111111111111111111111111111111@1111111111111111111111111111a1111111111111111111a111111111
10645,harshil,1
10646,harshil,1
10647,harshil,1
10648,harshil,111111111111111111111111111111111111111111@1111111111111111111111111111a1111111111111111111a111111111
10649,harshil,111
10650,harshil,111111111111111111111111111111111111111111@1111111111111111111111111111a1111111111111111111a111111111
10651,harshil,1
10652,harshil,1
10653,harshil,1
10654,harshil,111111111111111111111111111111111111111111@1111111111111111111111111111a1111111111111111111a111111111
10655,harshil,111
10656,harshil,111111111111111111111111111111111111111111@1111111111111111111111111111a1111111111111111111a111111111
10657,harshil,1
10658,harshil,1
10659,harshil,1
10660,harshil,111111111111111111111111111111111111111111@1111111111111111111111111111a1111111111111111111a111111111
10661,harshil,111
10662,harshil,111111111111111111111111111111111111111111@1111111111111111111111111111a1111111111111111111a111111111
10663,harshil,1
10664,harshil,1
10665,harshil,1
10666,harshil,111111111111111111111111111111111111111111@1111111111111111111111111111a1111111111111111111a111111111
10667,harshil,111
10668,harshil,111111111111111111111111111111111111111111@1111111111111111111111111111a1111111111111111111a111111111
10669,harshil,1
10670,harshil,1
10671,harshil,1
10672,harshil,111111111111111111111111111111111111111111@1111111111111111111111111111a1111111111111111111a111111111
10673,harshil,111
10674,harshil,111111111111111111111111111111111111111111@1111111111111111111111111111a1111111111111111111a111111111
10675,harshil,1
10676,harshil,1
10677,harshil,1
10678,harshil,111111111111111111111111111111111111111111@1111111111111111111111111111a1111111111111111111a111111111
10679,harshil,111
10680,harshil,111111111111111111111111111111111111111111@1111111111111111111111111111a1111111111111111111a111111111
10681,harshil,1
10682,harshil,1
10683,harshil,1
10684,harshil,111111111111111111111111111111111111111111@1111111111111111111111111111a1111111111111111111a111111111
10685,harshil,111
10686,harshil,111111111111111111111111111111111111111111@1111111111111111111111111111a1111111111111111111a111111111
10687,harshil,1
10688,harshil,1
10689,harshil,1
10690,harshil,111111111111111111111111111111111111111111@1111111111111111111111111111a1111111111111111111a111111111
10691,harshil,111
10692,harshil,111111111111111111111111111111111111111111@1111111111111111111111111111a1111111111111111111a111111111
10693,harshil,1
10694,harshil,1
10695,harshil,1
10696,harshil,111111111111111111111111111111111111111111@1111111111111111111111111111a1111111111111111111a111111111
10697,harshil,111
10698,harshil,111111111111111111111111111111111111111111@1111111111111111111111111111a1111111111111111111a111111111
10699,harshil,1
10700,harshil,1
10701,harshil,1
10702,harshil,111111111111111111111111111111111111111111@1111111111111111111111111111a1111111111111111111a111111111
10703,harshil,111
10704,harshil,111111111111111111111111111111111111111111@1111111111111111111111111111a1111111111111111111a111111111
10705,harshil,1
10706,harshil,1
10707,harshil,1
10708,harshil,111111111111111111111111111111111111111111@1111111111111111111111111111a1111111111111111111a111111111
10709,harshil,111
10710,harshil,111111111111111111111111111111111111111111@1111111111111111111111111111a1111111111111111111a111111111
10711,harshil,1
10712,harshil,1
10713,harshil,1
10714,harshil,111111111111111111111111111111111111111111@1111111111111111111111111111a1111111111111111111a111111111
10715,harshil,111
10716,harshil,111111111111111111111111111111111111111111@1111111111111111111111111111a1111111111111111111a111111111
10717,harshil,1
10718,harshil,1
10719,harshil,1
10720,harshil,111111111111111111111111111111111111111111@1111111111111111111111111111a1111111111111111111a111111111
10721,harshil,111
10722,harshil,111111111111111111111111111111111111111111@1111111111111111111111111111a1111111111111111111a111111111
10723,harshil,1
10724,harshil,1
10725,harshil,1
10726,harshil,111111111111111111111111111111111111111111@1111111111111111111111111111a1111111111111111111a111111111
10727,harshil,111
10728,harshil,111111111111111111111111111111111111111111@1111111111111111111111111111a1111111111111111111a111111111
10729,harshil,1
10730,harshil,1
10731,harshil,1
10732,harshil,111111111111111111111111111111111111111111@1111111111111111111111111111a1111111111111111111a111111111
10733,harshil,111
10734,harshil,111111111111111111111111111111111111111111@1111111111111111111111111111a1111111111111111111a111111111
10735,harshil,1
10736,harshil,1
10737,harshil,1
10738,harshil,111111111111111111111111111111111111111111@1111111111111111111111111111a1111111111111111111a111111111
10739,harshil,111
10740,harshil,111111111111111111111111111111111111111111@1111111111111111111111111111a1111111111111111111a111111111
10741,harshil,1
10742,harshil,1
10743,harshil,1
10744,harshil,111111111111111111111111111111111111111111@1111111111111111111111111111a1111111111111111111a111111111
10745,harshil,111
10746,harshil,111111111111111111111111111111111111111111@1111111111111111111111111111a1111111111111111111a111111111
10747,harshil,1
10748,harshil,1
10749,harshil,1
10750,harshil,111111111111111111111111111111111111111111@1111111111111111111111111111a1111111111111111111a111111111
10751,harshil,111
10752,harshil,111111111111111111111111111111111111111111@1111111111111111111111111111a1111111111111111111a111111111
10753,harshil,1
10754,harshil,1
10755,harshil,1
10756,harshil,111111111111111111111111111111111111111111@1111111111111111111111111111a1111111111111111111a111111111
10757,harshil,111
10758,harshil,111111111111111111111111111111111111111111@1111111111111111111111111111a1111111111111111111a111111111
10759,harshil,1
10760,harshil,1
10761,harshil,1
10762,harshil,111111111111111111111111111111111111111111@1111111111111111111111111111a1111111111111111111a111111111
10763,harshil,111
10764,harshil,111111111111111111111111111111111111111111@1111111111111111111111111111a1111111111111111111a111111111
10765,harshil,1
10766,harshil,1
10767,harshil,1
10768,harshil,111111111111111111111111111111111111111111@1111111111111111111111111111a1111111111111111111a111111111
10769,harshil,111
10770,harshil,111111111111111111111111111111111111111111@1111111111111111111111111111a1111111111111111111a111111111
10771,harshil,1
10772,harshil,1
10773,harshil,1
10774,harshil,111111111111111111111111111111111111111111@1111111111111111111111111111a1111111111111111111a111111111
10775,harshil,111
10776,harshil,111111111111111111111111111111111111111111@1111111111111111111111111111a1111111111111111111a111111111
10777,harshil,1
10778,harshil,1
10779,harshil,1
10780,harshil,111111111111111111111111111111111111111111@1111111111111111111111111111a1111111111111111111a111111111
10781,harshil,111
10782,harshil,111111111111111111111111111111111111111111@1111111111111111111111111111a1111111111111111111a111111111
10783,harshil,1
10784,harshil,1
10785,harshil,1
10786,harshil,111111111111111111111111111111111111111111@1111111111111111111111111111a1111111111111111111a111111111
10787,harshil,111
10788,harshil,111111111111111111111111111111111111111111@1111111111111111111111111111a1111111111111111111a111111111
10789,harshil,1
10790,harshil,1
10791,harshil,1
10792,harshil,111111111111111111111111111111111111111111@1111111111111111111111111111a1111111111111111111a111111111
10793,harshil,111
10794,harshil,111111111111111111111111111111111111111111@1111111111111111111111111111a1111111111111111111a111111111
10795,harshil,1
10796,harshil,1
10797,harshil,1
10798,harshil,111111111111111111111111111111111111111111@1111111111111111111111111111a1111111111111111111a111111111
10799,harshil,111
10800,harshil,111111111111111111111111111111111111111111@1111111111111111111111111111a1111111111111111111a111111111
10801,harshil,1
10802,harshil,1
10803,harshil,1
10804,harshil,111111111111111111111111111111111111111111@1111111111111111111111111111a1111111111111111111a111111111
10805,harshil,111
10806,harshil,111111111111111111111111111111111111111111@1111111111111111111111111111a1111111111111111111a111111111
10807,harshil,1
10808,harshil,1
10809,harshil,1
10810,harshil,111111111111111111111111111111111111111111@1111111111111111111111111111a1111111111111111111a111111111
10811,harshil,111
10812,harshil,111111111111111111111111111111111111111111@1111111111111111111111111111a1111111111111111111a111111111
10813,harshil,1
10814,harshil,1
10815,harshil,1
10816,harshil,111111111111111111111111111111111111111111@1111111111111111111111111111a1111111111111111111a111111111
10817,harshil,111
10818,harshil,111111111111111111111111111111111111111111@1111111111111111111111111111a1111111111111111111a111111111
10819,harshil,1
10820,harshil,1
10821,harshil,1
10822,harshil,111111111111111111111111111111111111111111@1111111111111111111111111111a1111111111111111111a111111111
10823,harshil,111
10824,harshil,111111111111111111111111111111111111111111@1111111111111111111111111111a1111111111111111111a111111111
10825,harshil,1
10826,harshil,1
10827,harshil,1
10828,harshil,111111111111111111111111111111111111111111@1111111111111111111111111111a1111111111111111111a111111111
10829,harshil,111
10830,harshil,111111111111111111111111111111111111111111@1111111111111111111111111111a1111111111111111111a111111111
10831,harshil,1
10832,harshil,1
10833,harshil,1
10834,harshil,111111111111111111111111111111111111111111@1111111111111111111111111111a1111111111111111111a111111111
10835,harshil,111
10836,harshil,111111111111111111111111111111111111111111@1111111111111111111111111111a1111111111111111111a111111111
10837,harshil,1
10838,harshil,1
10839,harshil,1
10840,harshil,111111111111111111111111111111111111111111@1111111111111111111111111111a1111111111111111111a111111111
10841,harshil,111
10842,harshil,111111111111111111111111111111111111111111@1111111111111111111111111111a1111111111111111111a111111111
10843,harshil,1
10844,harshil,1
10845,harshil,1
10846,harshil,111111111111111111111111111111111111111111@1111111111111111111111111111a1111111111111111111a111111111
10847,harshil,111
10848,harshil,111111111111111111111111111111111111111111@1111111111111111111111111111a1111111111111111111a111111111
10849,harshil,1
10850,harshil,1
10851,harshil,1
10852,harshil,111111111111111111111111111111111111111111@1111111111111111111111111111a1111111111111111111a111111111
10853,harshil,111
10854,harshil,111111111111111111111111111111111111111111@1111111111111111111111111111a1111111111111111111a111111111
10855,harshil,1
10856,harshil,1
10857,harshil,1
10858,harshil,111111111111111111111111111111111111111111@1111111111111111111111111111a1111111111111111111a111111111
10859,harshil,111
10860,harshil,111111111111111111111111111111111111111111@1111111111111111111111111111a1111111111111111111a111111111
10861,harshil,1
10862,harshil,1
10863,harshil,1
10864,harshil,111111111111111111111111111111111111111111@1111111111111111111111111111a1111111111111111111a111111111
10865,harshil,111
10866,harshil,111111111111111111111111111111111111111111@1111111111111111111111111111a1111111111111111111a111111111
10867,harshil,1
10868,harshil,1
10869,harshil,1
10870,harshil,111111111111111111111111111111111111111111@1111111111111111111111111111a1111111111111111111a111111111
10871,harshil,111
10872,harshil,111111111111111111111111111111111111111111@1111111111111111111111111111a1111111111111111111a111111111
10873,harshil,1
10874,harshil,1
10875,harshil,1
10876,harshil,111111111111111111111111111111111111111111@1111111111111111111111111111a1111111111111111111a111111111
10877,harshil,111
10878,harshil,111111111111111111111111111111111111111111@1111111111111111111111111111a1111111111111111111a111111111
10879,harshil,1
10880,harshil,1
10881,harshil,1
10882,harshil,111111111111111111111111111111111111111111@1111111111111111111111111111a1111111111111111111a111111111
10883,harshil,111
10884,harshil,111111111111111111111111111111111111111111@1111111111111111111111111111a1111111111111111111a111111111
10885,harshil,1
10886,harshil,1
10887,harshil,1
10888,harshil,111111111111111111111111111111111111111111@1111111111111111111111111111a1111111111111111111a111111111
10889,harshil,111
10890,harshil,111111111111111111111111111111111111111111@1111111111111111111111111111a1111111111111111111a111111111
10891,harshil,1
10892,harshil,1
10893,harshil,1
10894,harshil,111111111111111111111111111111111111111111@1111111111111111111111111111a1111111111111111111a111111111
10895,harshil,111
10896,harshil,111111111111111111111111111111111111111111@1111111111111111111111111111a1111111111111111111a111111111
10897,harshil,1
10898,harshil,1
10899,harshil,1
10900,harshil,111111111111111111111111111111111111111111@1111111111111111111111111111a1111111111111111111a111111111
10901,harshil,111
10902,harshil,111111111111111111111111111111111111111111@1111111111111111111111111111a1111111111111111111a111111111
10903,harshil,1
10904,harshil,1
10905,harshil,1
10906,harshil,111111111111111111111111111111111111111111@1111111111111111111111111111a1111111111111111111a111111111
10907,harshil,111
10908,harshil,111111111111111111111111111111111111111111@1111111111111111111111111111a1111111111111111111a111111111
10909,harshil,1
10910,harshil,1
10911,harshil,1
10912,harshil,111111111111111111111111111111111111111111@1111111111111111111111111111a1111111111111111111a111111111
10913,harshil,111
10914,harshil,111111111111111111111111111111111111111111@1111111111111111111111111111a1111111111111111111a111111111
10915,harshil,1
10916,harshil,1
10917,harshil,1
10918,harshil,111111111111111111111111111111111111111111@1111111111111111111111111111a1111111111111111111a111111111
10919,harshil,111
10920,harshil,111111111111111111111111111111111111111111@1111111111111111111111111111a1111111111111111111a111111111
10921,harshil,1
10922,harshil,1
10923,harshil,1
10924,harshil,111111111111111111111111111111111111111111@1111111111111111111111111111a1111111111111111111a111111111
10925,harshil,111
10926,harshil,111111111111111111111111111111111111111111@1111111111111111111111111111a1111111111111111111a111111111
10927,harshil,1
10928,harshil,1
10929,harshil,1
10930,harshil,111111111111111111111111111111111111111111@1111111111111111111111111111a1111111111111111111a111111111
10931,harshil,111
10932,harshil,111111111111111111111111111111111111111111@1111111111111111111111111111a1111111111111111111a111111111
10933,harshil,1
10934,harshil,1
10935,harshil,1
10936,harshil,111111111111111111111111111111111111111111@1111111111111111111111111111a1111111111111111111a111111111
10937,harshil,111
10938,harshil,111111111111111111111111111111111111111111@1111111111111111111111111111a1111111111111111111a111111111
10939,harshil,1
10940,harshil,1
10941,harshil,1
10942,harshil,111111111111111111111111111111111111111111@1111111111111111111111111111a1111111111111111111a111111111
10943,harshil,111
10944,harshil,111111111111111111111111111111111111111111@1111111111111111111111111111a1111111111111111111a111111111
10945,harshil,1
10946,harshil,1
10947,harshil,1
10948,harshil,111111111111111111111111111111111111111111@1111111111111111111111111111a1111111111111111111a111111111
10949,harshil,111
10950,harshil,111111111111111111111111111111111111111111@1111111111111111111111111111a1111111111111111111a111111111
10951,harshil,1
10952,harshil,1
10953,harshil,1
10954,harshil,111111111111111111111111111111111111111111@1111111111111111111111111111a1111111111111111111a111111111
10955,harshil,111
10956,harshil,111111111111111111111111111111111111111111@1111111111111111111111111111a1111111111111111111a111111111
10957,harshil,1
10958,harshil,1
10959,harshil,1
10960,harshil,111111111111111111111111111111111111111111@1111111111111111111111111111a1111111111111111111a111111111
10961,harshil,111
10962,harshil,111111111111111111111111111111111111111111@1111111111111111111111111111a1111111111111111111a111111111
10963,harshil,1
10964,harshil,1
10965,harshil,1
10966,harshil,111111111111111111111111111111111111111111@1111111111111111111111111111a1111111111111111111a111111111
10967,harshil,111
10968,harshil,111111111111111111111111111111111111111111@1111111111111111111111111111a1111111111111111111a111111111
10969,harshil,1
10970,harshil,1
10971,harshil,1
10972,harshil,111111111111111111111111111111111111111111@1111111111111111111111111111a1111111111111111111a111111111
10973,harshil,111
10974,harshil,111111111111111111111111111111111111111111@1111111111111111111111111111a1111111111111111111a111111111
10975,harshil,1
10976,harshil,1
10977,harshil,1
10978,harshil,111111111111111111111111111111111111111111@1111111111111111111111111111a1111111111111111111a111111111
10979,harshil,111
10980,harshil,111111111111111111111111111111111111111111@1111111111111111111111111111a1111111111111111111a111111111
10981,harshil,1
10982,harshil,1
10983,harshil,1
10984,harshil,111111111111111111111111111111111111111111@1111111111111111111111111111a1111111111111111111a111111111
10985,harshil,111
10986,harshil,111111111111111111111111111111111111111111@1111111111111111111111111111a1111111111111111111a111111111
10987,harshil,1
10988,harshil,1
10989,harshil,1
10990,harshil,111111111111111111111111111111111111111111@1111111111111111111111111111a1111111111111111111a111111111
10991,harshil,111
10992,harshil,111111111111111111111111111111111111111111@1111111111111111111111111111a1111111111111111111a111111111
10993,harshil,1
10994,harshil,1
10995,harshil,1
10996,harshil,111111111111111111111111111111111111111111@1111111111111111111111111111a1111111111111111111a111111111
10997,harshil,111
10998,harshil,111111111111111111111111111111111111111111@1111111111111111111111111111a1111111111111111111a111111111
10999,harshil,1
11000,harshil,1
11001,harshil,1
11002,harshil,111111111111111111111111111111111111111111@1111111111111111111111111111a1111111111111111111a111111111
11003,harshil,111
11004,harshil,111111111111111111111111111111111111111111@1111111111111111111111111111a1111111111111111111a111111111
11005,harshil,1
11006,harshil,1
11007,harshil,1
11008,harshil,111111111111111111111111111111111111111111@1111111111111111111111111111a1111111111111111111a111111111
11009,harshil,111
11010,harshil,111111111111111111111111111111111111111111@1111111111111111111111111111a1111111111111111111a111111111
11011,harshil,1
11012,harshil,1
11013,harshil,1
11014,harshil,111111111111111111111111111111111111111111@1111111111111111111111111111a1111111111111111111a111111111
11015,harshil,111
11016,harshil,111111111111111111111111111111111111111111@1111111111111111111111111111a1111111111111111111a111111111
11017,harshil,1
11018,harshil,1
11019,harshil,1
11020,harshil,111111111111111111111111111111111111111111@1111111111111111111111111111a1111111111111111111a111111111
11021,harshil,111
11022,harshil,111111111111111111111111111111111111111111@1111111111111111111111111111a1111111111111111111a111111111
11023,harshil,1
11024,harshil,1
11025,harshil,1
11026,harshil,111111111111111111111111111111111111111111@1111111111111111111111111111a1111111111111111111a111111111
11027,harshil,111
11028,harshil,111111111111111111111111111111111111111111@1111111111111111111111111111a1111111111111111111a111111111
11029,harshil,1
11030,harshil,1
11031,harshil,1
11032,harshil,111111111111111111111111111111111111111111@1111111111111111111111111111a1111111111111111111a111111111
11033,harshil,111
11034,harshil,111111111111111111111111111111111111111111@1111111111111111111111111111a1111111111111111111a111111111
11035,harshil,1
11036,harshil,1
11037,harshil,1
11038,harshil,111111111111111111111111111111111111111111@1111111111111111111111111111a1111111111111111111a111111111
11039,harshil,111
11040,harshil,111111111111111111111111111111111111111111@1111111111111111111111111111a1111111111111111111a111111111
11041,harshil,1
11042,harshil,1
11043,harshil,1
11044,harshil,111111111111111111111111111111111111111111@1111111111111111111111111111a1111111111111111111a111111111
11045,harshil,111
11046,harshil,111111111111111111111111111111111111111111@1111111111111111111111111111a1111111111111111111a111111111
11047,harshil,1
11048,harshil,1
11049,harshil,1
11050,harshil,111111111111111111111111111111111111111111@1111111111111111111111111111a1111111111111111111a111111111
11051,harshil,111
11052,harshil,111111111111111111111111111111111111111111@1111111111111111111111111111a1111111111111111111a111111111
11053,harshil,1
11054,harshil,1
11055,harshil,1
11056,harshil,111111111111111111111111111111111111111111@1111111111111111111111111111a1111111111111111111a111111111
11057,harshil,111
11058,harshil,111111111111111111111111111111111111111111@1111111111111111111111111111a1111111111111111111a111111111
11059,harshil,1
11060,harshil,1
11061,harshil,1
11062,harshil,111111111111111111111111111111111111111111@1111111111111111111111111111a1111111111111111111a111111111
11063,harshil,111
11064,harshil,111111111111111111111111111111111111111111@1111111111111111111111111111a1111111111111111111a111111111
11065,harshil,1
11066,harshil,1
11067,harshil,1
11068,harshil,111111111111111111111111111111111111111111@1111111111111111111111111111a1111111111111111111a111111111
11069,harshil,111
11070,harshil,111111111111111111111111111111111111111111@1111111111111111111111111111a1111111111111111111a111111111
11071,harshil,1
11072,harshil,1
11073,harshil,1
11074,harshil,111111111111111111111111111111111111111111@1111111111111111111111111111a1111111111111111111a111111111
11075,harshil,111
11076,harshil,111111111111111111111111111111111111111111@1111111111111111111111111111a1111111111111111111a111111111
11077,harshil,1
11078,harshil,1
11079,harshil,1
11080,harshil,111111111111111111111111111111111111111111@1111111111111111111111111111a1111111111111111111a111111111
11081,harshil,111
11082,harshil,111111111111111111111111111111111111111111@1111111111111111111111111111a1111111111111111111a111111111
11083,harshil,1
11084,harshil,1
11085,harshil,1
11086,harshil,111111111111111111111111111111111111111111@1111111111111111111111111111a1111111111111111111a111111111
11087,harshil,111
11088,harshil,111111111111111111111111111111111111111111@1111111111111111111111111111a1111111111111111111a111111111
11089,harshil,1
11090,harshil,1
11091,harshil,1
11092,harshil,111111111111111111111111111111111111111111@1111111111111111111111111111a1111111111111111111a111111111
11093,harshil,111
11094,harshil,111111111111111111111111111111111111111111@1111111111111111111111111111a1111111111111111111a111111111
11095,harshil,1
11096,harshil,1
11097,harshil,1
11098,harshil,111111111111111111111111111111111111111111@1111111111111111111111111111a1111111111111111111a111111111
11099,harshil,111
11100,harshil,111111111111111111111111111111111111111111@1111111111111111111111111111a1111111111111111111a111111111
11101,harshil,1
11102,harshil,1
11103,harshil,1
11104,harshil,111111111111111111111111111111111111111111@1111111111111111111111111111a1111111111111111111a111111111
11105,harshil,111
11106,harshil,111111111111111111111111111111111111111111@1111111111111111111111111111a1111111111111111111a111111111
11107,harshil,1
11108,harshil,1
11109,harshil,1
11110,harshil,111111111111111111111111111111111111111111@1111111111111111111111111111a1111111111111111111a111111111
11111,harshil,111
11112,harshil,111111111111111111111111111111111111111111@1111111111111111111111111111a1111111111111111111a111111111
11113,harshil,1
11114,harshil,1
11115,harshil,1
11116,harshil,111111111111111111111111111111111111111111@1111111111111111111111111111a1111111111111111111a111111111
11117,harshil,111
11118,harshil,111111111111111111111111111111111111111111@1111111111111111111111111111a1111111111111111111a111111111
11119,harshil,1
11120,harshil,1
11121,harshil,1
11122,harshil,111111111111111111111111111111111111111111@1111111111111111111111111111a1111111111111111111a111111111
11123,harshil,111
11124,harshil,111111111111111111111111111111111111111111@1111111111111111111111111111a1111111111111111111a111111111
11125,harshil,1
11126,harshil,1
11127,harshil,1
11128,harshil,111111111111111111111111111111111111111111@1111111111111111111111111111a1111111111111111111a111111111
11129,harshil,111
11130,harshil,111111111111111111111111111111111111111111@1111111111111111111111111111a1111111111111111111a111111111
11131,harshil,1
11132,harshil,1
11133,harshil,1
11134,harshil,111111111111111111111111111111111111111111@1111111111111111111111111111a1111111111111111111a111111111
11135,harshil,111
11136,harshil,111111111111111111111111111111111111111111@1111111111111111111111111111a1111111111111111111a111111111
11137,harshil,1
11138,harshil,1
11139,harshil,1
11140,harshil,111111111111111111111111111111111111111111@1111111111111111111111111111a1111111111111111111a111111111
11141,harshil,111
11142,harshil,111111111111111111111111111111111111111111@1111111111111111111111111111a1111111111111111111a111111111
11143,harshil,1
11144,harshil,1
11145,harshil,1
11146,harshil,111111111111111111111111111111111111111111@1111111111111111111111111111a1111111111111111111a111111111
11147,harshil,111
11148,harshil,111111111111111111111111111111111111111111@1111111111111111111111111111a1111111111111111111a111111111
11149,harshil,1
11150,harshil,1
11151,harshil,1
11152,harshil,111111111111111111111111111111111111111111@1111111111111111111111111111a1111111111111111111a111111111
11153,harshil,111
11154,harshil,111111111111111111111111111111111111111111@1111111111111111111111111111a1111111111111111111a111111111
11155,harshil,1
11156,harshil,1
11157,harshil,1
11158,harshil,111111111111111111111111111111111111111111@1111111111111111111111111111a1111111111111111111a111111111
11159,harshil,111
11160,harshil,111111111111111111111111111111111111111111@1111111111111111111111111111a1111111111111111111a111111111
11161,harshil,1
11162,harshil,1
11163,harshil,1
11164,harshil,111111111111111111111111111111111111111111@1111111111111111111111111111a1111111111111111111a111111111
11165,harshil,111
11166,harshil,111111111111111111111111111111111111111111@1111111111111111111111111111a1111111111111111111a111111111
11167,harshil,1
11168,harshil,1
11169,harshil,1
11170,harshil,111111111111111111111111111111111111111111@1111111111111111111111111111a1111111111111111111a111111111
11171,harshil,111
11172,harshil,111111111111111111111111111111111111111111@1111111111111111111111111111a1111111111111111111a111111111
11173,harshil,1
11174,harshil,1
11175,harshil,1
11176,harshil,111111111111111111111111111111111111111111@1111111111111111111111111111a1111111111111111111a111111111
11177,harshil,111
11178,harshil,111111111111111111111111111111111111111111@1111111111111111111111111111a1111111111111111111a111111111
11179,harshil,1
11180,harshil,1
11181,harshil,1
11182,harshil,111111111111111111111111111111111111111111@1111111111111111111111111111a1111111111111111111a111111111
11183,harshil,111
11184,harshil,111111111111111111111111111111111111111111@1111111111111111111111111111a1111111111111111111a111111111
11185,harshil,1
11186,harshil,1
11187,harshil,1
11188,harshil,111111111111111111111111111111111111111111@1111111111111111111111111111a1111111111111111111a111111111
11189,harshil,111
11190,harshil,111111111111111111111111111111111111111111@1111111111111111111111111111a1111111111111111111a111111111
11191,harshil,1
11192,harshil,1
11193,harshil,1
11194,harshil,111111111111111111111111111111111111111111@1111111111111111111111111111a1111111111111111111a111111111
11195,harshil,111
11196,harshil,111111111111111111111111111111111111111111@1111111111111111111111111111a1111111111111111111a111111111
11197,harshil,1
11198,harshil,1
11199,harshil,1
11200,harshil,111111111111111111111111111111111111111111@1111111111111111111111111111a1111111111111111111a111111111
11201,harshil,111
11202,harshil,111111111111111111111111111111111111111111@1111111111111111111111111111a1111111111111111111a111111111
11203,harshil,1
11204,harshil,1
11205,harshil,1
11206,harshil,111111111111111111111111111111111111111111@1111111111111111111111111111a1111111111111111111a111111111
11207,harshil,111
11208,harshil,111111111111111111111111111111111111111111@1111111111111111111111111111a1111111111111111111a111111111
11209,harshil,1
11210,harshil,1
11211,harshil,1
11212,harshil,111111111111111111111111111111111111111111@1111111111111111111111111111a1111111111111111111a111111111
11213,harshil,111
11214,harshil,111111111111111111111111111111111111111111@1111111111111111111111111111a1111111111111111111a111111111
11215,harshil,1
11216,harshil,1
11217,harshil,1
11218,harshil,111111111111111111111111111111111111111111@1111111111111111111111111111a1111111111111111111a111111111
11219,harshil,111
11220,harshil,111111111111111111111111111111111111111111@1111111111111111111111111111a1111111111111111111a111111111
11221,harshil,1
11222,harshil,1
11223,harshil,1
11224,harshil,111111111111111111111111111111111111111111@1111111111111111111111111111a1111111111111111111a111111111
11225,harshil,111
11226,harshil,111111111111111111111111111111111111111111@1111111111111111111111111111a1111111111111111111a111111111
11227,harshil,1
11228,harshil,1
11229,harshil,1
11230,harshil,111111111111111111111111111111111111111111@1111111111111111111111111111a1111111111111111111a111111111
11231,harshil,111
11232,harshil,111111111111111111111111111111111111111111@1111111111111111111111111111a1111111111111111111a111111111
11233,harshil,1
11234,harshil,1
11235,harshil,1
11236,harshil,111111111111111111111111111111111111111111@1111111111111111111111111111a1111111111111111111a111111111
11237,harshil,111
11238,harshil,111111111111111111111111111111111111111111@1111111111111111111111111111a1111111111111111111a111111111
11239,harshil,1
11240,harshil,1
11241,harshil,1
11242,harshil,111111111111111111111111111111111111111111@1111111111111111111111111111a1111111111111111111a111111111
11243,harshil,111
11244,harshil,111111111111111111111111111111111111111111@1111111111111111111111111111a1111111111111111111a111111111
11245,harshil,1
11246,harshil,1
11247,harshil,1
11248,harshil,111111111111111111111111111111111111111111@1111111111111111111111111111a1111111111111111111a111111111
11249,harshil,111
11250,harshil,111111111111111111111111111111111111111111@1111111111111111111111111111a1111111111111111111a111111111
11251,harshil,1
11252,harshil,1
11253,harshil,1
11254,harshil,111111111111111111111111111111111111111111@1111111111111111111111111111a1111111111111111111a111111111
11255,harshil,111
11256,harshil,111111111111111111111111111111111111111111@1111111111111111111111111111a1111111111111111111a111111111
11257,harshil,1
11258,harshil,1
11259,harshil,1
11260,harshil,111111111111111111111111111111111111111111@1111111111111111111111111111a1111111111111111111a111111111
11261,harshil,111
11262,harshil,111111111111111111111111111111111111111111@1111111111111111111111111111a1111111111111111111a111111111
11263,harshil,1
11264,harshil,1
11265,harshil,1
11266,harshil,111111111111111111111111111111111111111111@1111111111111111111111111111a1111111111111111111a111111111
11267,harshil,111
11268,harshil,111111111111111111111111111111111111111111@1111111111111111111111111111a1111111111111111111a111111111
11269,harshil,1
11270,harshil,1
11271,harshil,1
11272,harshil,111111111111111111111111111111111111111111@1111111111111111111111111111a1111111111111111111a111111111
11273,harshil,111
11274,harshil,111111111111111111111111111111111111111111@1111111111111111111111111111a1111111111111111111a111111111
11275,harshil,1
11276,harshil,1
11277,harshil,1
11278,harshil,111111111111111111111111111111111111111111@1111111111111111111111111111a1111111111111111111a111111111
11279,harshil,111
11280,harshil,111111111111111111111111111111111111111111@1111111111111111111111111111a1111111111111111111a111111111
11281,harshil,1
11282,harshil,1
11283,harshil,1
11284,harshil,111111111111111111111111111111111111111111@1111111111111111111111111111a1111111111111111111a111111111
11285,harshil,111
11286,harshil,111111111111111111111111111111111111111111@1111111111111111111111111111a1111111111111111111a111111111
11287,harshil,1
11288,harshil,1
11289,harshil,1
11290,harshil,111111111111111111111111111111111111111111@1111111111111111111111111111a1111111111111111111a111111111
11291,harshil,111
11292,harshil,111111111111111111111111111111111111111111@1111111111111111111111111111a1111111111111111111a111111111
11293,harshil,1
11294,harshil,1
11295,harshil,1
11296,harshil,111111111111111111111111111111111111111111@1111111111111111111111111111a1111111111111111111a111111111
11297,harshil,111
11298,harshil,111111111111111111111111111111111111111111@1111111111111111111111111111a1111111111111111111a111111111
11299,harshil,1
11300,harshil,1
11301,harshil,1
11302,harshil,111111111111111111111111111111111111111111@1111111111111111111111111111a1111111111111111111a111111111
11303,harshil,111
11304,harshil,111111111111111111111111111111111111111111@1111111111111111111111111111a1111111111111111111a111111111
11305,harshil,1
11306,harshil,1
11307,harshil,1
11308,harshil,111111111111111111111111111111111111111111@1111111111111111111111111111a1111111111111111111a111111111
11309,harshil,111
11310,harshil,111111111111111111111111111111111111111111@1111111111111111111111111111a1111111111111111111a111111111
11311,harshil,1
11312,harshil,1
11313,harshil,1
11314,harshil,111111111111111111111111111111111111111111@1111111111111111111111111111a1111111111111111111a111111111
11315,harshil,111
11316,harshil,111111111111111111111111111111111111111111@1111111111111111111111111111a1111111111111111111a111111111
11317,harshil,1
11318,harshil,1
11319,harshil,1
11320,harshil,111111111111111111111111111111111111111111@1111111111111111111111111111a1111111111111111111a111111111
11321,harshil,111
11322,harshil,111111111111111111111111111111111111111111@1111111111111111111111111111a1111111111111111111a111111111
11323,harshil,1
11324,harshil,1
11325,harshil,1
11326,harshil,111111111111111111111111111111111111111111@1111111111111111111111111111a1111111111111111111a111111111
11327,harshil,111
11328,harshil,111111111111111111111111111111111111111111@1111111111111111111111111111a1111111111111111111a111111111
11329,harshil,1
11330,harshil,1
11331,harshil,1
11332,harshil,111111111111111111111111111111111111111111@1111111111111111111111111111a1111111111111111111a111111111
11333,harshil,111
11334,harshil,111111111111111111111111111111111111111111@1111111111111111111111111111a1111111111111111111a111111111
11335,harshil,1
11336,harshil,1
11337,harshil,1
11338,harshil,111111111111111111111111111111111111111111@1111111111111111111111111111a1111111111111111111a111111111
11339,harshil,111
11340,harshil,111111111111111111111111111111111111111111@1111111111111111111111111111a1111111111111111111a111111111
11341,harshil,1
11342,harshil,1
11343,harshil,1
11344,harshil,111111111111111111111111111111111111111111@1111111111111111111111111111a1111111111111111111a111111111
11345,harshil,111
11346,harshil,111111111111111111111111111111111111111111@1111111111111111111111111111a1111111111111111111a111111111
11347,harshil,1
11348,harshil,1
11349,harshil,1
11350,harshil,111111111111111111111111111111111111111111@1111111111111111111111111111a1111111111111111111a111111111
11351,harshil,111
11352,harshil,111111111111111111111111111111111111111111@1111111111111111111111111111a1111111111111111111a111111111
11353,harshil,1
11354,harshil,1
11355,harshil,1
11356,harshil,111111111111111111111111111111111111111111@1111111111111111111111111111a1111111111111111111a111111111
11357,harshil,111
11358,harshil,111111111111111111111111111111111111111111@1111111111111111111111111111a1111111111111111111a111111111
11359,harshil,1
11360,harshil,1
11361,harshil,1
11362,harshil,111111111111111111111111111111111111111111@1111111111111111111111111111a1111111111111111111a111111111
11363,harshil,111
11364,harshil,111111111111111111111111111111111111111111@1111111111111111111111111111a1111111111111111111a111111111
11365,harshil,1
11366,harshil,1
11367,harshil,1
11368,harshil,111111111111111111111111111111111111111111@1111111111111111111111111111a1111111111111111111a111111111
11369,harshil,111
11370,harshil,111111111111111111111111111111111111111111@1111111111111111111111111111a1111111111111111111a111111111
11371,harshil,1
11372,harshil,1
11373,harshil,1
11374,harshil,111111111111111111111111111111111111111111@1111111111111111111111111111a1111111111111111111a111111111
11375,harshil,111
11376,harshil,111111111111111111111111111111111111111111@1111111111111111111111111111a1111111111111111111a111111111
11377,harshil,1
11378,harshil,1
11379,harshil,1
11380,harshil,111111111111111111111111111111111111111111@1111111111111111111111111111a1111111111111111111a111111111
11381,harshil,111
11382,harshil,111111111111111111111111111111111111111111@1111111111111111111111111111a1111111111111111111a111111111
11383,harshil,1
11384,harshil,1
11385,harshil,1
11386,harshil,111111111111111111111111111111111111111111@1111111111111111111111111111a1111111111111111111a111111111
11387,harshil,111
11388,harshil,111111111111111111111111111111111111111111@1111111111111111111111111111a1111111111111111111a111111111
11389,harshil,1
11390,harshil,1
11391,harshil,1
11392,harshil,111111111111111111111111111111111111111111@1111111111111111111111111111a1111111111111111111a111111111
11393,harshil,111
11394,harshil,111111111111111111111111111111111111111111@1111111111111111111111111111a1111111111111111111a111111111
11395,harshil,1
11396,harshil,1
11397,harshil,1
11398,harshil,111111111111111111111111111111111111111111@1111111111111111111111111111a1111111111111111111a111111111
11399,harshil,111
11400,harshil,111111111111111111111111111111111111111111@1111111111111111111111111111a1111111111111111111a111111111
11401,harshil,1
11402,harshil,1
11403,harshil,1
11404,harshil,111111111111111111111111111111111111111111@1111111111111111111111111111a1111111111111111111a111111111
11405,harshil,111
11406,harshil,111111111111111111111111111111111111111111@1111111111111111111111111111a1111111111111111111a111111111
11407,harshil,1
11408,harshil,1
11409,harshil,1
11410,harshil,111111111111111111111111111111111111111111@1111111111111111111111111111a1111111111111111111a111111111
11411,harshil,111
11412,harshil,111111111111111111111111111111111111111111@1111111111111111111111111111a1111111111111111111a111111111
11413,harshil,1
11414,harshil,1
11415,harshil,1
11416,harshil,111111111111111111111111111111111111111111@1111111111111111111111111111a1111111111111111111a111111111
11417,harshil,111
11418,harshil,111111111111111111111111111111111111111111@1111111111111111111111111111a1111111111111111111a111111111
11419,harshil,1
11420,harshil,1
11421,harshil,1
11422,harshil,111111111111111111111111111111111111111111@1111111111111111111111111111a1111111111111111111a111111111
11423,harshil,111
11424,harshil,111111111111111111111111111111111111111111@1111111111111111111111111111a1111111111111111111a111111111
11425,harshil,1
11426,harshil,1
11427,harshil,1
11428,harshil,111111111111111111111111111111111111111111@1111111111111111111111111111a1111111111111111111a111111111
11429,harshil,111
11430,harshil,111111111111111111111111111111111111111111@1111111111111111111111111111a1111111111111111111a111111111
11431,harshil,1
11432,harshil,1
11433,harshil,1
11434,harshil,111111111111111111111111111111111111111111@1111111111111111111111111111a1111111111111111111a111111111
11435,harshil,111
11436,harshil,111111111111111111111111111111111111111111@1111111111111111111111111111a1111111111111111111a111111111
11437,harshil,1
11438,harshil,1
11439,harshil,1
11440,harshil,111111111111111111111111111111111111111111@1111111111111111111111111111a1111111111111111111a111111111
11441,harshil,111
11442,harshil,111111111111111111111111111111111111111111@1111111111111111111111111111a1111111111111111111a111111111
11443,harshil,1
11444,harshil,1
11445,harshil,1
11446,harshil,111111111111111111111111111111111111111111@1111111111111111111111111111a1111111111111111111a111111111
11447,harshil,111
11448,harshil,111111111111111111111111111111111111111111@1111111111111111111111111111a1111111111111111111a111111111
11449,harshil,1
11450,harshil,1
11451,harshil,1
11452,harshil,111111111111111111111111111111111111111111@1111111111111111111111111111a1111111111111111111a111111111
11453,harshil,111
11454,harshil,111111111111111111111111111111111111111111@1111111111111111111111111111a1111111111111111111a111111111
11455,harshil,1
11456,harshil,1
11457,harshil,1
11458,harshil,111111111111111111111111111111111111111111@1111111111111111111111111111a1111111111111111111a111111111
11459,harshil,111
11460,harshil,111111111111111111111111111111111111111111@1111111111111111111111111111a1111111111111111111a111111111
11461,harshil,1
11462,harshil,1
11463,harshil,1
11464,harshil,111111111111111111111111111111111111111111@1111111111111111111111111111a1111111111111111111a111111111
11465,harshil,111
11466,harshil,111111111111111111111111111111111111111111@1111111111111111111111111111a1111111111111111111a111111111
11467,harshil,1
11468,harshil,1
11469,harshil,1
11470,harshil,111111111111111111111111111111111111111111@1111111111111111111111111111a1111111111111111111a111111111
11471,harshil,111
11472,harshil,111111111111111111111111111111111111111111@1111111111111111111111111111a1111111111111111111a111111111
11473,harshil,1
11474,harshil,1
11475,harshil,1
11476,harshil,111111111111111111111111111111111111111111@1111111111111111111111111111a1111111111111111111a111111111
11477,harshil,111
11478,harshil,111111111111111111111111111111111111111111@1111111111111111111111111111a1111111111111111111a111111111
11479,harshil,1
11480,harshil,1
11481,harshil,1
11482,harshil,111111111111111111111111111111111111111111@1111111111111111111111111111a1111111111111111111a111111111
11483,harshil,111
11484,harshil,111111111111111111111111111111111111111111@1111111111111111111111111111a1111111111111111111a111111111
11485,harshil,1
11486,harshil,1
11487,harshil,1
11488,harshil,111111111111111111111111111111111111111111@1111111111111111111111111111a1111111111111111111a111111111
11489,harshil,111
11490,harshil,111111111111111111111111111111111111111111@1111111111111111111111111111a1111111111111111111a111111111
11491,harshil,1
11492,harshil,1
11493,harshil,1
11494,harshil,111111111111111111111111111111111111111111@1111111111111111111111111111a1111111111111111111a111111111
11495,harshil,111
11496,harshil,111111111111111111111111111111111111111111@1111111111111111111111111111a1111111111111111111a111111111
11497,harshil,1
11498,harshil,1
11499,harshil,1
11500,harshil,111111111111111111111111111111111111111111@1111111111111111111111111111a1111111111111111111a111111111
11501,harshil,111
11502,harshil,111111111111111111111111111111111111111111@1111111111111111111111111111a1111111111111111111a111111111
11503,harshil,1
11504,harshil,1
11505,harshil,1
11506,harshil,111111111111111111111111111111111111111111@1111111111111111111111111111a1111111111111111111a111111111
11507,harshil,111
11508,harshil,111111111111111111111111111111111111111111@1111111111111111111111111111a1111111111111111111a111111111
11509,harshil,1
11510,harshil,1
11511,harshil,1
11512,harshil,111111111111111111111111111111111111111111@1111111111111111111111111111a1111111111111111111a111111111
11513,harshil,111
11514,harshil,111111111111111111111111111111111111111111@1111111111111111111111111111a1111111111111111111a111111111
11515,harshil,1
11516,harshil,1
11517,harshil,1
11518,harshil,111111111111111111111111111111111111111111@1111111111111111111111111111a1111111111111111111a111111111
11519,harshil,111
11520,harshil,111111111111111111111111111111111111111111@1111111111111111111111111111a1111111111111111111a111111111
11521,harshil,1
11522,harshil,1
11523,harshil,1
11524,harshil,111111111111111111111111111111111111111111@1111111111111111111111111111a1111111111111111111a111111111
11525,harshil,111
11526,harshil,111111111111111111111111111111111111111111@1111111111111111111111111111a1111111111111111111a111111111
11527,harshil,1
11528,harshil,1
11529,harshil,1
11530,harshil,111111111111111111111111111111111111111111@1111111111111111111111111111a1111111111111111111a111111111
11531,harshil,111
11532,harshil,111111111111111111111111111111111111111111@1111111111111111111111111111a1111111111111111111a111111111
11533,harshil,1
11534,harshil,1
11535,harshil,1
11536,harshil,111111111111111111111111111111111111111111@1111111111111111111111111111a1111111111111111111a111111111
11537,harshil,111
11538,harshil,111111111111111111111111111111111111111111@1111111111111111111111111111a1111111111111111111a111111111
11539,harshil,1
11540,harshil,1
11541,harshil,1
11542,harshil,111111111111111111111111111111111111111111@1111111111111111111111111111a1111111111111111111a111111111
11543,harshil,111
11544,harshil,111111111111111111111111111111111111111111@1111111111111111111111111111a1111111111111111111a111111111
11545,harshil,1
11546,harshil,1
11547,harshil,1
11548,harshil,111111111111111111111111111111111111111111@1111111111111111111111111111a1111111111111111111a111111111
11549,harshil,111
11550,harshil,111111111111111111111111111111111111111111@1111111111111111111111111111a1111111111111111111a111111111
11551,harshil,1
11552,harshil,1
11553,harshil,1
11554,harshil,111111111111111111111111111111111111111111@1111111111111111111111111111a1111111111111111111a111111111
11555,harshil,111
11556,harshil,111111111111111111111111111111111111111111@1111111111111111111111111111a1111111111111111111a111111111
11557,harshil,1
11558,harshil,1
11559,harshil,1
11560,harshil,111111111111111111111111111111111111111111@1111111111111111111111111111a1111111111111111111a111111111
11561,harshil,111
11562,harshil,111111111111111111111111111111111111111111@1111111111111111111111111111a1111111111111111111a111111111
11563,harshil,1
11564,harshil,1
11565,harshil,1
11566,harshil,111111111111111111111111111111111111111111@1111111111111111111111111111a1111111111111111111a111111111
11567,harshil,111
11568,harshil,111111111111111111111111111111111111111111@1111111111111111111111111111a1111111111111111111a111111111
11569,harshil,1
11570,harshil,1
11571,harshil,1
11572,harshil,111111111111111111111111111111111111111111@1111111111111111111111111111a1111111111111111111a111111111
11573,harshil,111
11574,harshil,111111111111111111111111111111111111111111@1111111111111111111111111111a1111111111111111111a111111111
11575,harshil,1
11576,harshil,1
11577,harshil,1
11578,harshil,111111111111111111111111111111111111111111@1111111111111111111111111111a1111111111111111111a111111111
11579,harshil,111
11580,harshil,111111111111111111111111111111111111111111@1111111111111111111111111111a1111111111111111111a111111111
11581,harshil,1
11582,harshil,1
11583,harshil,1
11584,harshil,111111111111111111111111111111111111111111@1111111111111111111111111111a1111111111111111111a111111111
11585,harshil,111
11586,harshil,111111111111111111111111111111111111111111@1111111111111111111111111111a1111111111111111111a111111111
11587,harshil,1
11588,harshil,1
11589,harshil,1
11590,harshil,111111111111111111111111111111111111111111@1111111111111111111111111111a1111111111111111111a111111111
11591,harshil,111
11592,harshil,111111111111111111111111111111111111111111@1111111111111111111111111111a1111111111111111111a111111111
11593,harshil,1
11594,harshil,1
11595,harshil,1
11596,harshil,111111111111111111111111111111111111111111@1111111111111111111111111111a1111111111111111111a111111111
11597,harshil,111
11598,harshil,111111111111111111111111111111111111111111@1111111111111111111111111111a1111111111111111111a111111111
11599,harshil,1
11600,harshil,1
11601,harshil,1
11602,harshil,111111111111111111111111111111111111111111@1111111111111111111111111111a1111111111111111111a111111111
11603,harshil,111
11604,harshil,111111111111111111111111111111111111111111@1111111111111111111111111111a1111111111111111111a111111111
11605,harshil,1
11606,harshil,1
11607,harshil,1
11608,harshil,111111111111111111111111111111111111111111@1111111111111111111111111111a1111111111111111111a111111111
11609,harshil,111
11610,harshil,111111111111111111111111111111111111111111@1111111111111111111111111111a1111111111111111111a111111111
11611,harshil,1
11612,harshil,1
11613,harshil,1
11614,harshil,111111111111111111111111111111111111111111@1111111111111111111111111111a1111111111111111111a111111111
11615,harshil,111
11616,harshil,111111111111111111111111111111111111111111@1111111111111111111111111111a1111111111111111111a111111111
11617,harshil,1
11618,harshil,1
11619,harshil,1
11620,harshil,111111111111111111111111111111111111111111@1111111111111111111111111111a1111111111111111111a111111111
11621,harshil,111
11622,harshil,111111111111111111111111111111111111111111@1111111111111111111111111111a1111111111111111111a111111111
11623,harshil,1
11624,harshil,1
11625,harshil,1
11626,harshil,111111111111111111111111111111111111111111@1111111111111111111111111111a1111111111111111111a111111111
11627,harshil,111
11628,harshil,111111111111111111111111111111111111111111@1111111111111111111111111111a1111111111111111111a111111111
11629,harshil,1
11630,harshil,1
11631,harshil,1
11632,harshil,111111111111111111111111111111111111111111@1111111111111111111111111111a1111111111111111111a111111111
11633,harshil,111
11634,harshil,111111111111111111111111111111111111111111@1111111111111111111111111111a1111111111111111111a111111111
11635,harshil,1
11636,harshil,1
11637,harshil,1
11638,harshil,111111111111111111111111111111111111111111@1111111111111111111111111111a1111111111111111111a111111111
11639,harshil,111
11640,harshil,111111111111111111111111111111111111111111@1111111111111111111111111111a1111111111111111111a111111111
11641,harshil,1
11642,harshil,1
11643,harshil,1
11644,harshil,111111111111111111111111111111111111111111@1111111111111111111111111111a1111111111111111111a111111111
11645,harshil,111
11646,harshil,111111111111111111111111111111111111111111@1111111111111111111111111111a1111111111111111111a111111111
11647,harshil,1
11648,harshil,1
11649,harshil,1
11650,harshil,111111111111111111111111111111111111111111@1111111111111111111111111111a1111111111111111111a111111111
11651,harshil,111
11652,harshil,111111111111111111111111111111111111111111@1111111111111111111111111111a1111111111111111111a111111111
11653,harshil,1
11654,harshil,1
11655,harshil,1
11656,harshil,111111111111111111111111111111111111111111@1111111111111111111111111111a1111111111111111111a111111111
11657,harshil,111
11658,harshil,111111111111111111111111111111111111111111@1111111111111111111111111111a1111111111111111111a111111111
11659,harshil,1
11660,harshil,1
11661,harshil,1
11662,harshil,111111111111111111111111111111111111111111@1111111111111111111111111111a1111111111111111111a111111111
11663,harshil,111
11664,harshil,111111111111111111111111111111111111111111@1111111111111111111111111111a1111111111111111111a111111111
11665,harshil,1
11666,harshil,1
11667,harshil,1
11668,harshil,111111111111111111111111111111111111111111@1111111111111111111111111111a1111111111111111111a111111111
11669,harshil,111
11670,harshil,111111111111111111111111111111111111111111@1111111111111111111111111111a1111111111111111111a111111111
11671,harshil,1
11672,harshil,1
11673,harshil,1
11674,harshil,111111111111111111111111111111111111111111@1111111111111111111111111111a1111111111111111111a111111111
11675,harshil,111
11676,harshil,111111111111111111111111111111111111111111@1111111111111111111111111111a1111111111111111111a111111111
11677,harshil,1
11678,harshil,1
11679,harshil,1
11680,harshil,111111111111111111111111111111111111111111@1111111111111111111111111111a1111111111111111111a111111111
11681,harshil,111
11682,harshil,111111111111111111111111111111111111111111@1111111111111111111111111111a1111111111111111111a111111111
11683,harshil,1
11684,harshil,1
11685,harshil,1
11686,harshil,111111111111111111111111111111111111111111@1111111111111111111111111111a1111111111111111111a111111111
11687,harshil,111
11688,harshil,111111111111111111111111111111111111111111@1111111111111111111111111111a1111111111111111111a111111111
11689,harshil,1
11690,harshil,1
11691,harshil,1
11692,harshil,111111111111111111111111111111111111111111@1111111111111111111111111111a1111111111111111111a111111111
11693,harshil,111
11694,harshil,111111111111111111111111111111111111111111@1111111111111111111111111111a1111111111111111111a111111111
11695,harshil,1
11696,harshil,1
11697,harshil,1
11698,harshil,111111111111111111111111111111111111111111@1111111111111111111111111111a1111111111111111111a111111111
11699,harshil,111
11700,harshil,111111111111111111111111111111111111111111@1111111111111111111111111111a1111111111111111111a111111111
11701,harshil,1
11702,harshil,1
11703,harshil,1
11704,harshil,111111111111111111111111111111111111111111@1111111111111111111111111111a1111111111111111111a111111111
11705,harshil,111
11706,harshil,111111111111111111111111111111111111111111@1111111111111111111111111111a1111111111111111111a111111111
11707,harshil,1
11708,harshil,1
11709,harshil,1
11710,harshil,111111111111111111111111111111111111111111@1111111111111111111111111111a1111111111111111111a111111111
11711,harshil,111
11712,harshil,111111111111111111111111111111111111111111@1111111111111111111111111111a1111111111111111111a111111111
11713,harshil,1
11714,harshil,1
11715,harshil,1
11716,harshil,111111111111111111111111111111111111111111@1111111111111111111111111111a1111111111111111111a111111111
11717,harshil,111
11718,harshil,111111111111111111111111111111111111111111@1111111111111111111111111111a1111111111111111111a111111111
11719,harshil,1
11720,harshil,1
11721,harshil,1
11722,harshil,111111111111111111111111111111111111111111@1111111111111111111111111111a1111111111111111111a111111111
11723,harshil,111
11724,harshil,111111111111111111111111111111111111111111@1111111111111111111111111111a1111111111111111111a111111111
11725,harshil,1
11726,harshil,1
11727,harshil,1
11728,harshil,111111111111111111111111111111111111111111@1111111111111111111111111111a1111111111111111111a111111111
11729,harshil,111
11730,harshil,111111111111111111111111111111111111111111@1111111111111111111111111111a1111111111111111111a111111111
11731,harshil,1
11732,harshil,1
11733,harshil,1
11734,harshil,111111111111111111111111111111111111111111@1111111111111111111111111111a1111111111111111111a111111111
11735,harshil,111
11736,harshil,111111111111111111111111111111111111111111@1111111111111111111111111111a1111111111111111111a111111111
11737,harshil,1
11738,harshil,1
11739,harshil,1
11740,harshil,111111111111111111111111111111111111111111@1111111111111111111111111111a1111111111111111111a111111111
11741,harshil,111
11742,harshil,111111111111111111111111111111111111111111@1111111111111111111111111111a1111111111111111111a111111111
11743,harshil,1
11744,harshil,1
11745,harshil,1
11746,harshil,111111111111111111111111111111111111111111@1111111111111111111111111111a1111111111111111111a111111111
11747,harshil,111
11748,harshil,111111111111111111111111111111111111111111@1111111111111111111111111111a1111111111111111111a111111111
11749,harshil,1
11750,harshil,1
11751,harshil,1
11752,harshil,111111111111111111111111111111111111111111@1111111111111111111111111111a1111111111111111111a111111111
11753,harshil,111
11754,harshil,111111111111111111111111111111111111111111@1111111111111111111111111111a1111111111111111111a111111111
11755,harshil,1
11756,harshil,1
11757,harshil,1
11758,harshil,111111111111111111111111111111111111111111@1111111111111111111111111111a1111111111111111111a111111111
11759,harshil,111
11760,harshil,111111111111111111111111111111111111111111@1111111111111111111111111111a1111111111111111111a111111111
11761,harshil,1
11762,harshil,1
11763,harshil,1
11764,harshil,111111111111111111111111111111111111111111@1111111111111111111111111111a1111111111111111111a111111111
11765,harshil,111
11766,harshil,111111111111111111111111111111111111111111@1111111111111111111111111111a1111111111111111111a111111111
11767,harshil,1
11768,harshil,1
11769,harshil,1
11770,harshil,111111111111111111111111111111111111111111@1111111111111111111111111111a1111111111111111111a111111111
11771,harshil,111
11772,harshil,111111111111111111111111111111111111111111@1111111111111111111111111111a1111111111111111111a111111111
11773,harshil,1
11774,harshil,1
11775,harshil,1
11776,harshil,111111111111111111111111111111111111111111@1111111111111111111111111111a1111111111111111111a111111111
11777,harshil,111
11778,harshil,111111111111111111111111111111111111111111@1111111111111111111111111111a1111111111111111111a111111111
11779,harshil,1
11780,harshil,1
11781,harshil,1
11782,harshil,111111111111111111111111111111111111111111@1111111111111111111111111111a1111111111111111111a111111111
11783,harshil,111
11784,harshil,111111111111111111111111111111111111111111@1111111111111111111111111111a1111111111111111111a111111111
11785,harshil,1
11786,harshil,1
11787,harshil,1
11788,harshil,111111111111111111111111111111111111111111@1111111111111111111111111111a1111111111111111111a111111111
11789,harshil,111
11790,harshil,111111111111111111111111111111111111111111@1111111111111111111111111111a1111111111111111111a111111111
11791,harshil,1
11792,harshil,1
11793,harshil,1
11794,harshil,111111111111111111111111111111111111111111@1111111111111111111111111111a1111111111111111111a111111111
11795,harshil,111
11796,harshil,111111111111111111111111111111111111111111@1111111111111111111111111111a1111111111111111111a111111111
11797,harshil,1
11798,harshil,1
11799,harshil,1
11800,harshil,111111111111111111111111111111111111111111@1111111111111111111111111111a1111111111111111111a111111111
11801,harshil,111
11802,harshil,111111111111111111111111111111111111111111@1111111111111111111111111111a1111111111111111111a111111111
11803,harshil,1
11804,harshil,1
11805,harshil,1
11806,harshil,111111111111111111111111111111111111111111@1111111111111111111111111111a1111111111111111111a111111111
11807,harshil,111
11808,harshil,111111111111111111111111111111111111111111@1111111111111111111111111111a1111111111111111111a111111111
11809,harshil,1
11810,harshil,1
11811,harshil,1
11812,harshil,111111111111111111111111111111111111111111@1111111111111111111111111111a1111111111111111111a111111111
11813,harshil,111
11814,harshil,111111111111111111111111111111111111111111@1111111111111111111111111111a1111111111111111111a111111111
11815,harshil,1
11816,harshil,1
11817,harshil,1
11818,harshil,111111111111111111111111111111111111111111@1111111111111111111111111111a1111111111111111111a111111111
11819,harshil,111
11820,harshil,111111111111111111111111111111111111111111@1111111111111111111111111111a1111111111111111111a111111111
11821,harshil,1
11822,harshil,1
11823,harshil,1
11824,harshil,111111111111111111111111111111111111111111@1111111111111111111111111111a1111111111111111111a111111111
11825,harshil,111
11826,harshil,111111111111111111111111111111111111111111@1111111111111111111111111111a1111111111111111111a111111111
11827,harshil,1
11828,harshil,1
11829,harshil,1
11830,harshil,111111111111111111111111111111111111111111@1111111111111111111111111111a1111111111111111111a111111111
11831,harshil,111
11832,harshil,111111111111111111111111111111111111111111@1111111111111111111111111111a1111111111111111111a111111111
11833,harshil,1
11834,harshil,1
11835,harshil,1
11836,harshil,111111111111111111111111111111111111111111@1111111111111111111111111111a1111111111111111111a111111111
11837,harshil,111
11838,harshil,111111111111111111111111111111111111111111@1111111111111111111111111111a1111111111111111111a111111111
11839,harshil,1
11840,harshil,1
11841,harshil,1
11842,harshil,111111111111111111111111111111111111111111@1111111111111111111111111111a1111111111111111111a111111111
11843,harshil,111
11844,harshil,111111111111111111111111111111111111111111@1111111111111111111111111111a1111111111111111111a111111111
11845,harshil,1
11846,harshil,1
11847,harshil,1
11848,harshil,111111111111111111111111111111111111111111@1111111111111111111111111111a1111111111111111111a111111111
11849,harshil,111
11850,harshil,111111111111111111111111111111111111111111@1111111111111111111111111111a1111111111111111111a111111111
11851,harshil,1
11852,harshil,1
11853,harshil,1
11854,harshil,111111111111111111111111111111111111111111@1111111111111111111111111111a1111111111111111111a111111111
11855,harshil,111
11856,harshil,111111111111111111111111111111111111111111@1111111111111111111111111111a1111111111111111111a111111111
11857,harshil,1
11858,harshil,1
11859,harshil,1
11860,harshil,111111111111111111111111111111111111111111@1111111111111111111111111111a1111111111111111111a111111111
11861,harshil,111
11862,harshil,111111111111111111111111111111111111111111@1111111111111111111111111111a1111111111111111111a111111111
11863,harshil,1
11864,harshil,1
11865,harshil,1
11866,harshil,111111111111111111111111111111111111111111@1111111111111111111111111111a1111111111111111111a111111111
11867,harshil,111
11868,harshil,111111111111111111111111111111111111111111@1111111111111111111111111111a1111111111111111111a111111111
11869,harshil,1
11870,harshil,1
11871,harshil,1
11872,harshil,111111111111111111111111111111111111111111@1111111111111111111111111111a1111111111111111111a111111111
11873,harshil,111
11874,harshil,111111111111111111111111111111111111111111@1111111111111111111111111111a1111111111111111111a111111111
11875,harshil,1
11876,harshil,1
11877,harshil,1
11878,harshil,111111111111111111111111111111111111111111@1111111111111111111111111111a1111111111111111111a111111111
11879,harshil,111
11880,harshil,111111111111111111111111111111111111111111@1111111111111111111111111111a1111111111111111111a111111111
11881,harshil,1
11882,harshil,1
11883,harshil,1
11884,harshil,111111111111111111111111111111111111111111@1111111111111111111111111111a1111111111111111111a111111111
11885,harshil,111
11886,harshil,111111111111111111111111111111111111111111@1111111111111111111111111111a1111111111111111111a111111111
11887,harshil,1
11888,harshil,1
11889,harshil,1
11890,harshil,111111111111111111111111111111111111111111@1111111111111111111111111111a1111111111111111111a111111111
11891,harshil,111
11892,harshil,111111111111111111111111111111111111111111@1111111111111111111111111111a1111111111111111111a111111111
11893,harshil,1
11894,harshil,1
11895,harshil,1
11896,harshil,111111111111111111111111111111111111111111@1111111111111111111111111111a1111111111111111111a111111111
11897,harshil,111
11898,harshil,111111111111111111111111111111111111111111@1111111111111111111111111111a1111111111111111111a111111111
11899,harshil,1
11900,harshil,1
11901,harshil,1
11902,harshil,111111111111111111111111111111111111111111@1111111111111111111111111111a1111111111111111111a111111111
11903,harshil,111
11904,harshil,111111111111111111111111111111111111111111@1111111111111111111111111111a1111111111111111111a111111111
11905,harshil,1
11906,harshil,1
11907,harshil,1
11908,harshil,111111111111111111111111111111111111111111@1111111111111111111111111111a1111111111111111111a111111111
11909,harshil,111
11910,harshil,111111111111111111111111111111111111111111@1111111111111111111111111111a1111111111111111111a111111111
11911,harshil,1
11912,harshil,1
11913,harshil,1
11914,harshil,111111111111111111111111111111111111111111@1111111111111111111111111111a1111111111111111111a111111111
11915,harshil,111
11916,harshil,111111111111111111111111111111111111111111@1111111111111111111111111111a1111111111111111111a111111111
11917,harshil,1
11918,harshil,1
11919,harshil,1
11920,harshil,111111111111111111111111111111111111111111@1111111111111111111111111111a1111111111111111111a111111111
11921,harshil,111
11922,harshil,111111111111111111111111111111111111111111@1111111111111111111111111111a1111111111111111111a111111111
11923,harshil,1
11924,harshil,1
11925,harshil,1
11926,harshil,111111111111111111111111111111111111111111@1111111111111111111111111111a1111111111111111111a111111111
11927,harshil,111
11928,harshil,111111111111111111111111111111111111111111@1111111111111111111111111111a1111111111111111111a111111111
11929,harshil,1
11930,harshil,1
11931,harshil,1
11932,harshil,111111111111111111111111111111111111111111@1111111111111111111111111111a1111111111111111111a111111111
11933,harshil,111
11934,harshil,111111111111111111111111111111111111111111@1111111111111111111111111111a1111111111111111111a111111111
11935,harshil,1
11936,harshil,1
11937,harshil,1
11938,harshil,111111111111111111111111111111111111111111@1111111111111111111111111111a1111111111111111111a111111111
11939,harshil,111
11940,harshil,111111111111111111111111111111111111111111@1111111111111111111111111111a1111111111111111111a111111111
11941,harshil,1
11942,harshil,1
11943,harshil,1
11944,harshil,111111111111111111111111111111111111111111@1111111111111111111111111111a1111111111111111111a111111111
11945,harshil,111
11946,harshil,111111111111111111111111111111111111111111@1111111111111111111111111111a1111111111111111111a111111111
11947,harshil,1
11948,harshil,1
11949,harshil,1
11950,harshil,111111111111111111111111111111111111111111@1111111111111111111111111111a1111111111111111111a111111111
11951,harshil,111
11952,harshil,111111111111111111111111111111111111111111@1111111111111111111111111111a1111111111111111111a111111111
11953,harshil,1
11954,harshil,1
11955,harshil,1
11956,harshil,111111111111111111111111111111111111111111@1111111111111111111111111111a1111111111111111111a111111111
11957,harshil,111
11958,harshil,111111111111111111111111111111111111111111@1111111111111111111111111111a1111111111111111111a111111111
11959,harshil,1
11960,harshil,1
11961,harshil,1
11962,harshil,111111111111111111111111111111111111111111@1111111111111111111111111111a1111111111111111111a111111111
11963,harshil,111
11964,harshil,111111111111111111111111111111111111111111@1111111111111111111111111111a1111111111111111111a111111111
11965,harshil,1
11966,harshil,1
11967,harshil,1
11968,harshil,111111111111111111111111111111111111111111@1111111111111111111111111111a1111111111111111111a111111111
11969,harshil,111
11970,harshil,111111111111111111111111111111111111111111@1111111111111111111111111111a1111111111111111111a111111111
11971,harshil,1
11972,harshil,1
11973,harshil,1
11974,harshil,111111111111111111111111111111111111111111@1111111111111111111111111111a1111111111111111111a111111111
11975,harshil,111
11976,harshil,111111111111111111111111111111111111111111@1111111111111111111111111111a1111111111111111111a111111111
11977,harshil,1
11978,harshil,1
11979,harshil,1
11980,harshil,111111111111111111111111111111111111111111@1111111111111111111111111111a1111111111111111111a111111111
11981,harshil,111
11982,harshil,111111111111111111111111111111111111111111@1111111111111111111111111111a1111111111111111111a111111111
11983,harshil,1
11984,harshil,1
11985,harshil,1
11986,harshil,111111111111111111111111111111111111111111@1111111111111111111111111111a1111111111111111111a111111111
11987,harshil,111
11988,harshil,111111111111111111111111111111111111111111@1111111111111111111111111111a1111111111111111111a111111111
11989,harshil,1
11990,harshil,1
11991,harshil,1
11992,harshil,111111111111111111111111111111111111111111@1111111111111111111111111111a1111111111111111111a111111111
11993,harshil,111
11994,harshil,111111111111111111111111111111111111111111@1111111111111111111111111111a1111111111111111111a111111111
11995,harshil,1
11996,harshil,1
11997,harshil,1
11998,harshil,111111111111111111111111111111111111111111@1111111111111111111111111111a1111111111111111111a111111111
11999,harshil,111
12000,harshil,111111111111111111111111111111111111111111@1111111111111111111111111111a1111111111111111111a111111111
12001,harshil,1
12002,harshil,1
12003,harshil,1
12004,harshil,111111111111111111111111111111111111111111@1111111111111111111111111111a1111111111111111111a111111111
12005,harshil,111
12006,harshil,111111111111111111111111111111111111111111@1111111111111111111111111111a1111111111111111111a111111111
12007,harshil,1
12008,harshil,1
12009,harshil,1
12010,harshil,111111111111111111111111111111111111111111@1111111111111111111111111111a1111111111111111111a111111111
12011,harshil,111
12012,harshil,111111111111111111111111111111111111111111@1111111111111111111111111111a1111111111111111111a111111111
12013,harshil,1
12014,harshil,1
12015,harshil,1
12016,harshil,111111111111111111111111111111111111111111@1111111111111111111111111111a1111111111111111111a111111111
12017,harshil,111
12018,harshil,111111111111111111111111111111111111111111@1111111111111111111111111111a1111111111111111111a111111111
12019,harshil,1
12020,harshil,1
12021,harshil,1
12022,harshil,111111111111111111111111111111111111111111@1111111111111111111111111111a1111111111111111111a111111111
12023,harshil,111
12024,harshil,111111111111111111111111111111111111111111@1111111111111111111111111111a1111111111111111111a111111111
12025,harshil,1
12026,harshil,1
12027,harshil,1
12028,harshil,111111111111111111111111111111111111111111@1111111111111111111111111111a1111111111111111111a111111111
12029,harshil,111
12030,harshil,111111111111111111111111111111111111111111@1111111111111111111111111111a1111111111111111111a111111111
12031,harshil,1
12032,harshil,1
12033,harshil,1
12034,harshil,111111111111111111111111111111111111111111@1111111111111111111111111111a1111111111111111111a111111111
12035,harshil,111
12036,harshil,111111111111111111111111111111111111111111@1111111111111111111111111111a1111111111111111111a111111111
12037,harshil,1
12038,harshil,1
12039,harshil,1
12040,harshil,111111111111111111111111111111111111111111@1111111111111111111111111111a1111111111111111111a111111111
12041,harshil,111
12042,harshil,111111111111111111111111111111111111111111@1111111111111111111111111111a1111111111111111111a111111111
12043,harshil,1
12044,harshil,1
12045,harshil,1
12046,harshil,111111111111111111111111111111111111111111@1111111111111111111111111111a1111111111111111111a111111111
12047,harshil,111
12048,harshil,111111111111111111111111111111111111111111@1111111111111111111111111111a1111111111111111111a111111111
12049,harshil,1
12050,harshil,1
12051,harshil,1
12052,harshil,111111111111111111111111111111111111111111@1111111111111111111111111111a1111111111111111111a111111111
12053,harshil,111
12054,harshil,111111111111111111111111111111111111111111@1111111111111111111111111111a1111111111111111111a111111111
12055,harshil,1
12056,harshil,1
12057,harshil,1
12058,harshil,111111111111111111111111111111111111111111@1111111111111111111111111111a1111111111111111111a111111111
12059,harshil,111
12060,harshil,111111111111111111111111111111111111111111@1111111111111111111111111111a1111111111111111111a111111111
12061,harshil,1
12062,harshil,1
12063,harshil,1
12064,harshil,111111111111111111111111111111111111111111@1111111111111111111111111111a1111111111111111111a111111111
12065,harshil,111
12066,harshil,111111111111111111111111111111111111111111@1111111111111111111111111111a1111111111111111111a111111111
12067,harshil,1
12068,harshil,1
12069,harshil,1
12070,harshil,111111111111111111111111111111111111111111@1111111111111111111111111111a1111111111111111111a111111111
12071,harshil,111
12072,harshil,111111111111111111111111111111111111111111@1111111111111111111111111111a1111111111111111111a111111111
12073,harshil,1
12074,harshil,1
12075,harshil,1
12076,harshil,111111111111111111111111111111111111111111@1111111111111111111111111111a1111111111111111111a111111111
12077,harshil,111
12078,harshil,111111111111111111111111111111111111111111@1111111111111111111111111111a1111111111111111111a111111111
12079,harshil,1
12080,harshil,1
12081,harshil,1
12082,harshil,111111111111111111111111111111111111111111@1111111111111111111111111111a1111111111111111111a111111111
12083,harshil,111
12084,harshil,111111111111111111111111111111111111111111@1111111111111111111111111111a1111111111111111111a111111111
12085,harshil,1
12086,harshil,1
12087,harshil,1
12088,harshil,111111111111111111111111111111111111111111@1111111111111111111111111111a1111111111111111111a111111111
12089,harshil,111
12090,harshil,111111111111111111111111111111111111111111@1111111111111111111111111111a1111111111111111111a111111111
12091,harshil,1
12092,harshil,1
12093,harshil,1
12094,harshil,111111111111111111111111111111111111111111@1111111111111111111111111111a1111111111111111111a111111111
12095,harshil,111
12096,harshil,111111111111111111111111111111111111111111@1111111111111111111111111111a1111111111111111111a111111111
12097,harshil,1
12098,harshil,1
12099,harshil,1
12100,harshil,111111111111111111111111111111111111111111@1111111111111111111111111111a1111111111111111111a111111111
12101,harshil,111
12102,harshil,111111111111111111111111111111111111111111@1111111111111111111111111111a1111111111111111111a111111111
12103,harshil,1
12104,harshil,1
12105,harshil,1
12106,harshil,111111111111111111111111111111111111111111@1111111111111111111111111111a1111111111111111111a111111111
12107,harshil,111
12108,harshil,111111111111111111111111111111111111111111@1111111111111111111111111111a1111111111111111111a111111111
12109,harshil,1
12110,harshil,1
12111,harshil,1
12112,harshil,111111111111111111111111111111111111111111@1111111111111111111111111111a1111111111111111111a111111111
12113,harshil,111
12114,harshil,111111111111111111111111111111111111111111@1111111111111111111111111111a1111111111111111111a111111111
12115,harshil,1
12116,harshil,1
12117,harshil,1
12118,harshil,111111111111111111111111111111111111111111@1111111111111111111111111111a1111111111111111111a111111111
12119,harshil,111
12120,harshil,111111111111111111111111111111111111111111@1111111111111111111111111111a1111111111111111111a111111111
12121,harshil,1
12122,harshil,1
12123,harshil,1
12124,harshil,111111111111111111111111111111111111111111@1111111111111111111111111111a1111111111111111111a111111111
12125,harshil,111
12126,harshil,111111111111111111111111111111111111111111@1111111111111111111111111111a1111111111111111111a111111111
12127,harshil,1
12128,harshil,1
12129,harshil,1
12130,harshil,111111111111111111111111111111111111111111@1111111111111111111111111111a1111111111111111111a111111111
12131,harshil,111
12132,harshil,111111111111111111111111111111111111111111@1111111111111111111111111111a1111111111111111111a111111111
12133,harshil,1
12134,harshil,1
12135,harshil,1
12136,harshil,111111111111111111111111111111111111111111@1111111111111111111111111111a1111111111111111111a111111111
12137,harshil,111
12138,harshil,111111111111111111111111111111111111111111@1111111111111111111111111111a1111111111111111111a111111111
12139,harshil,1
12140,harshil,1
12141,harshil,1
12142,harshil,111111111111111111111111111111111111111111@1111111111111111111111111111a1111111111111111111a111111111
12143,harshil,111
12144,harshil,111111111111111111111111111111111111111111@1111111111111111111111111111a1111111111111111111a111111111
12145,harshil,1
12146,harshil,1
12147,harshil,1
12148,harshil,111111111111111111111111111111111111111111@1111111111111111111111111111a1111111111111111111a111111111
12149,harshil,111
12150,harshil,111111111111111111111111111111111111111111@1111111111111111111111111111a1111111111111111111a111111111
12151,harshil,1
12152,harshil,1
12153,harshil,1
12154,harshil,111111111111111111111111111111111111111111@1111111111111111111111111111a1111111111111111111a111111111
12155,harshil,111
12156,harshil,111111111111111111111111111111111111111111@1111111111111111111111111111a1111111111111111111a111111111
12157,harshil,1
12158,harshil,1
12159,harshil,1
12160,harshil,111111111111111111111111111111111111111111@1111111111111111111111111111a1111111111111111111a111111111
12161,harshil,111
12162,harshil,111111111111111111111111111111111111111111@1111111111111111111111111111a1111111111111111111a111111111
12163,harshil,1
12164,harshil,1
12165,harshil,1
12166,harshil,111111111111111111111111111111111111111111@1111111111111111111111111111a1111111111111111111a111111111
12167,harshil,111
12168,harshil,111111111111111111111111111111111111111111@1111111111111111111111111111a1111111111111111111a111111111
12169,harshil,1
12170,harshil,1
12171,harshil,1
12172,harshil,111111111111111111111111111111111111111111@1111111111111111111111111111a1111111111111111111a111111111
12173,harshil,111
12174,harshil,111111111111111111111111111111111111111111@1111111111111111111111111111a1111111111111111111a111111111
12175,harshil,1
12176,harshil,1
12177,harshil,1
12178,harshil,111111111111111111111111111111111111111111@1111111111111111111111111111a1111111111111111111a111111111
12179,harshil,111
12180,harshil,111111111111111111111111111111111111111111@1111111111111111111111111111a1111111111111111111a111111111
12181,harshil,1
12182,harshil,1
12183,harshil,1
12184,harshil,111111111111111111111111111111111111111111@1111111111111111111111111111a1111111111111111111a111111111
12185,harshil,111
12186,harshil,111111111111111111111111111111111111111111@1111111111111111111111111111a1111111111111111111a111111111
12187,harshil,1
12188,harshil,1
12189,harshil,1
12190,harshil,111111111111111111111111111111111111111111@1111111111111111111111111111a1111111111111111111a111111111
12191,harshil,111
12192,harshil,111111111111111111111111111111111111111111@1111111111111111111111111111a1111111111111111111a111111111
12193,harshil,1
12194,harshil,1
12195,harshil,1
12196,harshil,111111111111111111111111111111111111111111@1111111111111111111111111111a1111111111111111111a111111111
12197,harshil,111
12198,harshil,111111111111111111111111111111111111111111@1111111111111111111111111111a1111111111111111111a111111111
12199,harshil,1
12200,harshil,1
12201,harshil,1
12202,harshil,111111111111111111111111111111111111111111@1111111111111111111111111111a1111111111111111111a111111111
12203,harshil,111
12204,harshil,111111111111111111111111111111111111111111@1111111111111111111111111111a1111111111111111111a111111111
12205,harshil,1
12206,harshil,1
12207,harshil,1
12208,harshil,111111111111111111111111111111111111111111@1111111111111111111111111111a1111111111111111111a111111111
12209,harshil,111
12210,harshil,111111111111111111111111111111111111111111@1111111111111111111111111111a1111111111111111111a111111111
12211,harshil,1
12212,harshil,1
12213,harshil,1
12214,harshil,111111111111111111111111111111111111111111@1111111111111111111111111111a1111111111111111111a111111111
12215,harshil,111
12216,harshil,111111111111111111111111111111111111111111@1111111111111111111111111111a1111111111111111111a111111111
12217,harshil,1
12218,harshil,1
12219,harshil,1
12220,harshil,111111111111111111111111111111111111111111@1111111111111111111111111111a1111111111111111111a111111111
12221,harshil,111
12222,harshil,111111111111111111111111111111111111111111@1111111111111111111111111111a1111111111111111111a111111111
12223,harshil,1
12224,harshil,1
12225,harshil,1
12226,harshil,111111111111111111111111111111111111111111@1111111111111111111111111111a1111111111111111111a111111111
12227,harshil,111
12228,harshil,111111111111111111111111111111111111111111@1111111111111111111111111111a1111111111111111111a111111111
12229,harshil,1
12230,harshil,1
12231,harshil,1
12232,harshil,111111111111111111111111111111111111111111@1111111111111111111111111111a1111111111111111111a111111111
12233,harshil,111
12234,harshil,111111111111111111111111111111111111111111@1111111111111111111111111111a1111111111111111111a111111111
12235,harshil,1
12236,harshil,1
12237,harshil,1
12238,harshil,111111111111111111111111111111111111111111@1111111111111111111111111111a1111111111111111111a111111111
12239,harshil,111
12240,harshil,111111111111111111111111111111111111111111@1111111111111111111111111111a1111111111111111111a111111111
12241,harshil,1
12242,harshil,1
12243,harshil,1
12244,harshil,111111111111111111111111111111111111111111@1111111111111111111111111111a1111111111111111111a111111111
12245,harshil,111
12246,harshil,111111111111111111111111111111111111111111@1111111111111111111111111111a1111111111111111111a111111111
12247,harshil,1
12248,harshil,1
12249,harshil,1
12250,harshil,111111111111111111111111111111111111111111@1111111111111111111111111111a1111111111111111111a111111111
12251,harshil,111
12252,harshil,111111111111111111111111111111111111111111@1111111111111111111111111111a1111111111111111111a111111111
12253,harshil,1
12254,harshil,1
12255,harshil,1
12256,harshil,111111111111111111111111111111111111111111@1111111111111111111111111111a1111111111111111111a111111111
12257,harshil,111
12258,harshil,111111111111111111111111111111111111111111@1111111111111111111111111111a1111111111111111111a111111111
12259,harshil,1
12260,harshil,1
12261,harshil,1
12262,harshil,111111111111111111111111111111111111111111@1111111111111111111111111111a1111111111111111111a111111111
12263,harshil,111
12264,harshil,111111111111111111111111111111111111111111@1111111111111111111111111111a1111111111111111111a111111111
12265,harshil,1
12266,harshil,1
12267,harshil,1
12268,harshil,111111111111111111111111111111111111111111@1111111111111111111111111111a1111111111111111111a111111111
12269,harshil,111
12270,harshil,111111111111111111111111111111111111111111@1111111111111111111111111111a1111111111111111111a111111111
12271,harshil,1
12272,harshil,1
12273,harshil,1
12274,harshil,111111111111111111111111111111111111111111@1111111111111111111111111111a1111111111111111111a111111111
12275,harshil,111
12276,harshil,111111111111111111111111111111111111111111@1111111111111111111111111111a1111111111111111111a111111111
12277,harshil,1
12278,harshil,1
12279,harshil,1
12280,harshil,111111111111111111111111111111111111111111@1111111111111111111111111111a1111111111111111111a111111111
12281,harshil,111
12282,harshil,111111111111111111111111111111111111111111@1111111111111111111111111111a1111111111111111111a111111111
12283,harshil,1
12284,harshil,1
12285,harshil,1
12286,harshil,111111111111111111111111111111111111111111@1111111111111111111111111111a1111111111111111111a111111111
12287,harshil,111
12288,harshil,111111111111111111111111111111111111111111@1111111111111111111111111111a1111111111111111111a111111111
12289,harshil,1
12290,harshil,1
12291,harshil,1
12292,harshil,111111111111111111111111111111111111111111@1111111111111111111111111111a1111111111111111111a111111111
12293,harshil,111
12294,harshil,111111111111111111111111111111111111111111@1111111111111111111111111111a1111111111111111111a111111111
12295,harshil,1
12296,harshil,1
12297,harshil,1
12298,harshil,111111111111111111111111111111111111111111@1111111111111111111111111111a1111111111111111111a111111111
12299,harshil,111
12300,harshil,111111111111111111111111111111111111111111@1111111111111111111111111111a1111111111111111111a111111111
12301,harshil,1
12302,harshil,1
12303,harshil,1
12304,harshil,111111111111111111111111111111111111111111@1111111111111111111111111111a1111111111111111111a111111111
12305,harshil,111
12306,harshil,111111111111111111111111111111111111111111@1111111111111111111111111111a1111111111111111111a111111111
12307,harshil,1
12308,harshil,1
12309,harshil,1
12310,harshil,111111111111111111111111111111111111111111@1111111111111111111111111111a1111111111111111111a111111111
12311,harshil,111
12312,harshil,111111111111111111111111111111111111111111@1111111111111111111111111111a1111111111111111111a111111111
12313,harshil,1
12314,harshil,1
12315,harshil,1
12316,harshil,111111111111111111111111111111111111111111@1111111111111111111111111111a1111111111111111111a111111111
12317,harshil,111
12318,harshil,111111111111111111111111111111111111111111@1111111111111111111111111111a1111111111111111111a111111111
12319,harshil,1
12320,harshil,1
12321,harshil,1
12322,harshil,111111111111111111111111111111111111111111@1111111111111111111111111111a1111111111111111111a111111111
12323,harshil,111
12324,harshil,111111111111111111111111111111111111111111@1111111111111111111111111111a1111111111111111111a111111111
12325,harshil,1
12326,harshil,1
12327,harshil,1
12328,harshil,111111111111111111111111111111111111111111@1111111111111111111111111111a1111111111111111111a111111111
12329,harshil,111
12330,harshil,111111111111111111111111111111111111111111@1111111111111111111111111111a1111111111111111111a111111111
12331,harshil,1
12332,harshil,1
12333,harshil,1
12334,harshil,111111111111111111111111111111111111111111@1111111111111111111111111111a1111111111111111111a111111111
12335,harshil,111
12336,harshil,111111111111111111111111111111111111111111@1111111111111111111111111111a1111111111111111111a111111111
12337,harshil,1
12338,harshil,1
12339,harshil,1
12340,harshil,111111111111111111111111111111111111111111@1111111111111111111111111111a1111111111111111111a111111111
12341,harshil,111
12342,harshil,111111111111111111111111111111111111111111@1111111111111111111111111111a1111111111111111111a111111111
12343,harshil,1
12344,harshil,1
12345,harshil,1
12346,harshil,111111111111111111111111111111111111111111@1111111111111111111111111111a1111111111111111111a111111111
12347,harshil,111
12348,harshil,111111111111111111111111111111111111111111@1111111111111111111111111111a1111111111111111111a111111111
12349,harshil,1
12350,harshil,1
12351,harshil,1
12352,harshil,111111111111111111111111111111111111111111@1111111111111111111111111111a1111111111111111111a111111111
12353,harshil,111
12354,harshil,111111111111111111111111111111111111111111@1111111111111111111111111111a1111111111111111111a111111111
12355,harshil,1
12356,harshil,1
12357,harshil,1
12358,harshil,111111111111111111111111111111111111111111@1111111111111111111111111111a1111111111111111111a111111111
12359,harshil,111
12360,harshil,111111111111111111111111111111111111111111@1111111111111111111111111111a1111111111111111111a111111111
12361,harshil,1
12362,harshil,1
12363,harshil,1
12364,harshil,111111111111111111111111111111111111111111@1111111111111111111111111111a1111111111111111111a111111111
12365,harshil,111
12366,harshil,111111111111111111111111111111111111111111@1111111111111111111111111111a1111111111111111111a111111111
12367,harshil,1
12368,harshil,1
12369,harshil,1
12370,harshil,111111111111111111111111111111111111111111@1111111111111111111111111111a1111111111111111111a111111111
12371,harshil,111
12372,harshil,111111111111111111111111111111111111111111@1111111111111111111111111111a1111111111111111111a111111111
12373,harshil,1
12374,harshil,1
12375,harshil,1
12376,harshil,111111111111111111111111111111111111111111@1111111111111111111111111111a1111111111111111111a111111111
12377,harshil,111
12378,harshil,111111111111111111111111111111111111111111@1111111111111111111111111111a1111111111111111111a111111111
12379,harshil,1
12380,harshil,1
12381,harshil,1
12382,harshil,111111111111111111111111111111111111111111@1111111111111111111111111111a1111111111111111111a111111111
12383,harshil,111
12384,harshil,111111111111111111111111111111111111111111@1111111111111111111111111111a1111111111111111111a111111111
12385,harshil,1
12386,harshil,1
12387,harshil,1
12388,harshil,111111111111111111111111111111111111111111@1111111111111111111111111111a1111111111111111111a111111111
12389,harshil,111
12390,harshil,111111111111111111111111111111111111111111@1111111111111111111111111111a1111111111111111111a111111111
12391,harshil,1
12392,harshil,1
12393,harshil,1
12394,harshil,111111111111111111111111111111111111111111@1111111111111111111111111111a1111111111111111111a111111111
12395,harshil,111
12396,harshil,111111111111111111111111111111111111111111@1111111111111111111111111111a1111111111111111111a111111111
12397,harshil,1
12398,harshil,1
12399,harshil,1
12400,harshil,111111111111111111111111111111111111111111@1111111111111111111111111111a1111111111111111111a111111111
12401,harshil,111
12402,harshil,111111111111111111111111111111111111111111@1111111111111111111111111111a1111111111111111111a111111111
12403,harshil,1
12404,harshil,1
12405,harshil,1
12406,harshil,111111111111111111111111111111111111111111@1111111111111111111111111111a1111111111111111111a111111111
12407,harshil,111
12408,harshil,111111111111111111111111111111111111111111@1111111111111111111111111111a1111111111111111111a111111111
12409,harshil,1
12410,harshil,1
12411,harshil,1
12412,harshil,111111111111111111111111111111111111111111@1111111111111111111111111111a1111111111111111111a111111111
12413,harshil,111
12414,harshil,111111111111111111111111111111111111111111@1111111111111111111111111111a1111111111111111111a111111111
12415,harshil,1
12416,harshil,1
12417,harshil,1
12418,harshil,111111111111111111111111111111111111111111@1111111111111111111111111111a1111111111111111111a111111111
12419,harshil,111
12420,harshil,111111111111111111111111111111111111111111@1111111111111111111111111111a1111111111111111111a111111111
12421,harshil,1
12422,harshil,1
12423,harshil,1
12424,harshil,111111111111111111111111111111111111111111@1111111111111111111111111111a1111111111111111111a111111111
12425,harshil,111
12426,harshil,111111111111111111111111111111111111111111@1111111111111111111111111111a1111111111111111111a111111111
12427,harshil,1
12428,harshil,1
12429,harshil,1
12430,harshil,111111111111111111111111111111111111111111@1111111111111111111111111111a1111111111111111111a111111111
12431,harshil,111
12432,harshil,111111111111111111111111111111111111111111@1111111111111111111111111111a1111111111111111111a111111111
12433,harshil,1
12434,harshil,1
12435,harshil,1
12436,harshil,111111111111111111111111111111111111111111@1111111111111111111111111111a1111111111111111111a111111111
12437,harshil,111
12438,harshil,111111111111111111111111111111111111111111@1111111111111111111111111111a1111111111111111111a111111111
12439,harshil,1
12440,harshil,1
12441,harshil,1
12442,harshil,111111111111111111111111111111111111111111@1111111111111111111111111111a1111111111111111111a111111111
12443,harshil,111
12444,harshil,111111111111111111111111111111111111111111@1111111111111111111111111111a1111111111111111111a111111111
12445,harshil,1
12446,harshil,1
12447,harshil,1
12448,harshil,111111111111111111111111111111111111111111@1111111111111111111111111111a1111111111111111111a111111111
12449,harshil,111
12450,harshil,111111111111111111111111111111111111111111@1111111111111111111111111111a1111111111111111111a111111111
12451,harshil,1
12452,harshil,1
12453,harshil,1
12454,harshil,111111111111111111111111111111111111111111@1111111111111111111111111111a1111111111111111111a111111111
12455,harshil,111
12456,harshil,111111111111111111111111111111111111111111@1111111111111111111111111111a1111111111111111111a111111111
12457,harshil,1
12458,harshil,1
12459,harshil,1
12460,harshil,111111111111111111111111111111111111111111@1111111111111111111111111111a1111111111111111111a111111111
12461,harshil,111
12462,harshil,111111111111111111111111111111111111111111@1111111111111111111111111111a1111111111111111111a111111111
12463,harshil,1
12464,harshil,1
12465,harshil,1
12466,harshil,111111111111111111111111111111111111111111@1111111111111111111111111111a1111111111111111111a111111111
12467,harshil,111
12468,harshil,111111111111111111111111111111111111111111@1111111111111111111111111111a1111111111111111111a111111111
12469,harshil,1
12470,harshil,1
12471,harshil,1
12472,harshil,111111111111111111111111111111111111111111@1111111111111111111111111111a1111111111111111111a111111111
12473,harshil,111
12474,harshil,111111111111111111111111111111111111111111@1111111111111111111111111111a1111111111111111111a111111111
12475,harshil,1
12476,harshil,1
12477,harshil,1
12478,harshil,111111111111111111111111111111111111111111@1111111111111111111111111111a1111111111111111111a111111111
12479,harshil,111
12480,harshil,111111111111111111111111111111111111111111@1111111111111111111111111111a1111111111111111111a111111111
12481,harshil,1
12482,harshil,1
12483,harshil,1
12484,harshil,111111111111111111111111111111111111111111@1111111111111111111111111111a1111111111111111111a111111111
12485,harshil,111
12486,harshil,111111111111111111111111111111111111111111@1111111111111111111111111111a1111111111111111111a111111111
12487,harshil,1
12488,harshil,1
12489,harshil,1
12490,harshil,111111111111111111111111111111111111111111@1111111111111111111111111111a1111111111111111111a111111111
12491,harshil,111
12492,harshil,111111111111111111111111111111111111111111@1111111111111111111111111111a1111111111111111111a111111111
12493,harshil,1
12494,harshil,1
12495,harshil,1
12496,harshil,111111111111111111111111111111111111111111@1111111111111111111111111111a1111111111111111111a111111111
12497,harshil,111
12498,harshil,111111111111111111111111111111111111111111@1111111111111111111111111111a1111111111111111111a111111111
12499,harshil,1
12500,harshil,1
12501,harshil,1
12502,harshil,111111111111111111111111111111111111111111@1111111111111111111111111111a1111111111111111111a111111111
12503,harshil,111
12504,harshil,111111111111111111111111111111111111111111@1111111111111111111111111111a1111111111111111111a111111111
12505,harshil,1
12506,harshil,1
12507,harshil,1
12508,harshil,111111111111111111111111111111111111111111@1111111111111111111111111111a1111111111111111111a111111111
12509,harshil,111
12510,harshil,111111111111111111111111111111111111111111@1111111111111111111111111111a1111111111111111111a111111111
12511,harshil,1
12512,harshil,1
12513,harshil,1
12514,harshil,111111111111111111111111111111111111111111@1111111111111111111111111111a1111111111111111111a111111111
12515,harshil,111
12516,harshil,111111111111111111111111111111111111111111@1111111111111111111111111111a1111111111111111111a111111111
12517,harshil,1
12518,harshil,1
12519,harshil,1
12520,harshil,111111111111111111111111111111111111111111@1111111111111111111111111111a1111111111111111111a111111111
12521,harshil,111
12522,harshil,111111111111111111111111111111111111111111@1111111111111111111111111111a1111111111111111111a111111111
12523,harshil,1
12524,harshil,1
12525,harshil,1
12526,harshil,111111111111111111111111111111111111111111@1111111111111111111111111111a1111111111111111111a111111111
12527,harshil,111
12528,harshil,111111111111111111111111111111111111111111@1111111111111111111111111111a1111111111111111111a111111111
12529,harshil,1
12530,harshil,1
12531,harshil,1
12532,harshil,111111111111111111111111111111111111111111@1111111111111111111111111111a1111111111111111111a111111111
12533,harshil,111
12534,harshil,111111111111111111111111111111111111111111@1111111111111111111111111111a1111111111111111111a111111111
12535,harshil,1
12536,harshil,1
12537,harshil,1
12538,harshil,111111111111111111111111111111111111111111@1111111111111111111111111111a1111111111111111111a111111111
12539,harshil,111
12540,harshil,111111111111111111111111111111111111111111@1111111111111111111111111111a1111111111111111111a111111111
12541,harshil,1
12542,harshil,1
12543,harshil,1
12544,harshil,111111111111111111111111111111111111111111@1111111111111111111111111111a1111111111111111111a111111111
12545,harshil,111
12546,harshil,111111111111111111111111111111111111111111@1111111111111111111111111111a1111111111111111111a111111111
12547,harshil,1
12548,harshil,1
12549,harshil,1
12550,harshil,111111111111111111111111111111111111111111@1111111111111111111111111111a1111111111111111111a111111111
12551,harshil,111
12552,harshil,111111111111111111111111111111111111111111@1111111111111111111111111111a1111111111111111111a111111111
12553,harshil,1
12554,harshil,1
12555,harshil,1
12556,harshil,111111111111111111111111111111111111111111@1111111111111111111111111111a1111111111111111111a111111111
12557,harshil,111
12558,harshil,111111111111111111111111111111111111111111@1111111111111111111111111111a1111111111111111111a111111111
12559,harshil,1
12560,harshil,1
12561,harshil,1
12562,harshil,111111111111111111111111111111111111111111@1111111111111111111111111111a1111111111111111111a111111111
12563,harshil,111
12564,harshil,111111111111111111111111111111111111111111@1111111111111111111111111111a1111111111111111111a111111111
12565,harshil,1
12566,harshil,1
12567,harshil,1
12568,harshil,111111111111111111111111111111111111111111@1111111111111111111111111111a1111111111111111111a111111111
12569,harshil,111
12570,harshil,111111111111111111111111111111111111111111@1111111111111111111111111111a1111111111111111111a111111111
12571,harshil,1
12572,harshil,1
12573,harshil,1
12574,harshil,111111111111111111111111111111111111111111@1111111111111111111111111111a1111111111111111111a111111111
12575,harshil,111
12576,harshil,111111111111111111111111111111111111111111@1111111111111111111111111111a1111111111111111111a111111111
12577,harshil,1
12578,harshil,1
12579,harshil,1
12580,harshil,111111111111111111111111111111111111111111@1111111111111111111111111111a1111111111111111111a111111111
12581,harshil,111
12582,harshil,111111111111111111111111111111111111111111@1111111111111111111111111111a1111111111111111111a111111111
12583,harshil,1
12584,harshil,1
12585,harshil,1
12586,harshil,111111111111111111111111111111111111111111@1111111111111111111111111111a1111111111111111111a111111111
12587,harshil,111
12588,harshil,111111111111111111111111111111111111111111@1111111111111111111111111111a1111111111111111111a111111111
12589,harshil,1
12590,harshil,1
12591,harshil,1
12592,harshil,111111111111111111111111111111111111111111@1111111111111111111111111111a1111111111111111111a111111111
12593,harshil,111
12594,harshil,111111111111111111111111111111111111111111@1111111111111111111111111111a1111111111111111111a111111111
12595,harshil,1
12596,harshil,1
12597,harshil,1
12598,harshil,111111111111111111111111111111111111111111@1111111111111111111111111111a1111111111111111111a111111111
12599,harshil,111
12600,harshil,111111111111111111111111111111111111111111@1111111111111111111111111111a1111111111111111111a111111111
12601,harshil,1
12602,harshil,1
12603,harshil,1
12604,harshil,111111111111111111111111111111111111111111@1111111111111111111111111111a1111111111111111111a111111111
12605,harshil,111
12606,harshil,111111111111111111111111111111111111111111@1111111111111111111111111111a1111111111111111111a111111111
12607,harshil,1
12608,harshil,1
12609,harshil,1
12610,harshil,111111111111111111111111111111111111111111@1111111111111111111111111111a1111111111111111111a111111111
12611,harshil,111
12612,harshil,111111111111111111111111111111111111111111@1111111111111111111111111111a1111111111111111111a111111111
12613,harshil,1
12614,harshil,1
12615,harshil,1
12616,harshil,111111111111111111111111111111111111111111@1111111111111111111111111111a1111111111111111111a111111111
12617,harshil,111
12618,harshil,111111111111111111111111111111111111111111@1111111111111111111111111111a1111111111111111111a111111111
12619,harshil,1
12620,harshil,1
12621,harshil,1
12622,harshil,111111111111111111111111111111111111111111@1111111111111111111111111111a1111111111111111111a111111111
12623,harshil,111
12624,harshil,111111111111111111111111111111111111111111@1111111111111111111111111111a1111111111111111111a111111111
12625,harshil,1
12626,harshil,1
12627,harshil,1
12628,harshil,111111111111111111111111111111111111111111@1111111111111111111111111111a1111111111111111111a111111111
12629,harshil,111
12630,harshil,111111111111111111111111111111111111111111@1111111111111111111111111111a1111111111111111111a111111111
12631,harshil,1
12632,harshil,1
12633,harshil,1
12634,harshil,111111111111111111111111111111111111111111@1111111111111111111111111111a1111111111111111111a111111111
12635,harshil,111
12636,harshil,111111111111111111111111111111111111111111@1111111111111111111111111111a1111111111111111111a111111111
12637,harshil,1
12638,harshil,1
12639,harshil,1
12640,harshil,111111111111111111111111111111111111111111@1111111111111111111111111111a1111111111111111111a111111111
12641,harshil,111
12642,harshil,111111111111111111111111111111111111111111@1111111111111111111111111111a1111111111111111111a111111111
12643,harshil,1
12644,harshil,1
12645,harshil,1
12646,harshil,111111111111111111111111111111111111111111@1111111111111111111111111111a1111111111111111111a111111111
12647,harshil,111
12648,harshil,111111111111111111111111111111111111111111@1111111111111111111111111111a1111111111111111111a111111111
12649,harshil,1
12650,harshil,1
12651,harshil,1
12652,harshil,111111111111111111111111111111111111111111@1111111111111111111111111111a1111111111111111111a111111111
12653,harshil,111
12654,harshil,111111111111111111111111111111111111111111@1111111111111111111111111111a1111111111111111111a111111111
12655,harshil,1
12656,harshil,1
12657,harshil,1
12658,harshil,111111111111111111111111111111111111111111@1111111111111111111111111111a1111111111111111111a111111111
12659,harshil,111
12660,harshil,111111111111111111111111111111111111111111@1111111111111111111111111111a1111111111111111111a111111111
12661,harshil,1
12662,harshil,1
12663,harshil,1
12664,harshil,111111111111111111111111111111111111111111@1111111111111111111111111111a1111111111111111111a111111111
12665,harshil,111
12666,harshil,111111111111111111111111111111111111111111@1111111111111111111111111111a1111111111111111111a111111111
12667,harshil,1
12668,harshil,1
12669,harshil,1
12670,harshil,111111111111111111111111111111111111111111@1111111111111111111111111111a1111111111111111111a111111111
12671,harshil,111
12672,harshil,111111111111111111111111111111111111111111@1111111111111111111111111111a1111111111111111111a111111111
12673,harshil,1
12674,harshil,1
12675,harshil,1
12676,harshil,111111111111111111111111111111111111111111@1111111111111111111111111111a1111111111111111111a111111111
12677,harshil,111
12678,harshil,111111111111111111111111111111111111111111@1111111111111111111111111111a1111111111111111111a111111111
12679,harshil,1
12680,harshil,1
12681,harshil,1
12682,harshil,111111111111111111111111111111111111111111@1111111111111111111111111111a1111111111111111111a111111111
12683,harshil,111
12684,harshil,111111111111111111111111111111111111111111@1111111111111111111111111111a1111111111111111111a111111111
12685,harshil,1
12686,harshil,1
12687,harshil,1
12688,harshil,111111111111111111111111111111111111111111@1111111111111111111111111111a1111111111111111111a111111111
12689,harshil,111
12690,harshil,111111111111111111111111111111111111111111@1111111111111111111111111111a1111111111111111111a111111111
12691,harshil,1
12692,harshil,1
12693,harshil,1
12694,harshil,111111111111111111111111111111111111111111@1111111111111111111111111111a1111111111111111111a111111111
12695,harshil,111
12696,harshil,111111111111111111111111111111111111111111@1111111111111111111111111111a1111111111111111111a111111111
12697,harshil,1
12698,harshil,1
12699,harshil,1
12700,harshil,111111111111111111111111111111111111111111@1111111111111111111111111111a1111111111111111111a111111111
12701,harshil,111
12702,harshil,111111111111111111111111111111111111111111@1111111111111111111111111111a1111111111111111111a111111111
12703,harshil,1
12704,harshil,1
12705,harshil,1
12706,harshil,111111111111111111111111111111111111111111@1111111111111111111111111111a1111111111111111111a111111111
12707,harshil,111
12708,harshil,111111111111111111111111111111111111111111@1111111111111111111111111111a1111111111111111111a111111111
12709,harshil,1
12710,harshil,1
12711,harshil,1
12712,harshil,111111111111111111111111111111111111111111@1111111111111111111111111111a1111111111111111111a111111111
12713,harshil,111
12714,harshil,111111111111111111111111111111111111111111@1111111111111111111111111111a1111111111111111111a111111111
12715,harshil,1
12716,harshil,1
12717,harshil,1
12718,harshil,111111111111111111111111111111111111111111@1111111111111111111111111111a1111111111111111111a111111111
12719,harshil,111
12720,harshil,111111111111111111111111111111111111111111@1111111111111111111111111111a1111111111111111111a111111111
12721,harshil,1
12722,harshil,1
12723,harshil,1
12724,harshil,111111111111111111111111111111111111111111@1111111111111111111111111111a1111111111111111111a111111111
12725,harshil,111
12726,harshil,111111111111111111111111111111111111111111@1111111111111111111111111111a1111111111111111111a111111111
12727,harshil,1
12728,harshil,1
12729,harshil,1
12730,harshil,111111111111111111111111111111111111111111@1111111111111111111111111111a1111111111111111111a111111111
12731,harshil,111
12732,harshil,111111111111111111111111111111111111111111@1111111111111111111111111111a1111111111111111111a111111111
12733,harshil,1
12734,harshil,1
12735,harshil,1
12736,harshil,111111111111111111111111111111111111111111@1111111111111111111111111111a1111111111111111111a111111111
12737,harshil,111
12738,harshil,111111111111111111111111111111111111111111@1111111111111111111111111111a1111111111111111111a111111111
12739,harshil,1
12740,harshil,1
12741,harshil,1
12742,harshil,111111111111111111111111111111111111111111@1111111111111111111111111111a1111111111111111111a111111111
12743,harshil,111
12744,harshil,111111111111111111111111111111111111111111@1111111111111111111111111111a1111111111111111111a111111111
12745,harshil,1
12746,harshil,1
12747,harshil,1
12748,harshil,111111111111111111111111111111111111111111@1111111111111111111111111111a1111111111111111111a111111111
12749,harshil,111
12750,harshil,111111111111111111111111111111111111111111@1111111111111111111111111111a1111111111111111111a111111111
12751,harshil,1
12752,harshil,1
12753,harshil,1
12754,harshil,111111111111111111111111111111111111111111@1111111111111111111111111111a1111111111111111111a111111111
12755,harshil,111
12756,harshil,111111111111111111111111111111111111111111@1111111111111111111111111111a1111111111111111111a111111111
12757,harshil,1
12758,harshil,1
12759,harshil,1
12760,harshil,111111111111111111111111111111111111111111@1111111111111111111111111111a1111111111111111111a111111111
12761,harshil,111
12762,harshil,111111111111111111111111111111111111111111@1111111111111111111111111111a1111111111111111111a111111111
12763,harshil,1
12764,harshil,1
12765,harshil,1
12766,harshil,111111111111111111111111111111111111111111@1111111111111111111111111111a1111111111111111111a111111111
12767,harshil,111
12768,harshil,111111111111111111111111111111111111111111@1111111111111111111111111111a1111111111111111111a111111111
12769,harshil,1
12770,harshil,1
12771,harshil,1
12772,harshil,111111111111111111111111111111111111111111@1111111111111111111111111111a1111111111111111111a111111111
12773,harshil,111
12774,harshil,111111111111111111111111111111111111111111@1111111111111111111111111111a1111111111111111111a111111111
12775,harshil,1
12776,harshil,1
12777,harshil,1
12778,harshil,111111111111111111111111111111111111111111@1111111111111111111111111111a1111111111111111111a111111111
12779,harshil,111
12780,harshil,111111111111111111111111111111111111111111@1111111111111111111111111111a1111111111111111111a111111111
12781,harshil,1
12782,harshil,1
12783,harshil,1
12784,harshil,111111111111111111111111111111111111111111@1111111111111111111111111111a1111111111111111111a111111111
12785,harshil,111
12786,harshil,111111111111111111111111111111111111111111@1111111111111111111111111111a1111111111111111111a111111111
12787,harshil,1
12788,harshil,1
12789,harshil,1
12790,harshil,111111111111111111111111111111111111111111@1111111111111111111111111111a1111111111111111111a111111111
12791,harshil,111
12792,harshil,111111111111111111111111111111111111111111@1111111111111111111111111111a1111111111111111111a111111111
12793,harshil,1
12794,harshil,1
12795,harshil,1
12796,harshil,111111111111111111111111111111111111111111@1111111111111111111111111111a1111111111111111111a111111111
12797,harshil,111
12798,harshil,111111111111111111111111111111111111111111@1111111111111111111111111111a1111111111111111111a111111111
12799,harshil,1
12800,harshil,1
12801,harshil,1
12802,harshil,111111111111111111111111111111111111111111@1111111111111111111111111111a1111111111111111111a111111111
12803,harshil,111
12804,harshil,111111111111111111111111111111111111111111@1111111111111111111111111111a1111111111111111111a111111111
12805,harshil,1
12806,harshil,1
12807,harshil,1
12808,harshil,111111111111111111111111111111111111111111@1111111111111111111111111111a1111111111111111111a111111111
12809,harshil,111
12810,harshil,111111111111111111111111111111111111111111@1111111111111111111111111111a1111111111111111111a111111111
12811,harshil,1
12812,harshil,1
12813,harshil,1
12814,harshil,111111111111111111111111111111111111111111@1111111111111111111111111111a1111111111111111111a111111111
12815,harshil,111
12816,harshil,111111111111111111111111111111111111111111@1111111111111111111111111111a1111111111111111111a111111111
12817,harshil,1
12818,harshil,1
12819,harshil,1
12820,harshil,111111111111111111111111111111111111111111@1111111111111111111111111111a1111111111111111111a111111111
12821,harshil,111
12822,harshil,111111111111111111111111111111111111111111@1111111111111111111111111111a1111111111111111111a111111111
12823,harshil,1
12824,harshil,1
12825,harshil,1
12826,harshil,111111111111111111111111111111111111111111@1111111111111111111111111111a1111111111111111111a111111111
12827,harshil,111
12828,harshil,111111111111111111111111111111111111111111@1111111111111111111111111111a1111111111111111111a111111111
12829,harshil,1
12830,harshil,1
12831,harshil,1
12832,harshil,111111111111111111111111111111111111111111@1111111111111111111111111111a1111111111111111111a111111111
12833,harshil,111
12834,harshil,111111111111111111111111111111111111111111@1111111111111111111111111111a1111111111111111111a111111111
12835,harshil,1
12836,harshil,1
12837,harshil,1
12838,harshil,111111111111111111111111111111111111111111@1111111111111111111111111111a1111111111111111111a111111111
12839,harshil,111
12840,harshil,111111111111111111111111111111111111111111@1111111111111111111111111111a1111111111111111111a111111111
12841,harshil,1
12842,harshil,1
12843,harshil,1
12844,harshil,111111111111111111111111111111111111111111@1111111111111111111111111111a1111111111111111111a111111111
12845,harshil,111
12846,harshil,111111111111111111111111111111111111111111@1111111111111111111111111111a1111111111111111111a111111111
12847,harshil,1
12848,harshil,1
12849,harshil,1
12850,harshil,111111111111111111111111111111111111111111@1111111111111111111111111111a1111111111111111111a111111111
12851,harshil,111
12852,harshil,111111111111111111111111111111111111111111@1111111111111111111111111111a1111111111111111111a111111111
12853,harshil,1
12854,harshil,1
12855,harshil,1
12856,harshil,111111111111111111111111111111111111111111@1111111111111111111111111111a1111111111111111111a111111111
12857,harshil,111
12858,harshil,111111111111111111111111111111111111111111@1111111111111111111111111111a1111111111111111111a111111111
12859,harshil,1
12860,harshil,1
12861,harshil,1
12862,harshil,111111111111111111111111111111111111111111@1111111111111111111111111111a1111111111111111111a111111111
12863,harshil,111
12864,harshil,111111111111111111111111111111111111111111@1111111111111111111111111111a1111111111111111111a111111111
12865,harshil,1
12866,harshil,1
12867,harshil,1
12868,harshil,111111111111111111111111111111111111111111@1111111111111111111111111111a1111111111111111111a111111111
12869,harshil,111
12870,harshil,111111111111111111111111111111111111111111@1111111111111111111111111111a1111111111111111111a111111111
12871,harshil,1
12872,harshil,1
12873,harshil,1
12874,harshil,111111111111111111111111111111111111111111@1111111111111111111111111111a1111111111111111111a111111111
12875,harshil,111
12876,harshil,111111111111111111111111111111111111111111@1111111111111111111111111111a1111111111111111111a111111111
12877,harshil,1
12878,harshil,1
12879,harshil,1
12880,harshil,111111111111111111111111111111111111111111@1111111111111111111111111111a1111111111111111111a111111111
12881,harshil,111
12882,harshil,111111111111111111111111111111111111111111@1111111111111111111111111111a1111111111111111111a111111111
12883,harshil,1
12884,harshil,1
12885,harshil,1
12886,harshil,111111111111111111111111111111111111111111@1111111111111111111111111111a1111111111111111111a111111111
12887,harshil,111
12888,harshil,111111111111111111111111111111111111111111@1111111111111111111111111111a1111111111111111111a111111111
12889,harshil,1
12890,harshil,1
12891,harshil,1
12892,harshil,111111111111111111111111111111111111111111@1111111111111111111111111111a1111111111111111111a111111111
12893,harshil,111
12894,harshil,111111111111111111111111111111111111111111@1111111111111111111111111111a1111111111111111111a111111111
12895,harshil,1
12896,harshil,1
12897,harshil,1
12898,harshil,111111111111111111111111111111111111111111@1111111111111111111111111111a1111111111111111111a111111111
12899,harshil,111
12900,harshil,111111111111111111111111111111111111111111@1111111111111111111111111111a1111111111111111111a111111111
12901,harshil,1
12902,harshil,1
12903,harshil,1
12904,harshil,111111111111111111111111111111111111111111@1111111111111111111111111111a1111111111111111111a111111111
12905,harshil,111
12906,harshil,111111111111111111111111111111111111111111@1111111111111111111111111111a1111111111111111111a111111111
12907,harshil,1
12908,harshil,1
12909,harshil,1
12910,harshil,111111111111111111111111111111111111111111@1111111111111111111111111111a1111111111111111111a111111111
12911,harshil,111
12912,harshil,111111111111111111111111111111111111111111@1111111111111111111111111111a1111111111111111111a111111111
12913,harshil,1
12914,harshil,1
12915,harshil,1
12916,harshil,111111111111111111111111111111111111111111@1111111111111111111111111111a1111111111111111111a111111111
12917,harshil,111
12918,harshil,111111111111111111111111111111111111111111@1111111111111111111111111111a1111111111111111111a111111111
12919,harshil,1
12920,harshil,1
12921,harshil,1
12922,harshil,111111111111111111111111111111111111111111@1111111111111111111111111111a1111111111111111111a111111111
12923,harshil,111
12924,harshil,111111111111111111111111111111111111111111@1111111111111111111111111111a1111111111111111111a111111111
12925,harshil,1
12926,harshil,1
12927,harshil,1
12928,harshil,111111111111111111111111111111111111111111@1111111111111111111111111111a1111111111111111111a111111111
12929,harshil,111
12930,harshil,111111111111111111111111111111111111111111@1111111111111111111111111111a1111111111111111111a111111111
12931,harshil,1
12932,harshil,1
12933,harshil,1
12934,harshil,111111111111111111111111111111111111111111@1111111111111111111111111111a1111111111111111111a111111111
12935,harshil,111
12936,harshil,111111111111111111111111111111111111111111@1111111111111111111111111111a1111111111111111111a111111111
12937,harshil,1
12938,harshil,1
12939,harshil,1
12940,harshil,111111111111111111111111111111111111111111@1111111111111111111111111111a1111111111111111111a111111111
12941,harshil,111
12942,harshil,111111111111111111111111111111111111111111@1111111111111111111111111111a1111111111111111111a111111111
12943,harshil,1
12944,harshil,1
12945,harshil,1
12946,harshil,111111111111111111111111111111111111111111@1111111111111111111111111111a1111111111111111111a111111111
12947,harshil,111
12948,harshil,111111111111111111111111111111111111111111@1111111111111111111111111111a1111111111111111111a111111111
12949,harshil,1
12950,harshil,1
12951,harshil,1
12952,harshil,111111111111111111111111111111111111111111@1111111111111111111111111111a1111111111111111111a111111111
12953,harshil,111
12954,harshil,111111111111111111111111111111111111111111@1111111111111111111111111111a1111111111111111111a111111111
12955,harshil,1
12956,harshil,1
12957,harshil,1
12958,harshil,111111111111111111111111111111111111111111@1111111111111111111111111111a1111111111111111111a111111111
12959,harshil,111
12960,harshil,111111111111111111111111111111111111111111@1111111111111111111111111111a1111111111111111111a111111111
12961,harshil,1
12962,harshil,1
12963,harshil,1
12964,harshil,111111111111111111111111111111111111111111@1111111111111111111111111111a1111111111111111111a111111111
12965,harshil,111
12966,harshil,111111111111111111111111111111111111111111@1111111111111111111111111111a1111111111111111111a111111111
12967,harshil,1
12968,harshil,1
12969,harshil,1
12970,harshil,111111111111111111111111111111111111111111@1111111111111111111111111111a1111111111111111111a111111111
12971,harshil,111
12972,harshil,111111111111111111111111111111111111111111@1111111111111111111111111111a1111111111111111111a111111111
12973,harshil,1
12974,harshil,1
12975,harshil,1
12976,harshil,111111111111111111111111111111111111111111@1111111111111111111111111111a1111111111111111111a111111111
12977,harshil,111
12978,harshil,111111111111111111111111111111111111111111@1111111111111111111111111111a1111111111111111111a111111111
12979,harshil,1
12980,harshil,1
12981,harshil,1
12982,harshil,111111111111111111111111111111111111111111@1111111111111111111111111111a1111111111111111111a111111111
12983,harshil,111
12984,harshil,111111111111111111111111111111111111111111@1111111111111111111111111111a1111111111111111111a111111111
12985,harshil,1
12986,harshil,1
12987,harshil,1
12988,harshil,111111111111111111111111111111111111111111@1111111111111111111111111111a1111111111111111111a111111111
12989,harshil,111
12990,harshil,111111111111111111111111111111111111111111@1111111111111111111111111111a1111111111111111111a111111111
12991,harshil,1
12992,harshil,1
12993,harshil,1
12994,harshil,111111111111111111111111111111111111111111@1111111111111111111111111111a1111111111111111111a111111111
12995,harshil,111
12996,harshil,111111111111111111111111111111111111111111@1111111111111111111111111111a1111111111111111111a111111111
12997,harshil,1
12998,harshil,1
12999,harshil,1
13000,harshil,111111111111111111111111111111111111111111@1111111111111111111111111111a1111111111111111111a111111111
13001,harshil,111
13002,harshil,111111111111111111111111111111111111111111@1111111111111111111111111111a1111111111111111111a111111111
13003,harshil,1
13004,harshil,1
13005,harshil,1
13006,harshil,111111111111111111111111111111111111111111@1111111111111111111111111111a1111111111111111111a111111111
13007,harshil,111
13008,harshil,111111111111111111111111111111111111111111@1111111111111111111111111111a1111111111111111111a111111111
13009,harshil,1
13010,harshil,1
13011,harshil,1
13012,harshil,111111111111111111111111111111111111111111@1111111111111111111111111111a1111111111111111111a111111111
13013,harshil,111
13014,harshil,111111111111111111111111111111111111111111@1111111111111111111111111111a1111111111111111111a111111111
13015,harshil,1
13016,harshil,1
13017,harshil,1
13018,harshil,111111111111111111111111111111111111111111@1111111111111111111111111111a1111111111111111111a111111111
13019,harshil,111
13020,harshil,111111111111111111111111111111111111111111@1111111111111111111111111111a1111111111111111111a111111111
13021,harshil,1
13022,harshil,1
13023,harshil,1
13024,harshil,111111111111111111111111111111111111111111@1111111111111111111111111111a1111111111111111111a111111111
13025,harshil,111
13026,harshil,111111111111111111111111111111111111111111@1111111111111111111111111111a1111111111111111111a111111111
13027,harshil,1
13028,harshil,1
13029,harshil,1
13030,harshil,111111111111111111111111111111111111111111@1111111111111111111111111111a1111111111111111111a111111111
13031,harshil,111
13032,harshil,111111111111111111111111111111111111111111@1111111111111111111111111111a1111111111111111111a111111111
13033,harshil,1
13034,harshil,1
13035,harshil,1
13036,harshil,111111111111111111111111111111111111111111@1111111111111111111111111111a1111111111111111111a111111111
13037,harshil,111
13038,harshil,111111111111111111111111111111111111111111@1111111111111111111111111111a1111111111111111111a111111111
13039,harshil,1
13040,harshil,1
13041,harshil,1
13042,harshil,111111111111111111111111111111111111111111@1111111111111111111111111111a1111111111111111111a111111111
13043,harshil,111
13044,harshil,111111111111111111111111111111111111111111@1111111111111111111111111111a1111111111111111111a111111111
13045,harshil,1
13046,harshil,1
13047,harshil,1
13048,harshil,111111111111111111111111111111111111111111@1111111111111111111111111111a1111111111111111111a111111111
13049,harshil,111
13050,harshil,111111111111111111111111111111111111111111@1111111111111111111111111111a1111111111111111111a111111111
13051,harshil,1
13052,harshil,1
13053,harshil,1
13054,harshil,111111111111111111111111111111111111111111@1111111111111111111111111111a1111111111111111111a111111111
13055,harshil,111
13056,harshil,111111111111111111111111111111111111111111@1111111111111111111111111111a1111111111111111111a111111111
13057,harshil,1
13058,harshil,1
13059,harshil,1
13060,harshil,111111111111111111111111111111111111111111@1111111111111111111111111111a1111111111111111111a111111111
13061,harshil,111
13062,harshil,111111111111111111111111111111111111111111@1111111111111111111111111111a1111111111111111111a111111111
13063,harshil,1
13064,harshil,1
13065,harshil,1
13066,harshil,111111111111111111111111111111111111111111@1111111111111111111111111111a1111111111111111111a111111111
13067,harshil,111
13068,harshil,111111111111111111111111111111111111111111@1111111111111111111111111111a1111111111111111111a111111111
13069,harshil,1
13070,harshil,1
13071,harshil,1
13072,harshil,111111111111111111111111111111111111111111@1111111111111111111111111111a1111111111111111111a111111111
13073,harshil,111
13074,harshil,111111111111111111111111111111111111111111@1111111111111111111111111111a1111111111111111111a111111111
13075,harshil,1
13076,harshil,1
13077,harshil,1
13078,harshil,111111111111111111111111111111111111111111@1111111111111111111111111111a1111111111111111111a111111111
13079,harshil,111
13080,harshil,111111111111111111111111111111111111111111@1111111111111111111111111111a1111111111111111111a111111111
13081,harshil,1
13082,harshil,1
13083,harshil,1
13084,harshil,111111111111111111111111111111111111111111@1111111111111111111111111111a1111111111111111111a111111111
13085,harshil,111
13086,harshil,111111111111111111111111111111111111111111@1111111111111111111111111111a1111111111111111111a111111111
13087,harshil,1
13088,harshil,1
13089,harshil,1
13090,harshil,111111111111111111111111111111111111111111@1111111111111111111111111111a1111111111111111111a111111111
13091,harshil,111
13092,harshil,111111111111111111111111111111111111111111@1111111111111111111111111111a1111111111111111111a111111111
13093,harshil,1
13094,harshil,1
13095,harshil,1
13096,harshil,111111111111111111111111111111111111111111@1111111111111111111111111111a1111111111111111111a111111111
13097,harshil,111
13098,harshil,111111111111111111111111111111111111111111@1111111111111111111111111111a1111111111111111111a111111111
13099,harshil,1
13100,harshil,1
13101,harshil,1
13102,harshil,111111111111111111111111111111111111111111@1111111111111111111111111111a1111111111111111111a111111111
13103,harshil,111
13104,harshil,111111111111111111111111111111111111111111@1111111111111111111111111111a1111111111111111111a111111111
13105,harshil,1
13106,harshil,1
13107,harshil,1
13108,harshil,111111111111111111111111111111111111111111@1111111111111111111111111111a1111111111111111111a111111111
13109,harshil,111
13110,harshil,111111111111111111111111111111111111111111@1111111111111111111111111111a1111111111111111111a111111111
13111,harshil,1
13112,harshil,1
13113,harshil,1
13114,harshil,111111111111111111111111111111111111111111@1111111111111111111111111111a1111111111111111111a111111111
13115,harshil,111
13116,harshil,111111111111111111111111111111111111111111@1111111111111111111111111111a1111111111111111111a111111111
13117,harshil,1
13118,harshil,1
13119,harshil,1
13120,harshil,111111111111111111111111111111111111111111@1111111111111111111111111111a1111111111111111111a111111111
13121,harshil,111
13122,harshil,111111111111111111111111111111111111111111@1111111111111111111111111111a1111111111111111111a111111111
13123,harshil,1
13124,harshil,1
13125,harshil,1
13126,harshil,111111111111111111111111111111111111111111@1111111111111111111111111111a1111111111111111111a111111111
13127,harshil,111
13128,harshil,111111111111111111111111111111111111111111@1111111111111111111111111111a1111111111111111111a111111111
13129,harshil,1
13130,harshil,1
13131,harshil,1
13132,harshil,111111111111111111111111111111111111111111@1111111111111111111111111111a1111111111111111111a111111111
13133,harshil,111
13134,harshil,111111111111111111111111111111111111111111@1111111111111111111111111111a1111111111111111111a111111111
13135,harshil,1
13136,harshil,1
13137,harshil,1
13138,harshil,111111111111111111111111111111111111111111@1111111111111111111111111111a1111111111111111111a111111111
13139,harshil,111
13140,harshil,111111111111111111111111111111111111111111@1111111111111111111111111111a1111111111111111111a111111111
13141,harshil,1
13142,harshil,1
13143,harshil,1
13144,harshil,111111111111111111111111111111111111111111@1111111111111111111111111111a1111111111111111111a111111111
13145,harshil,111
13146,harshil,111111111111111111111111111111111111111111@1111111111111111111111111111a1111111111111111111a111111111
13147,harshil,1
13148,harshil,1
13149,harshil,1
13150,harshil,111111111111111111111111111111111111111111@1111111111111111111111111111a1111111111111111111a111111111
13151,harshil,111
13152,harshil,111111111111111111111111111111111111111111@1111111111111111111111111111a1111111111111111111a111111111
13153,harshil,1
13154,harshil,1
13155,harshil,1
13156,harshil,111111111111111111111111111111111111111111@1111111111111111111111111111a1111111111111111111a111111111
13157,harshil,111
13158,harshil,111111111111111111111111111111111111111111@1111111111111111111111111111a1111111111111111111a111111111
13159,harshil,1
13160,harshil,1
13161,harshil,1
13162,harshil,111111111111111111111111111111111111111111@1111111111111111111111111111a1111111111111111111a111111111
13163,harshil,111
13164,harshil,111111111111111111111111111111111111111111@1111111111111111111111111111a1111111111111111111a111111111
13165,harshil,1
13166,harshil,1
13167,harshil,1
13168,harshil,111111111111111111111111111111111111111111@1111111111111111111111111111a1111111111111111111a111111111
13169,harshil,111
13170,harshil,111111111111111111111111111111111111111111@1111111111111111111111111111a1111111111111111111a111111111
13171,harshil,1
13172,harshil,1
13173,harshil,1
13174,harshil,111111111111111111111111111111111111111111@1111111111111111111111111111a1111111111111111111a111111111
13175,harshil,111
13176,harshil,111111111111111111111111111111111111111111@1111111111111111111111111111a1111111111111111111a111111111
13177,harshil,1
13178,harshil,1
13179,harshil,1
13180,harshil,111111111111111111111111111111111111111111@1111111111111111111111111111a1111111111111111111a111111111
13181,harshil,111
13182,harshil,111111111111111111111111111111111111111111@1111111111111111111111111111a1111111111111111111a111111111
13183,harshil,1
13184,harshil,1
13185,harshil,1
13186,harshil,111111111111111111111111111111111111111111@1111111111111111111111111111a1111111111111111111a111111111
13187,harshil,111
13188,harshil,111111111111111111111111111111111111111111@1111111111111111111111111111a1111111111111111111a111111111
13189,harshil,1
13190,harshil,1
13191,harshil,1
13192,harshil,111111111111111111111111111111111111111111@1111111111111111111111111111a1111111111111111111a111111111
13193,harshil,111
13194,harshil,111111111111111111111111111111111111111111@1111111111111111111111111111a1111111111111111111a111111111
13195,harshil,1
13196,harshil,1
13197,harshil,1
13198,harshil,111111111111111111111111111111111111111111@1111111111111111111111111111a1111111111111111111a111111111
13199,harshil,111
13200,harshil,111111111111111111111111111111111111111111@1111111111111111111111111111a1111111111111111111a111111111
13201,harshil,1
13202,harshil,1
13203,harshil,1
13204,harshil,111111111111111111111111111111111111111111@1111111111111111111111111111a1111111111111111111a111111111
13205,harshil,111
13206,harshil,111111111111111111111111111111111111111111@1111111111111111111111111111a1111111111111111111a111111111
13207,harshil,1
13208,harshil,1
13209,harshil,1
13210,harshil,111111111111111111111111111111111111111111@1111111111111111111111111111a1111111111111111111a111111111
13211,harshil,111
13212,harshil,111111111111111111111111111111111111111111@1111111111111111111111111111a1111111111111111111a111111111
13213,harshil,1
13214,harshil,1
13215,harshil,1
13216,harshil,111111111111111111111111111111111111111111@1111111111111111111111111111a1111111111111111111a111111111
13217,harshil,111
13218,harshil,111111111111111111111111111111111111111111@1111111111111111111111111111a1111111111111111111a111111111
13219,harshil,1
13220,harshil,1
13221,harshil,1
13222,harshil,111111111111111111111111111111111111111111@1111111111111111111111111111a1111111111111111111a111111111
13223,harshil,111
13224,harshil,111111111111111111111111111111111111111111@1111111111111111111111111111a1111111111111111111a111111111
13225,harshil,1
13226,harshil,1
13227,harshil,1
13228,harshil,111111111111111111111111111111111111111111@1111111111111111111111111111a1111111111111111111a111111111
13229,harshil,111
13230,harshil,111111111111111111111111111111111111111111@1111111111111111111111111111a1111111111111111111a111111111
13231,harshil,1
13232,harshil,1
13233,harshil,1
13234,harshil,111111111111111111111111111111111111111111@1111111111111111111111111111a1111111111111111111a111111111
13235,harshil,111
13236,harshil,111111111111111111111111111111111111111111@1111111111111111111111111111a1111111111111111111a111111111
13237,harshil,1
13238,harshil,1
13239,harshil,1
13240,harshil,111111111111111111111111111111111111111111@1111111111111111111111111111a1111111111111111111a111111111
13241,harshil,111
13242,harshil,111111111111111111111111111111111111111111@1111111111111111111111111111a1111111111111111111a111111111
13243,harshil,1
13244,harshil,1
13245,harshil,1
13246,harshil,111111111111111111111111111111111111111111@1111111111111111111111111111a1111111111111111111a111111111
13247,harshil,111
13248,harshil,111111111111111111111111111111111111111111@1111111111111111111111111111a1111111111111111111a111111111
13249,harshil,1
13250,harshil,1
13251,harshil,1
13252,harshil,111111111111111111111111111111111111111111@1111111111111111111111111111a1111111111111111111a111111111
13253,harshil,111
13254,harshil,111111111111111111111111111111111111111111@1111111111111111111111111111a1111111111111111111a111111111
13255,harshil,1
13256,harshil,1
13257,harshil,1
13258,harshil,111111111111111111111111111111111111111111@1111111111111111111111111111a1111111111111111111a111111111
13259,harshil,111
13260,harshil,111111111111111111111111111111111111111111@1111111111111111111111111111a1111111111111111111a111111111
13261,harshil,1
13262,harshil,1
13263,harshil,1
13264,harshil,111111111111111111111111111111111111111111@1111111111111111111111111111a1111111111111111111a111111111
13265,harshil,111
13266,harshil,111111111111111111111111111111111111111111@1111111111111111111111111111a1111111111111111111a111111111
13267,harshil,1
13268,harshil,1
13269,harshil,1
13270,harshil,111111111111111111111111111111111111111111@1111111111111111111111111111a1111111111111111111a111111111
13271,harshil,111
13272,harshil,111111111111111111111111111111111111111111@1111111111111111111111111111a1111111111111111111a111111111
13273,harshil,1
13274,harshil,1
13275,harshil,1
13276,harshil,111111111111111111111111111111111111111111@1111111111111111111111111111a1111111111111111111a111111111
13277,harshil,111
13278,harshil,111111111111111111111111111111111111111111@1111111111111111111111111111a1111111111111111111a111111111
13279,harshil,1
13280,harshil,1
13281,harshil,1
13282,harshil,111111111111111111111111111111111111111111@1111111111111111111111111111a1111111111111111111a111111111
13283,harshil,111
13284,harshil,111111111111111111111111111111111111111111@1111111111111111111111111111a1111111111111111111a111111111
13285,harshil,1
13286,harshil,1
13287,harshil,1
13288,harshil,111111111111111111111111111111111111111111@1111111111111111111111111111a1111111111111111111a111111111
13289,harshil,111
13290,harshil,111111111111111111111111111111111111111111@1111111111111111111111111111a1111111111111111111a111111111
13291,harshil,1
13292,harshil,1
13293,harshil,1
13294,harshil,111111111111111111111111111111111111111111@1111111111111111111111111111a1111111111111111111a111111111
13295,harshil,111
13296,harshil,111111111111111111111111111111111111111111@1111111111111111111111111111a1111111111111111111a111111111
13297,harshil,1
13298,harshil,1
13299,harshil,1
13300,harshil,111111111111111111111111111111111111111111@1111111111111111111111111111a1111111111111111111a111111111
13301,harshil,111
13302,harshil,111111111111111111111111111111111111111111@1111111111111111111111111111a1111111111111111111a111111111
13303,harshil,1
13304,harshil,1
13305,harshil,1
13306,harshil,111111111111111111111111111111111111111111@1111111111111111111111111111a1111111111111111111a111111111
13307,harshil,111
13308,harshil,111111111111111111111111111111111111111111@1111111111111111111111111111a1111111111111111111a111111111
13309,harshil,1
13310,harshil,1
13311,harshil,1
13312,harshil,111111111111111111111111111111111111111111@1111111111111111111111111111a1111111111111111111a111111111
13313,harshil,111
13314,harshil,111111111111111111111111111111111111111111@1111111111111111111111111111a1111111111111111111a111111111
13315,harshil,1
13316,harshil,1
13317,harshil,1
13318,harshil,111111111111111111111111111111111111111111@1111111111111111111111111111a1111111111111111111a111111111
13319,harshil,111
13320,harshil,111111111111111111111111111111111111111111@1111111111111111111111111111a1111111111111111111a111111111
13321,harshil,1
13322,harshil,1
13323,harshil,1
13324,harshil,111111111111111111111111111111111111111111@1111111111111111111111111111a1111111111111111111a111111111
13325,harshil,111
13326,harshil,111111111111111111111111111111111111111111@1111111111111111111111111111a1111111111111111111a111111111
13327,harshil,1
13328,harshil,1
13329,harshil,1
13330,harshil,111111111111111111111111111111111111111111@1111111111111111111111111111a1111111111111111111a111111111
13331,harshil,111
13332,harshil,111111111111111111111111111111111111111111@1111111111111111111111111111a1111111111111111111a111111111
13333,harshil,1
13334,harshil,1
13335,harshil,1
13336,harshil,111111111111111111111111111111111111111111@1111111111111111111111111111a1111111111111111111a111111111
13337,harshil,111
13338,harshil,111111111111111111111111111111111111111111@1111111111111111111111111111a1111111111111111111a111111111
13339,harshil,1
13340,harshil,1
13341,harshil,1
13342,harshil,111111111111111111111111111111111111111111@1111111111111111111111111111a1111111111111111111a111111111
13343,harshil,111
13344,harshil,111111111111111111111111111111111111111111@1111111111111111111111111111a1111111111111111111a111111111
13345,harshil,1
13346,harshil,1
13347,harshil,1
13348,harshil,111111111111111111111111111111111111111111@1111111111111111111111111111a1111111111111111111a111111111
13349,harshil,111
13350,harshil,111111111111111111111111111111111111111111@1111111111111111111111111111a1111111111111111111a111111111
13351,harshil,1
13352,harshil,1
13353,harshil,1
13354,harshil,111111111111111111111111111111111111111111@1111111111111111111111111111a1111111111111111111a111111111
13355,harshil,111
13356,harshil,111111111111111111111111111111111111111111@1111111111111111111111111111a1111111111111111111a111111111
13357,harshil,1
13358,harshil,1
13359,harshil,1
13360,harshil,111111111111111111111111111111111111111111@1111111111111111111111111111a1111111111111111111a111111111
13361,harshil,111
13362,harshil,111111111111111111111111111111111111111111@1111111111111111111111111111a1111111111111111111a111111111
13363,harshil,1
13364,harshil,1
13365,harshil,1
13366,harshil,111111111111111111111111111111111111111111@1111111111111111111111111111a1111111111111111111a111111111
13367,harshil,111
13368,harshil,111111111111111111111111111111111111111111@1111111111111111111111111111a1111111111111111111a111111111
13369,harshil,1
13370,harshil,1
13371,harshil,1
13372,harshil,111111111111111111111111111111111111111111@1111111111111111111111111111a1111111111111111111a111111111
13373,harshil,111
13374,harshil,111111111111111111111111111111111111111111@1111111111111111111111111111a1111111111111111111a111111111
13375,harshil,1
13376,harshil,1
13377,harshil,1
13378,harshil,111111111111111111111111111111111111111111@1111111111111111111111111111a1111111111111111111a111111111
13379,harshil,111
13380,harshil,111111111111111111111111111111111111111111@1111111111111111111111111111a1111111111111111111a111111111
13381,harshil,1
13382,harshil,1
13383,harshil,1
13384,harshil,111111111111111111111111111111111111111111@1111111111111111111111111111a1111111111111111111a111111111
13385,harshil,111
13386,harshil,111111111111111111111111111111111111111111@1111111111111111111111111111a1111111111111111111a111111111
13387,harshil,1
13388,harshil,1
13389,harshil,1
13390,harshil,111111111111111111111111111111111111111111@1111111111111111111111111111a1111111111111111111a111111111
13391,harshil,111
13392,harshil,111111111111111111111111111111111111111111@1111111111111111111111111111a1111111111111111111a111111111
13393,harshil,1
13394,harshil,1
13395,harshil,1
13396,harshil,111111111111111111111111111111111111111111@1111111111111111111111111111a1111111111111111111a111111111
13397,harshil,111
13398,harshil,111111111111111111111111111111111111111111@1111111111111111111111111111a1111111111111111111a111111111
13399,harshil,1
13400,harshil,1
13401,harshil,1
13402,harshil,111111111111111111111111111111111111111111@1111111111111111111111111111a1111111111111111111a111111111
13403,harshil,111
13404,harshil,111111111111111111111111111111111111111111@1111111111111111111111111111a1111111111111111111a111111111
13405,harshil,1
13406,harshil,1
13407,harshil,1
13408,harshil,111111111111111111111111111111111111111111@1111111111111111111111111111a1111111111111111111a111111111
13409,harshil,111
13410,harshil,111111111111111111111111111111111111111111@1111111111111111111111111111a1111111111111111111a111111111
13411,harshil,1
13412,harshil,1
13413,harshil,1
13414,harshil,111111111111111111111111111111111111111111@1111111111111111111111111111a1111111111111111111a111111111
13415,harshil,111
13416,harshil,111111111111111111111111111111111111111111@1111111111111111111111111111a1111111111111111111a111111111
13417,harshil,1
13418,harshil,1
13419,harshil,1
13420,harshil,111111111111111111111111111111111111111111@1111111111111111111111111111a1111111111111111111a111111111
13421,harshil,111
13422,harshil,111111111111111111111111111111111111111111@1111111111111111111111111111a1111111111111111111a111111111
13423,harshil,1
13424,harshil,1
13425,harshil,1
13426,harshil,111111111111111111111111111111111111111111@1111111111111111111111111111a1111111111111111111a111111111
13427,harshil,111
13428,harshil,111111111111111111111111111111111111111111@1111111111111111111111111111a1111111111111111111a111111111
13429,harshil,1
13430,harshil,1
13431,harshil,1
13432,harshil,111111111111111111111111111111111111111111@1111111111111111111111111111a1111111111111111111a111111111
13433,harshil,111
13434,harshil,111111111111111111111111111111111111111111@1111111111111111111111111111a1111111111111111111a111111111
13435,harshil,1
13436,harshil,1
13437,harshil,1
13438,harshil,111111111111111111111111111111111111111111@1111111111111111111111111111a1111111111111111111a111111111
13439,harshil,111
13440,harshil,111111111111111111111111111111111111111111@1111111111111111111111111111a1111111111111111111a111111111
13441,harshil,1
13442,harshil,1
13443,harshil,1
13444,harshil,111111111111111111111111111111111111111111@1111111111111111111111111111a1111111111111111111a111111111
13445,harshil,111
13446,harshil,111111111111111111111111111111111111111111@1111111111111111111111111111a1111111111111111111a111111111
13447,harshil,1
13448,harshil,1
13449,harshil,1
13450,harshil,111111111111111111111111111111111111111111@1111111111111111111111111111a1111111111111111111a111111111
13451,harshil,111
13452,harshil,111111111111111111111111111111111111111111@1111111111111111111111111111a1111111111111111111a111111111
13453,harshil,1
13454,harshil,1
13455,harshil,1
13456,harshil,111111111111111111111111111111111111111111@1111111111111111111111111111a1111111111111111111a111111111
13457,harshil,111
13458,harshil,111111111111111111111111111111111111111111@1111111111111111111111111111a1111111111111111111a111111111
13459,harshil,1
13460,harshil,1
13461,harshil,1
13462,harshil,111111111111111111111111111111111111111111@1111111111111111111111111111a1111111111111111111a111111111
13463,harshil,111
13464,harshil,111111111111111111111111111111111111111111@1111111111111111111111111111a1111111111111111111a111111111
13465,harshil,1
13466,harshil,1
13467,harshil,1
13468,harshil,111111111111111111111111111111111111111111@1111111111111111111111111111a1111111111111111111a111111111
13469,harshil,111
13470,harshil,111111111111111111111111111111111111111111@1111111111111111111111111111a1111111111111111111a111111111
13471,harshil,1
13472,harshil,1
13473,harshil,1
13474,harshil,111111111111111111111111111111111111111111@1111111111111111111111111111a1111111111111111111a111111111
13475,harshil,111
13476,harshil,111111111111111111111111111111111111111111@1111111111111111111111111111a1111111111111111111a111111111
13477,harshil,1
13478,harshil,1
13479,harshil,1
13480,harshil,111111111111111111111111111111111111111111@1111111111111111111111111111a1111111111111111111a111111111
13481,harshil,111
13482,harshil,111111111111111111111111111111111111111111@1111111111111111111111111111a1111111111111111111a111111111
13483,harshil,1
13484,harshil,1
13485,harshil,1
13486,harshil,111111111111111111111111111111111111111111@1111111111111111111111111111a1111111111111111111a111111111
13487,harshil,111
13488,harshil,111111111111111111111111111111111111111111@1111111111111111111111111111a1111111111111111111a111111111
13489,harshil,1
13490,harshil,1
13491,harshil,1
13492,harshil,111111111111111111111111111111111111111111@1111111111111111111111111111a1111111111111111111a111111111
13493,harshil,111
13494,harshil,111111111111111111111111111111111111111111@1111111111111111111111111111a1111111111111111111a111111111
13495,harshil,1
13496,harshil,1
13497,harshil,1
13498,harshil,111111111111111111111111111111111111111111@1111111111111111111111111111a1111111111111111111a111111111
13499,harshil,111
13500,harshil,111111111111111111111111111111111111111111@1111111111111111111111111111a1111111111111111111a111111111
13501,harshil,1
13502,harshil,1
13503,harshil,1
13504,harshil,111111111111111111111111111111111111111111@1111111111111111111111111111a1111111111111111111a111111111
13505,harshil,111
13506,harshil,111111111111111111111111111111111111111111@1111111111111111111111111111a1111111111111111111a111111111
13507,harshil,1
13508,harshil,1
13509,harshil,1
13510,harshil,111111111111111111111111111111111111111111@1111111111111111111111111111a1111111111111111111a111111111
13511,harshil,111
13512,harshil,111111111111111111111111111111111111111111@1111111111111111111111111111a1111111111111111111a111111111
13513,harshil,1
13514,harshil,1
13515,harshil,1
13516,harshil,111111111111111111111111111111111111111111@1111111111111111111111111111a1111111111111111111a111111111
13517,harshil,111
13518,harshil,111111111111111111111111111111111111111111@1111111111111111111111111111a1111111111111111111a111111111
13519,harshil,1
13520,harshil,1
13521,harshil,1
13522,harshil,111111111111111111111111111111111111111111@1111111111111111111111111111a1111111111111111111a111111111
13523,harshil,111
13524,harshil,111111111111111111111111111111111111111111@1111111111111111111111111111a1111111111111111111a111111111
13525,harshil,1
13526,harshil,1
13527,harshil,1
13528,harshil,111111111111111111111111111111111111111111@1111111111111111111111111111a1111111111111111111a111111111
13529,harshil,111
13530,harshil,111111111111111111111111111111111111111111@1111111111111111111111111111a1111111111111111111a111111111
13531,harshil,1
13532,harshil,1
13533,harshil,1
13534,harshil,111111111111111111111111111111111111111111@1111111111111111111111111111a1111111111111111111a111111111
13535,harshil,111
13536,harshil,111111111111111111111111111111111111111111@1111111111111111111111111111a1111111111111111111a111111111
13537,harshil,1
13538,harshil,1
13539,harshil,1
13540,harshil,111111111111111111111111111111111111111111@1111111111111111111111111111a1111111111111111111a111111111
13541,harshil,111
13542,harshil,111111111111111111111111111111111111111111@1111111111111111111111111111a1111111111111111111a111111111
13543,harshil,1
13544,harshil,1
13545,harshil,1
13546,harshil,111111111111111111111111111111111111111111@1111111111111111111111111111a1111111111111111111a111111111
13547,harshil,111
13548,harshil,111111111111111111111111111111111111111111@1111111111111111111111111111a1111111111111111111a111111111
13549,harshil,1
13550,harshil,1
13551,harshil,1
13552,harshil,111111111111111111111111111111111111111111@1111111111111111111111111111a1111111111111111111a111111111
13553,harshil,111
13554,harshil,111111111111111111111111111111111111111111@1111111111111111111111111111a1111111111111111111a111111111
13555,harshil,1
13556,harshil,1
13557,harshil,1
13558,harshil,111111111111111111111111111111111111111111@1111111111111111111111111111a1111111111111111111a111111111
13559,harshil,111
13560,harshil,111111111111111111111111111111111111111111@1111111111111111111111111111a1111111111111111111a111111111
13561,harshil,1
13562,harshil,1
13563,harshil,1
13564,harshil,111111111111111111111111111111111111111111@1111111111111111111111111111a1111111111111111111a111111111
13565,harshil,111
13566,harshil,111111111111111111111111111111111111111111@1111111111111111111111111111a1111111111111111111a111111111
13567,harshil,1
13568,harshil,1
13569,harshil,1
13570,harshil,111111111111111111111111111111111111111111@1111111111111111111111111111a1111111111111111111a111111111
13571,harshil,111
13572,harshil,111111111111111111111111111111111111111111@1111111111111111111111111111a1111111111111111111a111111111
13573,harshil,1
13574,harshil,1
13575,harshil,1
13576,harshil,111111111111111111111111111111111111111111@1111111111111111111111111111a1111111111111111111a111111111
13577,harshil,111
13578,harshil,111111111111111111111111111111111111111111@1111111111111111111111111111a1111111111111111111a111111111
13579,harshil,1
13580,harshil,1
13581,harshil,1
13582,harshil,111111111111111111111111111111111111111111@1111111111111111111111111111a1111111111111111111a111111111
13583,harshil,111
13584,harshil,111111111111111111111111111111111111111111@1111111111111111111111111111a1111111111111111111a111111111
13585,harshil,1
13586,harshil,1
13587,harshil,1
13588,harshil,111111111111111111111111111111111111111111@1111111111111111111111111111a1111111111111111111a111111111
13589,harshil,111
13590,harshil,111111111111111111111111111111111111111111@1111111111111111111111111111a1111111111111111111a111111111
13591,harshil,1
13592,harshil,1
13593,harshil,1
13594,harshil,111111111111111111111111111111111111111111@1111111111111111111111111111a1111111111111111111a111111111
13595,harshil,111
13596,harshil,111111111111111111111111111111111111111111@1111111111111111111111111111a1111111111111111111a111111111
13597,harshil,1
13598,harshil,1
13599,harshil,1
13600,harshil,111111111111111111111111111111111111111111@1111111111111111111111111111a1111111111111111111a111111111
13601,harshil,111
13602,harshil,111111111111111111111111111111111111111111@1111111111111111111111111111a1111111111111111111a111111111
13603,harshil,1
13604,harshil,1
13605,harshil,1
13606,harshil,111111111111111111111111111111111111111111@1111111111111111111111111111a1111111111111111111a111111111
13607,harshil,111
13608,harshil,111111111111111111111111111111111111111111@1111111111111111111111111111a1111111111111111111a111111111
13609,harshil,1
13610,harshil,1
13611,harshil,1
13612,harshil,111111111111111111111111111111111111111111@1111111111111111111111111111a1111111111111111111a111111111
13613,harshil,111
13614,harshil,111111111111111111111111111111111111111111@1111111111111111111111111111a1111111111111111111a111111111
13615,harshil,1
13616,harshil,1
13617,harshil,1
13618,harshil,111111111111111111111111111111111111111111@1111111111111111111111111111a1111111111111111111a111111111
13619,harshil,111
13620,harshil,111111111111111111111111111111111111111111@1111111111111111111111111111a1111111111111111111a111111111
13621,harshil,1
13622,harshil,1
13623,harshil,1
13624,harshil,111111111111111111111111111111111111111111@1111111111111111111111111111a1111111111111111111a111111111
13625,harshil,111
13626,harshil,111111111111111111111111111111111111111111@1111111111111111111111111111a1111111111111111111a111111111
13627,harshil,1
13628,harshil,1
13629,harshil,1
13630,harshil,111111111111111111111111111111111111111111@1111111111111111111111111111a1111111111111111111a111111111
13631,harshil,111
13632,harshil,111111111111111111111111111111111111111111@1111111111111111111111111111a1111111111111111111a111111111
13633,harshil,1
13634,harshil,1
13635,harshil,1
13636,harshil,111111111111111111111111111111111111111111@1111111111111111111111111111a1111111111111111111a111111111
13637,harshil,111
13638,harshil,111111111111111111111111111111111111111111@1111111111111111111111111111a1111111111111111111a111111111
13639,harshil,1
13640,harshil,1
13641,harshil,1
13642,harshil,111111111111111111111111111111111111111111@1111111111111111111111111111a1111111111111111111a111111111
13643,harshil,111
13644,harshil,111111111111111111111111111111111111111111@1111111111111111111111111111a1111111111111111111a111111111
13645,harshil,1
13646,harshil,1
13647,harshil,1
13648,harshil,111111111111111111111111111111111111111111@1111111111111111111111111111a1111111111111111111a111111111
13649,harshil,111
13650,harshil,111111111111111111111111111111111111111111@1111111111111111111111111111a1111111111111111111a111111111
13651,harshil,1
13652,harshil,1
13653,harshil,1
13654,harshil,111111111111111111111111111111111111111111@1111111111111111111111111111a1111111111111111111a111111111
13655,harshil,111
13656,harshil,111111111111111111111111111111111111111111@1111111111111111111111111111a1111111111111111111a111111111
13657,harshil,1
13658,harshil,1
13659,harshil,1
13660,harshil,111111111111111111111111111111111111111111@1111111111111111111111111111a1111111111111111111a111111111
13661,harshil,111
13662,harshil,111111111111111111111111111111111111111111@1111111111111111111111111111a1111111111111111111a111111111
13663,harshil,1
13664,harshil,1
13665,harshil,1
13666,harshil,111111111111111111111111111111111111111111@1111111111111111111111111111a1111111111111111111a111111111
13667,harshil,111
13668,harshil,111111111111111111111111111111111111111111@1111111111111111111111111111a1111111111111111111a111111111
13669,harshil,1
13670,harshil,1
13671,harshil,1
13672,harshil,111111111111111111111111111111111111111111@1111111111111111111111111111a1111111111111111111a111111111
13673,harshil,111
13674,harshil,111111111111111111111111111111111111111111@1111111111111111111111111111a1111111111111111111a111111111
13675,harshil,1
13676,harshil,1
13677,harshil,1
13678,harshil,111111111111111111111111111111111111111111@1111111111111111111111111111a1111111111111111111a111111111
13679,harshil,111
13680,harshil,111111111111111111111111111111111111111111@1111111111111111111111111111a1111111111111111111a111111111
13681,harshil,1
13682,harshil,1
13683,harshil,1
13684,harshil,111111111111111111111111111111111111111111@1111111111111111111111111111a1111111111111111111a111111111
13685,harshil,111
13686,harshil,111111111111111111111111111111111111111111@1111111111111111111111111111a1111111111111111111a111111111
13687,harshil,1
13688,harshil,1
13689,harshil,1
13690,harshil,111111111111111111111111111111111111111111@1111111111111111111111111111a1111111111111111111a111111111
13691,harshil,111
13692,harshil,111111111111111111111111111111111111111111@1111111111111111111111111111a1111111111111111111a111111111
13693,harshil,1
13694,harshil,1
13695,harshil,1
13696,harshil,111111111111111111111111111111111111111111@1111111111111111111111111111a1111111111111111111a111111111
13697,harshil,111
13698,harshil,111111111111111111111111111111111111111111@1111111111111111111111111111a1111111111111111111a111111111
13699,harshil,1
13700,harshil,1
13701,harshil,1
13702,harshil,111111111111111111111111111111111111111111@1111111111111111111111111111a1111111111111111111a111111111
13703,harshil,111
13704,harshil,111111111111111111111111111111111111111111@1111111111111111111111111111a1111111111111111111a111111111
13705,harshil,1
13706,harshil,1
13707,harshil,1
13708,harshil,111111111111111111111111111111111111111111@1111111111111111111111111111a1111111111111111111a111111111
13709,harshil,111
13710,harshil,111111111111111111111111111111111111111111@1111111111111111111111111111a1111111111111111111a111111111
13711,harshil,1
13712,harshil,1
13713,harshil,1
13714,harshil,111111111111111111111111111111111111111111@1111111111111111111111111111a1111111111111111111a111111111
13715,harshil,111
13716,harshil,111111111111111111111111111111111111111111@1111111111111111111111111111a1111111111111111111a111111111
13717,harshil,1
13718,harshil,1
13719,harshil,1
13720,harshil,111111111111111111111111111111111111111111@1111111111111111111111111111a1111111111111111111a111111111
13721,harshil,111
13722,harshil,111111111111111111111111111111111111111111@1111111111111111111111111111a1111111111111111111a111111111
13723,harshil,1
13724,harshil,1
13725,harshil,1
13726,harshil,111111111111111111111111111111111111111111@1111111111111111111111111111a1111111111111111111a111111111
13727,harshil,111
13728,harshil,111111111111111111111111111111111111111111@1111111111111111111111111111a1111111111111111111a111111111
13729,harshil,1
13730,harshil,1
13731,harshil,1
13732,harshil,111111111111111111111111111111111111111111@1111111111111111111111111111a1111111111111111111a111111111
13733,harshil,111
13734,harshil,111111111111111111111111111111111111111111@1111111111111111111111111111a1111111111111111111a111111111
13735,harshil,1
13736,harshil,1
13737,harshil,1
13738,harshil,111111111111111111111111111111111111111111@1111111111111111111111111111a1111111111111111111a111111111
13739,harshil,111
13740,harshil,111111111111111111111111111111111111111111@1111111111111111111111111111a1111111111111111111a111111111
13741,harshil,1
13742,harshil,1
13743,harshil,1
13744,harshil,111111111111111111111111111111111111111111@1111111111111111111111111111a1111111111111111111a111111111
13745,harshil,111
13746,harshil,111111111111111111111111111111111111111111@1111111111111111111111111111a1111111111111111111a111111111
13747,harshil,1
13748,harshil,1
13749,harshil,1
13750,harshil,111111111111111111111111111111111111111111@1111111111111111111111111111a1111111111111111111a111111111
13751,harshil,111
13752,harshil,111111111111111111111111111111111111111111@1111111111111111111111111111a1111111111111111111a111111111
13753,harshil,1
13754,harshil,1
13755,harshil,1
13756,harshil,111111111111111111111111111111111111111111@1111111111111111111111111111a1111111111111111111a111111111
13757,harshil,111
13758,harshil,111111111111111111111111111111111111111111@1111111111111111111111111111a1111111111111111111a111111111
13759,harshil,1
13760,harshil,1
13761,harshil,1
13762,harshil,111111111111111111111111111111111111111111@1111111111111111111111111111a1111111111111111111a111111111
13763,harshil,111
13764,harshil,111111111111111111111111111111111111111111@1111111111111111111111111111a1111111111111111111a111111111
13765,harshil,1
13766,harshil,1
13767,harshil,1
13768,harshil,111111111111111111111111111111111111111111@1111111111111111111111111111a1111111111111111111a111111111
13769,harshil,111
13770,harshil,111111111111111111111111111111111111111111@1111111111111111111111111111a1111111111111111111a111111111
13771,harshil,1
13772,harshil,1
13773,harshil,1
13774,harshil,111111111111111111111111111111111111111111@1111111111111111111111111111a1111111111111111111a111111111
13775,harshil,111
13776,harshil,111111111111111111111111111111111111111111@1111111111111111111111111111a1111111111111111111a111111111
13777,harshil,1
13778,harshil,1
13779,harshil,1
13780,harshil,111111111111111111111111111111111111111111@1111111111111111111111111111a1111111111111111111a111111111
13781,harshil,111
13782,harshil,111111111111111111111111111111111111111111@1111111111111111111111111111a1111111111111111111a111111111
13783,harshil,1
13784,harshil,1
13785,harshil,1
13786,harshil,111111111111111111111111111111111111111111@1111111111111111111111111111a1111111111111111111a111111111
13787,harshil,111
13788,harshil,111111111111111111111111111111111111111111@1111111111111111111111111111a1111111111111111111a111111111
13789,harshil,1
13790,harshil,1
13791,harshil,1
13792,harshil,111111111111111111111111111111111111111111@1111111111111111111111111111a1111111111111111111a111111111
13793,harshil,111
13794,harshil,111111111111111111111111111111111111111111@1111111111111111111111111111a1111111111111111111a111111111
13795,harshil,1
13796,harshil,1
13797,harshil,1
13798,harshil,111111111111111111111111111111111111111111@1111111111111111111111111111a1111111111111111111a111111111
13799,harshil,111
13800,harshil,111111111111111111111111111111111111111111@1111111111111111111111111111a1111111111111111111a111111111
13801,harshil,1
13802,harshil,1
13803,harshil,1
13804,harshil,111111111111111111111111111111111111111111@1111111111111111111111111111a1111111111111111111a111111111
13805,harshil,111
13806,harshil,111111111111111111111111111111111111111111@1111111111111111111111111111a1111111111111111111a111111111
13807,harshil,1
13808,harshil,1
13809,harshil,1
13810,harshil,111111111111111111111111111111111111111111@1111111111111111111111111111a1111111111111111111a111111111
13811,harshil,111
13812,harshil,111111111111111111111111111111111111111111@1111111111111111111111111111a1111111111111111111a111111111
13813,harshil,1
13814,harshil,1
13815,harshil,1
13816,harshil,111111111111111111111111111111111111111111@1111111111111111111111111111a1111111111111111111a111111111
13817,harshil,111
13818,harshil,111111111111111111111111111111111111111111@1111111111111111111111111111a1111111111111111111a111111111
13819,harshil,1
13820,harshil,1
13821,harshil,1
13822,harshil,111111111111111111111111111111111111111111@1111111111111111111111111111a1111111111111111111a111111111
13823,harshil,111
13824,harshil,111111111111111111111111111111111111111111@1111111111111111111111111111a1111111111111111111a111111111
13825,harshil,1
13826,harshil,1
13827,harshil,1
13828,harshil,111111111111111111111111111111111111111111@1111111111111111111111111111a1111111111111111111a111111111
13829,harshil,111
13830,harshil,111111111111111111111111111111111111111111@1111111111111111111111111111a1111111111111111111a111111111
13831,harshil,1
13832,harshil,1
13833,harshil,1
13834,harshil,111111111111111111111111111111111111111111@1111111111111111111111111111a1111111111111111111a111111111
13835,harshil,111
13836,harshil,111111111111111111111111111111111111111111@1111111111111111111111111111a1111111111111111111a111111111
13837,harshil,1
13838,harshil,1
13839,harshil,1
13840,harshil,111111111111111111111111111111111111111111@1111111111111111111111111111a1111111111111111111a111111111
13841,harshil,111
13842,harshil,111111111111111111111111111111111111111111@1111111111111111111111111111a1111111111111111111a111111111
13843,harshil,1
13844,harshil,1
13845,harshil,1
13846,harshil,111111111111111111111111111111111111111111@1111111111111111111111111111a1111111111111111111a111111111
13847,harshil,111
13848,harshil,111111111111111111111111111111111111111111@1111111111111111111111111111a1111111111111111111a111111111
13849,harshil,1
13850,harshil,1
13851,harshil,1
13852,harshil,111111111111111111111111111111111111111111@1111111111111111111111111111a1111111111111111111a111111111
13853,harshil,111
13854,harshil,111111111111111111111111111111111111111111@1111111111111111111111111111a1111111111111111111a111111111
13855,harshil,1
13856,harshil,1
13857,harshil,1
13858,harshil,111111111111111111111111111111111111111111@1111111111111111111111111111a1111111111111111111a111111111
13859,harshil,111
13860,harshil,111111111111111111111111111111111111111111@1111111111111111111111111111a1111111111111111111a111111111
13861,harshil,1
13862,harshil,1
13863,harshil,1
13864,harshil,111111111111111111111111111111111111111111@1111111111111111111111111111a1111111111111111111a111111111
13865,harshil,111
13866,harshil,111111111111111111111111111111111111111111@1111111111111111111111111111a1111111111111111111a111111111
13867,harshil,1
13868,harshil,1
13869,harshil,1
13870,harshil,111111111111111111111111111111111111111111@1111111111111111111111111111a1111111111111111111a111111111
13871,harshil,111
13872,harshil,111111111111111111111111111111111111111111@1111111111111111111111111111a1111111111111111111a111111111
13873,harshil,1
13874,harshil,1
13875,harshil,1
13876,harshil,111111111111111111111111111111111111111111@1111111111111111111111111111a1111111111111111111a111111111
13877,harshil,111
13878,harshil,111111111111111111111111111111111111111111@1111111111111111111111111111a1111111111111111111a111111111
13879,harshil,1
13880,harshil,1
13881,harshil,1
13882,harshil,111111111111111111111111111111111111111111@1111111111111111111111111111a1111111111111111111a111111111
13883,harshil,111
13884,harshil,111111111111111111111111111111111111111111@1111111111111111111111111111a1111111111111111111a111111111
13885,harshil,1
13886,harshil,1
13887,harshil,1
13888,harshil,111111111111111111111111111111111111111111@1111111111111111111111111111a1111111111111111111a111111111
13889,harshil,111
13890,harshil,111111111111111111111111111111111111111111@1111111111111111111111111111a1111111111111111111a111111111
13891,harshil,1
13892,harshil,1
13893,harshil,1
13894,harshil,111111111111111111111111111111111111111111@1111111111111111111111111111a1111111111111111111a111111111
13895,harshil,111
13896,harshil,111111111111111111111111111111111111111111@1111111111111111111111111111a1111111111111111111a111111111
13897,harshil,1
13898,harshil,1
13899,harshil,1
13900,harshil,111111111111111111111111111111111111111111@1111111111111111111111111111a1111111111111111111a111111111
13901,harshil,111
13902,harshil,111111111111111111111111111111111111111111@1111111111111111111111111111a1111111111111111111a111111111
13903,harshil,1
13904,harshil,1
13905,harshil,1
13906,harshil,111111111111111111111111111111111111111111@1111111111111111111111111111a1111111111111111111a111111111
13907,harshil,111
13908,harshil,111111111111111111111111111111111111111111@1111111111111111111111111111a1111111111111111111a111111111
13909,harshil,1
13910,harshil,1
13911,harshil,1
13912,harshil,111111111111111111111111111111111111111111@1111111111111111111111111111a1111111111111111111a111111111
13913,harshil,111
13914,harshil,111111111111111111111111111111111111111111@1111111111111111111111111111a1111111111111111111a111111111
13915,harshil,1
13916,harshil,1
13917,harshil,1
13918,harshil,111111111111111111111111111111111111111111@1111111111111111111111111111a1111111111111111111a111111111
13919,harshil,111
13920,harshil,111111111111111111111111111111111111111111@1111111111111111111111111111a1111111111111111111a111111111
13921,harshil,1
13922,harshil,1
13923,harshil,1
13924,harshil,111111111111111111111111111111111111111111@1111111111111111111111111111a1111111111111111111a111111111
13925,harshil,111
13926,harshil,111111111111111111111111111111111111111111@1111111111111111111111111111a1111111111111111111a111111111
13927,harshil,1
13928,harshil,1
13929,harshil,1
13930,harshil,111111111111111111111111111111111111111111@1111111111111111111111111111a1111111111111111111a111111111
13931,harshil,111
13932,harshil,111111111111111111111111111111111111111111@1111111111111111111111111111a1111111111111111111a111111111
13933,harshil,1
13934,harshil,1
13935,harshil,1
13936,harshil,111111111111111111111111111111111111111111@1111111111111111111111111111a1111111111111111111a111111111
13937,harshil,111
13938,harshil,111111111111111111111111111111111111111111@1111111111111111111111111111a1111111111111111111a111111111
13939,harshil,1
13940,harshil,1
13941,harshil,1
13942,harshil,111111111111111111111111111111111111111111@1111111111111111111111111111a1111111111111111111a111111111
13943,harshil,111
13944,harshil,111111111111111111111111111111111111111111@1111111111111111111111111111a1111111111111111111a111111111
13945,harshil,1
13946,harshil,1
13947,harshil,1
13948,harshil,111111111111111111111111111111111111111111@1111111111111111111111111111a1111111111111111111a111111111
13949,harshil,111
13950,harshil,111111111111111111111111111111111111111111@1111111111111111111111111111a1111111111111111111a111111111
13951,harshil,1
13952,harshil,1
13953,harshil,1
13954,harshil,111111111111111111111111111111111111111111@1111111111111111111111111111a1111111111111111111a111111111
13955,harshil,111
13956,harshil,111111111111111111111111111111111111111111@1111111111111111111111111111a1111111111111111111a111111111
13957,harshil,1
13958,harshil,1
13959,harshil,1
13960,harshil,111111111111111111111111111111111111111111@1111111111111111111111111111a1111111111111111111a111111111
13961,harshil,111
13962,harshil,111111111111111111111111111111111111111111@1111111111111111111111111111a1111111111111111111a111111111
13963,harshil,1
13964,harshil,1
13965,harshil,1
13966,harshil,111111111111111111111111111111111111111111@1111111111111111111111111111a1111111111111111111a111111111
13967,harshil,111
13968,harshil,111111111111111111111111111111111111111111@1111111111111111111111111111a1111111111111111111a111111111
13969,harshil,1
13970,harshil,1
13971,harshil,1
13972,harshil,111111111111111111111111111111111111111111@1111111111111111111111111111a1111111111111111111a111111111
13973,harshil,111
13974,harshil,111111111111111111111111111111111111111111@1111111111111111111111111111a1111111111111111111a111111111
13975,harshil,1
13976,harshil,1
13977,harshil,1
13978,harshil,111111111111111111111111111111111111111111@1111111111111111111111111111a1111111111111111111a111111111
13979,harshil,111
13980,harshil,111111111111111111111111111111111111111111@1111111111111111111111111111a1111111111111111111a111111111
13981,harshil,1
13982,harshil,1
13983,harshil,1
13984,harshil,111111111111111111111111111111111111111111@1111111111111111111111111111a1111111111111111111a111111111
13985,harshil,111
13986,harshil,111111111111111111111111111111111111111111@1111111111111111111111111111a1111111111111111111a111111111
13987,harshil,1
13988,harshil,1
13989,harshil,1
13990,harshil,111111111111111111111111111111111111111111@1111111111111111111111111111a1111111111111111111a111111111
13991,harshil,111
13992,harshil,111111111111111111111111111111111111111111@1111111111111111111111111111a1111111111111111111a111111111
13993,harshil,1
13994,harshil,1
13995,harshil,1
13996,harshil,111111111111111111111111111111111111111111@1111111111111111111111111111a1111111111111111111a111111111
13997,harshil,111
13998,harshil,111111111111111111111111111111111111111111@1111111111111111111111111111a1111111111111111111a111111111
13999,harshil,1
14000,harshil,1
14001,harshil,1
14002,harshil,111111111111111111111111111111111111111111@1111111111111111111111111111a1111111111111111111a111111111
14003,harshil,111
14004,harshil,111111111111111111111111111111111111111111@1111111111111111111111111111a1111111111111111111a111111111
14005,harshil,1
14006,harshil,1
14007,harshil,1
14008,harshil,111111111111111111111111111111111111111111@1111111111111111111111111111a1111111111111111111a111111111
14009,harshil,111
14010,harshil,111111111111111111111111111111111111111111@1111111111111111111111111111a1111111111111111111a111111111
14011,harshil,1
14012,harshil,1
14013,harshil,1
14014,harshil,111111111111111111111111111111111111111111@1111111111111111111111111111a1111111111111111111a111111111
14015,harshil,111
14016,harshil,111111111111111111111111111111111111111111@1111111111111111111111111111a1111111111111111111a111111111
14017,harshil,1
14018,harshil,1
14019,harshil,1
14020,harshil,111111111111111111111111111111111111111111@1111111111111111111111111111a1111111111111111111a111111111
14021,harshil,111
14022,harshil,111111111111111111111111111111111111111111@1111111111111111111111111111a1111111111111111111a111111111
14023,harshil,1
14024,harshil,1
14025,harshil,1
14026,harshil,111111111111111111111111111111111111111111@1111111111111111111111111111a1111111111111111111a111111111
14027,harshil,111
14028,harshil,111111111111111111111111111111111111111111@1111111111111111111111111111a1111111111111111111a111111111
14029,harshil,1
14030,harshil,1
14031,harshil,1
14032,harshil,111111111111111111111111111111111111111111@1111111111111111111111111111a1111111111111111111a111111111
14033,harshil,111
14034,harshil,111111111111111111111111111111111111111111@1111111111111111111111111111a1111111111111111111a111111111
14035,harshil,1
14036,harshil,1
14037,harshil,1
14038,harshil,111111111111111111111111111111111111111111@1111111111111111111111111111a1111111111111111111a111111111
14039,harshil,111
14040,harshil,111111111111111111111111111111111111111111@1111111111111111111111111111a1111111111111111111a111111111
14041,harshil,1
14042,harshil,1
14043,harshil,1
14044,harshil,111111111111111111111111111111111111111111@1111111111111111111111111111a1111111111111111111a111111111
14045,harshil,111
14046,harshil,111111111111111111111111111111111111111111@1111111111111111111111111111a1111111111111111111a111111111
14047,harshil,1
14048,harshil,1
14049,harshil,1
14050,harshil,111111111111111111111111111111111111111111@1111111111111111111111111111a1111111111111111111a111111111
14051,harshil,111
14052,harshil,111111111111111111111111111111111111111111@1111111111111111111111111111a1111111111111111111a111111111
14053,harshil,1
14054,harshil,1
14055,harshil,1
14056,harshil,111111111111111111111111111111111111111111@1111111111111111111111111111a1111111111111111111a111111111
14057,harshil,111
14058,harshil,111111111111111111111111111111111111111111@1111111111111111111111111111a1111111111111111111a111111111
14059,harshil,1
14060,harshil,1
14061,harshil,1
14062,harshil,111111111111111111111111111111111111111111@1111111111111111111111111111a1111111111111111111a111111111
14063,harshil,111
14064,harshil,111111111111111111111111111111111111111111@1111111111111111111111111111a1111111111111111111a111111111
14065,harshil,1
14066,harshil,1
14067,harshil,1
14068,harshil,111111111111111111111111111111111111111111@1111111111111111111111111111a1111111111111111111a111111111
14069,harshil,111
14070,harshil,111111111111111111111111111111111111111111@1111111111111111111111111111a1111111111111111111a111111111
14071,harshil,1
14072,harshil,1
14073,harshil,1
14074,harshil,111111111111111111111111111111111111111111@1111111111111111111111111111a1111111111111111111a111111111
14075,harshil,111
14076,harshil,111111111111111111111111111111111111111111@1111111111111111111111111111a1111111111111111111a111111111
14077,harshil,1
14078,harshil,1
14079,harshil,1
14080,harshil,111111111111111111111111111111111111111111@1111111111111111111111111111a1111111111111111111a111111111
14081,harshil,111
14082,harshil,111111111111111111111111111111111111111111@1111111111111111111111111111a1111111111111111111a111111111
14083,harshil,1
14084,harshil,1
14085,harshil,1
14086,harshil,111111111111111111111111111111111111111111@1111111111111111111111111111a1111111111111111111a111111111
14087,harshil,111
14088,harshil,111111111111111111111111111111111111111111@1111111111111111111111111111a1111111111111111111a111111111
14089,harshil,1
14090,harshil,1
14091,harshil,1
14092,harshil,111111111111111111111111111111111111111111@1111111111111111111111111111a1111111111111111111a111111111
14093,harshil,111
14094,harshil,111111111111111111111111111111111111111111@1111111111111111111111111111a1111111111111111111a111111111
14095,harshil,1
14096,harshil,1
14097,harshil,1
14098,harshil,111111111111111111111111111111111111111111@1111111111111111111111111111a1111111111111111111a111111111
14099,harshil,111
14100,harshil,111111111111111111111111111111111111111111@1111111111111111111111111111a1111111111111111111a111111111
14101,harshil,1
14102,harshil,1
14103,harshil,1
14104,harshil,111111111111111111111111111111111111111111@1111111111111111111111111111a1111111111111111111a111111111
14105,harshil,111
14106,harshil,111111111111111111111111111111111111111111@1111111111111111111111111111a1111111111111111111a111111111
14107,harshil,1
14108,harshil,1
14109,harshil,1
14110,harshil,111111111111111111111111111111111111111111@1111111111111111111111111111a1111111111111111111a111111111
14111,harshil,111
14112,harshil,111111111111111111111111111111111111111111@1111111111111111111111111111a1111111111111111111a111111111
14113,harshil,1
14114,harshil,1
14115,harshil,1
14116,harshil,111111111111111111111111111111111111111111@1111111111111111111111111111a1111111111111111111a111111111
14117,harshil,111
14118,harshil,111111111111111111111111111111111111111111@1111111111111111111111111111a1111111111111111111a111111111
14119,harshil,1
14120,harshil,1
14121,harshil,1
14122,harshil,111111111111111111111111111111111111111111@1111111111111111111111111111a1111111111111111111a111111111
14123,harshil,111
14124,harshil,111111111111111111111111111111111111111111@1111111111111111111111111111a1111111111111111111a111111111
14125,harshil,1
14126,harshil,1
14127,harshil,1
14128,harshil,111111111111111111111111111111111111111111@1111111111111111111111111111a1111111111111111111a111111111
14129,harshil,111
14130,harshil,111111111111111111111111111111111111111111@1111111111111111111111111111a1111111111111111111a111111111
14131,harshil,1
14132,harshil,1
14133,harshil,1
14134,harshil,111111111111111111111111111111111111111111@1111111111111111111111111111a1111111111111111111a111111111
14135,harshil,111
14136,harshil,111111111111111111111111111111111111111111@1111111111111111111111111111a1111111111111111111a111111111
14137,harshil,1
14138,harshil,1
14139,harshil,1
14140,harshil,111111111111111111111111111111111111111111@1111111111111111111111111111a1111111111111111111a111111111
14141,harshil,111
14142,harshil,111111111111111111111111111111111111111111@1111111111111111111111111111a1111111111111111111a111111111
14143,harshil,1
14144,harshil,1
14145,harshil,1
14146,harshil,111111111111111111111111111111111111111111@1111111111111111111111111111a1111111111111111111a111111111
14147,harshil,111
14148,harshil,111111111111111111111111111111111111111111@1111111111111111111111111111a1111111111111111111a111111111
14149,harshil,1
14150,harshil,1
14151,harshil,1
14152,harshil,111111111111111111111111111111111111111111@1111111111111111111111111111a1111111111111111111a111111111
14153,harshil,111
14154,harshil,111111111111111111111111111111111111111111@1111111111111111111111111111a1111111111111111111a111111111
14155,harshil,1
14156,harshil,1
14157,harshil,1
14158,harshil,111111111111111111111111111111111111111111@1111111111111111111111111111a1111111111111111111a111111111
14159,harshil,111
14160,harshil,111111111111111111111111111111111111111111@1111111111111111111111111111a1111111111111111111a111111111
14161,harshil,1
14162,harshil,1
14163,harshil,1
14164,harshil,111111111111111111111111111111111111111111@1111111111111111111111111111a1111111111111111111a111111111
14165,harshil,111
14166,harshil,111111111111111111111111111111111111111111@1111111111111111111111111111a1111111111111111111a111111111
14167,harshil,1
14168,harshil,1
14169,harshil,1
14170,harshil,111111111111111111111111111111111111111111@1111111111111111111111111111a1111111111111111111a111111111
14171,harshil,111
14172,harshil,111111111111111111111111111111111111111111@1111111111111111111111111111a1111111111111111111a111111111
14173,harshil,1
14174,harshil,1
14175,harshil,1
14176,harshil,111111111111111111111111111111111111111111@1111111111111111111111111111a1111111111111111111a111111111
14177,harshil,111
14178,harshil,111111111111111111111111111111111111111111@1111111111111111111111111111a1111111111111111111a111111111
14179,harshil,1
14180,harshil,1
14181,harshil,1
14182,harshil,111111111111111111111111111111111111111111@1111111111111111111111111111a1111111111111111111a111111111
14183,harshil,111
14184,harshil,111111111111111111111111111111111111111111@1111111111111111111111111111a1111111111111111111a111111111
14185,harshil,1
14186,harshil,1
14187,harshil,1
14188,harshil,111111111111111111111111111111111111111111@1111111111111111111111111111a1111111111111111111a111111111
14189,harshil,111
14190,harshil,111111111111111111111111111111111111111111@1111111111111111111111111111a1111111111111111111a111111111
14191,harshil,1
14192,harshil,1
14193,harshil,1
14194,harshil,111111111111111111111111111111111111111111@1111111111111111111111111111a1111111111111111111a111111111
14195,harshil,111
14196,harshil,111111111111111111111111111111111111111111@1111111111111111111111111111a1111111111111111111a111111111
14197,harshil,1
14198,harshil,1
14199,harshil,1
14200,harshil,111111111111111111111111111111111111111111@1111111111111111111111111111a1111111111111111111a111111111
14201,harshil,111
14202,harshil,111111111111111111111111111111111111111111@1111111111111111111111111111a1111111111111111111a111111111
14203,harshil,1
14204,harshil,1
14205,harshil,1
14206,harshil,111111111111111111111111111111111111111111@1111111111111111111111111111a1111111111111111111a111111111
14207,harshil,111
14208,harshil,111111111111111111111111111111111111111111@1111111111111111111111111111a1111111111111111111a111111111
14209,harshil,1
14210,harshil,1
14211,harshil,1
14212,harshil,111111111111111111111111111111111111111111@1111111111111111111111111111a1111111111111111111a111111111
14213,harshil,111
14214,harshil,111111111111111111111111111111111111111111@1111111111111111111111111111a1111111111111111111a111111111
14215,harshil,1
14216,harshil,1
14217,harshil,1
14218,harshil,111111111111111111111111111111111111111111@1111111111111111111111111111a1111111111111111111a111111111
14219,harshil,111
14220,harshil,111111111111111111111111111111111111111111@1111111111111111111111111111a1111111111111111111a111111111
14221,harshil,1
14222,harshil,1
14223,harshil,1
14224,harshil,111111111111111111111111111111111111111111@1111111111111111111111111111a1111111111111111111a111111111
14225,harshil,111
14226,harshil,111111111111111111111111111111111111111111@1111111111111111111111111111a1111111111111111111a111111111
14227,harshil,1
14228,harshil,1
14229,harshil,1
14230,harshil,111111111111111111111111111111111111111111@1111111111111111111111111111a1111111111111111111a111111111
14231,harshil,111
14232,harshil,111111111111111111111111111111111111111111@1111111111111111111111111111a1111111111111111111a111111111
14233,harshil,1
14234,harshil,1
14235,harshil,1
14236,harshil,111111111111111111111111111111111111111111@1111111111111111111111111111a1111111111111111111a111111111
14237,harshil,111
14238,harshil,111111111111111111111111111111111111111111@1111111111111111111111111111a1111111111111111111a111111111
14239,harshil,1
14240,harshil,1
14241,harshil,1
14242,harshil,111111111111111111111111111111111111111111@1111111111111111111111111111a1111111111111111111a111111111
14243,harshil,111
14244,harshil,111111111111111111111111111111111111111111@1111111111111111111111111111a1111111111111111111a111111111
14245,harshil,1
14246,harshil,1
14247,harshil,1
14248,harshil,111111111111111111111111111111111111111111@1111111111111111111111111111a1111111111111111111a111111111
14249,harshil,111
14250,harshil,111111111111111111111111111111111111111111@1111111111111111111111111111a1111111111111111111a111111111
14251,harshil,1
14252,harshil,1
14253,harshil,1
14254,harshil,111111111111111111111111111111111111111111@1111111111111111111111111111a1111111111111111111a111111111
14255,harshil,111
14256,harshil,111111111111111111111111111111111111111111@1111111111111111111111111111a1111111111111111111a111111111
14257,harshil,1
14258,harshil,1
14259,harshil,1
14260,harshil,111111111111111111111111111111111111111111@1111111111111111111111111111a1111111111111111111a111111111
14261,harshil,111
14262,harshil,111111111111111111111111111111111111111111@1111111111111111111111111111a1111111111111111111a111111111
14263,harshil,1
14264,harshil,1
14265,harshil,1
14266,harshil,111111111111111111111111111111111111111111@1111111111111111111111111111a1111111111111111111a111111111
14267,harshil,111
14268,harshil,111111111111111111111111111111111111111111@1111111111111111111111111111a1111111111111111111a111111111
14269,harshil,1
14270,harshil,1
14271,harshil,1
14272,harshil,111111111111111111111111111111111111111111@1111111111111111111111111111a1111111111111111111a111111111
14273,harshil,111
14274,harshil,111111111111111111111111111111111111111111@1111111111111111111111111111a1111111111111111111a111111111
14275,harshil,1
14276,harshil,1
14277,harshil,1
14278,harshil,111111111111111111111111111111111111111111@1111111111111111111111111111a1111111111111111111a111111111
14279,harshil,111
14280,harshil,111111111111111111111111111111111111111111@1111111111111111111111111111a1111111111111111111a111111111
14281,harshil,1
14282,harshil,1
14283,harshil,1
14284,harshil,111111111111111111111111111111111111111111@1111111111111111111111111111a1111111111111111111a111111111
14285,harshil,111
14286,harshil,111111111111111111111111111111111111111111@1111111111111111111111111111a1111111111111111111a111111111
14287,harshil,1
14288,harshil,1
14289,harshil,1
14290,harshil,111111111111111111111111111111111111111111@1111111111111111111111111111a1111111111111111111a111111111
14291,harshil,111
14292,harshil,111111111111111111111111111111111111111111@1111111111111111111111111111a1111111111111111111a111111111
14293,harshil,1
14294,harshil,1
14295,harshil,1
14296,harshil,111111111111111111111111111111111111111111@1111111111111111111111111111a1111111111111111111a111111111
14297,harshil,111
14298,harshil,111111111111111111111111111111111111111111@1111111111111111111111111111a1111111111111111111a111111111
14299,harshil,1
14300,harshil,1
14301,harshil,1
14302,harshil,111111111111111111111111111111111111111111@1111111111111111111111111111a1111111111111111111a111111111
14303,harshil,111
14304,harshil,111111111111111111111111111111111111111111@1111111111111111111111111111a1111111111111111111a111111111
14305,harshil,1
14306,harshil,1
14307,harshil,1
14308,harshil,111111111111111111111111111111111111111111@1111111111111111111111111111a1111111111111111111a111111111
14309,harshil,111
14310,harshil,111111111111111111111111111111111111111111@1111111111111111111111111111a1111111111111111111a111111111
14311,harshil,1
14312,harshil,1
14313,harshil,1
14314,harshil,111111111111111111111111111111111111111111@1111111111111111111111111111a1111111111111111111a111111111
14315,harshil,111
14316,harshil,111111111111111111111111111111111111111111@1111111111111111111111111111a1111111111111111111a111111111
14317,harshil,1
14318,harshil,1
14319,harshil,1
14320,harshil,111111111111111111111111111111111111111111@1111111111111111111111111111a1111111111111111111a111111111
14321,harshil,111
14322,harshil,111111111111111111111111111111111111111111@1111111111111111111111111111a1111111111111111111a111111111
14323,harshil,1
14324,harshil,1
14325,harshil,1
14326,harshil,111111111111111111111111111111111111111111@1111111111111111111111111111a1111111111111111111a111111111
14327,harshil,111
14328,harshil,111111111111111111111111111111111111111111@1111111111111111111111111111a1111111111111111111a111111111
14329,harshil,1
14330,harshil,1
14331,harshil,1
14332,harshil,111111111111111111111111111111111111111111@1111111111111111111111111111a1111111111111111111a111111111
14333,harshil,111
14334,harshil,111111111111111111111111111111111111111111@1111111111111111111111111111a1111111111111111111a111111111
14335,harshil,1
14336,harshil,1
14337,harshil,1
14338,harshil,111111111111111111111111111111111111111111@1111111111111111111111111111a1111111111111111111a111111111
14339,harshil,111
14340,harshil,111111111111111111111111111111111111111111@1111111111111111111111111111a1111111111111111111a111111111
14341,harshil,1
14342,harshil,1
14343,harshil,1
14344,harshil,111111111111111111111111111111111111111111@1111111111111111111111111111a1111111111111111111a111111111
14345,harshil,111
14346,harshil,111111111111111111111111111111111111111111@1111111111111111111111111111a1111111111111111111a111111111
14347,harshil,1
14348,harshil,1
14349,harshil,1
14350,harshil,111111111111111111111111111111111111111111@1111111111111111111111111111a1111111111111111111a111111111
14351,harshil,111
14352,harshil,111111111111111111111111111111111111111111@1111111111111111111111111111a1111111111111111111a111111111
14353,harshil,1
14354,harshil,1
14355,harshil,1
14356,harshil,111111111111111111111111111111111111111111@1111111111111111111111111111a1111111111111111111a111111111
14357,harshil,111
14358,harshil,111111111111111111111111111111111111111111@1111111111111111111111111111a1111111111111111111a111111111
14359,harshil,1
14360,harshil,1
14361,harshil,1
14362,harshil,111111111111111111111111111111111111111111@1111111111111111111111111111a1111111111111111111a111111111
14363,harshil,111
14364,harshil,111111111111111111111111111111111111111111@1111111111111111111111111111a1111111111111111111a111111111
14365,harshil,1
14366,harshil,1
14367,harshil,1
14368,harshil,111111111111111111111111111111111111111111@1111111111111111111111111111a1111111111111111111a111111111
14369,harshil,111
14370,harshil,111111111111111111111111111111111111111111@1111111111111111111111111111a1111111111111111111a111111111
14371,harshil,1
14372,harshil,1
14373,harshil,1
14374,harshil,111111111111111111111111111111111111111111@1111111111111111111111111111a1111111111111111111a111111111
14375,harshil,111
14376,harshil,111111111111111111111111111111111111111111@1111111111111111111111111111a1111111111111111111a111111111
14377,harshil,1
14378,harshil,1
14379,harshil,1
14380,harshil,111111111111111111111111111111111111111111@1111111111111111111111111111a1111111111111111111a111111111
14381,harshil,111
14382,harshil,111111111111111111111111111111111111111111@1111111111111111111111111111a1111111111111111111a111111111
14383,harshil,1
14384,harshil,1
14385,harshil,1
14386,harshil,111111111111111111111111111111111111111111@1111111111111111111111111111a1111111111111111111a111111111
14387,harshil,111
14388,harshil,111111111111111111111111111111111111111111@1111111111111111111111111111a1111111111111111111a111111111
14389,harshil,1
14390,harshil,1
14391,harshil,1
14392,harshil,111111111111111111111111111111111111111111@1111111111111111111111111111a1111111111111111111a111111111
14393,harshil,111
14394,harshil,111111111111111111111111111111111111111111@1111111111111111111111111111a1111111111111111111a111111111
14395,harshil,1
14396,harshil,1
14397,harshil,1
14398,harshil,111111111111111111111111111111111111111111@1111111111111111111111111111a1111111111111111111a111111111
14399,harshil,111
14400,harshil,111111111111111111111111111111111111111111@1111111111111111111111111111a1111111111111111111a111111111
14401,harshil,1
14402,harshil,1
14403,harshil,1
14404,harshil,111111111111111111111111111111111111111111@1111111111111111111111111111a1111111111111111111a111111111
14405,harshil,111
14406,harshil,111111111111111111111111111111111111111111@1111111111111111111111111111a1111111111111111111a111111111
14407,harshil,1
14408,harshil,1
14409,harshil,1
14410,harshil,111111111111111111111111111111111111111111@1111111111111111111111111111a1111111111111111111a111111111
14411,harshil,111
14412,harshil,111111111111111111111111111111111111111111@1111111111111111111111111111a1111111111111111111a111111111
14413,harshil,1
14414,harshil,1
14415,harshil,1
14416,harshil,111111111111111111111111111111111111111111@1111111111111111111111111111a1111111111111111111a111111111
14417,harshil,111
14418,harshil,111111111111111111111111111111111111111111@1111111111111111111111111111a1111111111111111111a111111111
14419,harshil,1
14420,harshil,1
14421,harshil,1
14422,harshil,111111111111111111111111111111111111111111@1111111111111111111111111111a1111111111111111111a111111111
14423,harshil,111
14424,harshil,111111111111111111111111111111111111111111@1111111111111111111111111111a1111111111111111111a111111111
14425,harshil,1
14426,harshil,1
14427,harshil,1
14428,harshil,111111111111111111111111111111111111111111@1111111111111111111111111111a1111111111111111111a111111111
14429,harshil,111
14430,harshil,111111111111111111111111111111111111111111@1111111111111111111111111111a1111111111111111111a111111111
14431,harshil,1
14432,harshil,1
14433,harshil,1
14434,harshil,111111111111111111111111111111111111111111@1111111111111111111111111111a1111111111111111111a111111111
14435,harshil,111
14436,harshil,111111111111111111111111111111111111111111@1111111111111111111111111111a1111111111111111111a111111111
14437,harshil,1
14438,harshil,1
14439,harshil,1
14440,harshil,111111111111111111111111111111111111111111@1111111111111111111111111111a1111111111111111111a111111111
14441,harshil,111
14442,harshil,111111111111111111111111111111111111111111@1111111111111111111111111111a1111111111111111111a111111111
14443,harshil,1
14444,harshil,1
14445,harshil,1
14446,harshil,111111111111111111111111111111111111111111@1111111111111111111111111111a1111111111111111111a111111111
14447,harshil,111
14448,harshil,111111111111111111111111111111111111111111@1111111111111111111111111111a1111111111111111111a111111111
14449,harshil,1
14450,harshil,1
14451,harshil,1
14452,harshil,111111111111111111111111111111111111111111@1111111111111111111111111111a1111111111111111111a111111111
14453,harshil,111
14454,harshil,111111111111111111111111111111111111111111@1111111111111111111111111111a1111111111111111111a111111111
14455,harshil,1
14456,harshil,1
14457,harshil,1
14458,harshil,111111111111111111111111111111111111111111@1111111111111111111111111111a1111111111111111111a111111111
14459,harshil,111
14460,harshil,111111111111111111111111111111111111111111@1111111111111111111111111111a1111111111111111111a111111111
14461,harshil,1
14462,harshil,1
14463,harshil,1
14464,harshil,111111111111111111111111111111111111111111@1111111111111111111111111111a1111111111111111111a111111111
14465,harshil,111
14466,harshil,111111111111111111111111111111111111111111@1111111111111111111111111111a1111111111111111111a111111111
14467,harshil,1
14468,harshil,1
14469,harshil,1
14470,harshil,111111111111111111111111111111111111111111@1111111111111111111111111111a1111111111111111111a111111111
14471,harshil,111
14472,harshil,111111111111111111111111111111111111111111@1111111111111111111111111111a1111111111111111111a111111111
14473,harshil,1
14474,harshil,1
14475,harshil,1
14476,harshil,111111111111111111111111111111111111111111@1111111111111111111111111111a1111111111111111111a111111111
14477,harshil,111
14478,harshil,111111111111111111111111111111111111111111@1111111111111111111111111111a1111111111111111111a111111111
14479,harshil,1
14480,harshil,1
14481,harshil,1
14482,harshil,111111111111111111111111111111111111111111@1111111111111111111111111111a1111111111111111111a111111111
14483,harshil,111
14484,harshil,111111111111111111111111111111111111111111@1111111111111111111111111111a1111111111111111111a111111111
14485,harshil,1
14486,harshil,1
14487,harshil,1
14488,harshil,111111111111111111111111111111111111111111@1111111111111111111111111111a1111111111111111111a111111111
14489,harshil,111
14490,harshil,111111111111111111111111111111111111111111@1111111111111111111111111111a1111111111111111111a111111111
14491,harshil,1
14492,harshil,1
14493,harshil,1
14494,harshil,111111111111111111111111111111111111111111@1111111111111111111111111111a1111111111111111111a111111111
14495,harshil,111
14496,harshil,111111111111111111111111111111111111111111@1111111111111111111111111111a1111111111111111111a111111111
14497,harshil,1
14498,harshil,1
14499,harshil,1
14500,harshil,111111111111111111111111111111111111111111@1111111111111111111111111111a1111111111111111111a111111111
14501,harshil,111
14502,harshil,111111111111111111111111111111111111111111@1111111111111111111111111111a1111111111111111111a111111111
14503,harshil,1
14504,harshil,1
14505,harshil,1
14506,harshil,111111111111111111111111111111111111111111@1111111111111111111111111111a1111111111111111111a111111111
14507,harshil,111
14508,harshil,111111111111111111111111111111111111111111@1111111111111111111111111111a1111111111111111111a111111111
14509,harshil,1
14510,harshil,1
14511,harshil,1
14512,harshil,111111111111111111111111111111111111111111@1111111111111111111111111111a1111111111111111111a111111111
14513,harshil,111
14514,harshil,111111111111111111111111111111111111111111@1111111111111111111111111111a1111111111111111111a111111111
14515,harshil,1
14516,harshil,1
14517,harshil,1
14518,harshil,111111111111111111111111111111111111111111@1111111111111111111111111111a1111111111111111111a111111111
14519,harshil,111
14520,harshil,111111111111111111111111111111111111111111@1111111111111111111111111111a1111111111111111111a111111111
14521,harshil,1
14522,harshil,1
14523,harshil,1
14524,harshil,111111111111111111111111111111111111111111@1111111111111111111111111111a1111111111111111111a111111111
14525,harshil,111
14526,harshil,111111111111111111111111111111111111111111@1111111111111111111111111111a1111111111111111111a111111111
14527,harshil,1
14528,harshil,1
14529,harshil,1
14530,harshil,111111111111111111111111111111111111111111@1111111111111111111111111111a1111111111111111111a111111111
14531,harshil,111
14532,harshil,111111111111111111111111111111111111111111@1111111111111111111111111111a1111111111111111111a111111111
14533,harshil,1
14534,harshil,1
14535,harshil,1
14536,harshil,111111111111111111111111111111111111111111@1111111111111111111111111111a1111111111111111111a111111111
14537,harshil,111
14538,harshil,111111111111111111111111111111111111111111@1111111111111111111111111111a1111111111111111111a111111111
14539,harshil,1
14540,harshil,1
14541,harshil,1
14542,harshil,111111111111111111111111111111111111111111@1111111111111111111111111111a1111111111111111111a111111111
14543,harshil,111
14544,harshil,111111111111111111111111111111111111111111@1111111111111111111111111111a1111111111111111111a111111111
14545,harshil,1
14546,harshil,1
14547,harshil,1
14548,harshil,111111111111111111111111111111111111111111@1111111111111111111111111111a1111111111111111111a111111111
14549,harshil,111
14550,harshil,111111111111111111111111111111111111111111@1111111111111111111111111111a1111111111111111111a111111111
14551,harshil,1
14552,harshil,1
14553,harshil,1
14554,harshil,111111111111111111111111111111111111111111@1111111111111111111111111111a1111111111111111111a111111111
14555,harshil,111
14556,harshil,111111111111111111111111111111111111111111@1111111111111111111111111111a1111111111111111111a111111111
14557,harshil,1
14558,harshil,1
14559,harshil,1
14560,harshil,111111111111111111111111111111111111111111@1111111111111111111111111111a1111111111111111111a111111111
14561,harshil,111
14562,harshil,111111111111111111111111111111111111111111@1111111111111111111111111111a1111111111111111111a111111111
14563,harshil,1
14564,harshil,1
14565,harshil,1
14566,harshil,111111111111111111111111111111111111111111@1111111111111111111111111111a1111111111111111111a111111111
14567,harshil,111
14568,harshil,111111111111111111111111111111111111111111@1111111111111111111111111111a1111111111111111111a111111111
14569,harshil,1
14570,harshil,1
14571,harshil,1
14572,harshil,111111111111111111111111111111111111111111@1111111111111111111111111111a1111111111111111111a111111111
14573,harshil,111
14574,harshil,111111111111111111111111111111111111111111@1111111111111111111111111111a1111111111111111111a111111111
14575,harshil,1
14576,harshil,1
14577,harshil,1
14578,harshil,111111111111111111111111111111111111111111@1111111111111111111111111111a1111111111111111111a111111111
14579,harshil,111
14580,harshil,111111111111111111111111111111111111111111@1111111111111111111111111111a1111111111111111111a111111111
14581,harshil,1
14582,harshil,1
14583,harshil,1
14584,harshil,111111111111111111111111111111111111111111@1111111111111111111111111111a1111111111111111111a111111111
14585,harshil,111
14586,harshil,111111111111111111111111111111111111111111@1111111111111111111111111111a1111111111111111111a111111111
14587,harshil,1
14588,harshil,1
14589,harshil,1
14590,harshil,111111111111111111111111111111111111111111@1111111111111111111111111111a1111111111111111111a111111111
14591,harshil,111
14592,harshil,111111111111111111111111111111111111111111@1111111111111111111111111111a1111111111111111111a111111111
14593,harshil,1
14594,harshil,1
14595,harshil,1
14596,harshil,111111111111111111111111111111111111111111@1111111111111111111111111111a1111111111111111111a111111111
14597,harshil,111
14598,harshil,111111111111111111111111111111111111111111@1111111111111111111111111111a1111111111111111111a111111111
14599,harshil,1
14600,harshil,1
14601,harshil,1
14602,harshil,111111111111111111111111111111111111111111@1111111111111111111111111111a1111111111111111111a111111111
14603,harshil,111
14604,harshil,111111111111111111111111111111111111111111@1111111111111111111111111111a1111111111111111111a111111111
14605,harshil,1
14606,harshil,1
14607,harshil,1
14608,harshil,111111111111111111111111111111111111111111@1111111111111111111111111111a1111111111111111111a111111111
14609,harshil,111
14610,harshil,111111111111111111111111111111111111111111@1111111111111111111111111111a1111111111111111111a111111111
14611,harshil,1
14612,harshil,1
14613,harshil,1
14614,harshil,111111111111111111111111111111111111111111@1111111111111111111111111111a1111111111111111111a111111111
14615,harshil,111
14616,harshil,111111111111111111111111111111111111111111@1111111111111111111111111111a1111111111111111111a111111111
14617,harshil,1
14618,harshil,1
14619,harshil,1
14620,harshil,111111111111111111111111111111111111111111@1111111111111111111111111111a1111111111111111111a111111111
14621,harshil,111
14622,harshil,111111111111111111111111111111111111111111@1111111111111111111111111111a1111111111111111111a111111111
14623,harshil,1
14624,harshil,1
14625,harshil,1
14626,harshil,111111111111111111111111111111111111111111@1111111111111111111111111111a1111111111111111111a111111111
14627,harshil,111
14628,harshil,111111111111111111111111111111111111111111@1111111111111111111111111111a1111111111111111111a111111111
14629,harshil,1
14630,harshil,1
14631,harshil,1
14632,harshil,111111111111111111111111111111111111111111@1111111111111111111111111111a1111111111111111111a111111111
14633,harshil,111
14634,harshil,111111111111111111111111111111111111111111@1111111111111111111111111111a1111111111111111111a111111111
14635,harshil,1
14636,harshil,1
14637,harshil,1
14638,harshil,111111111111111111111111111111111111111111@1111111111111111111111111111a1111111111111111111a111111111
14639,harshil,111
14640,harshil,111111111111111111111111111111111111111111@1111111111111111111111111111a1111111111111111111a111111111
14641,harshil,1
14642,harshil,1
14643,harshil,1
14644,harshil,111111111111111111111111111111111111111111@1111111111111111111111111111a1111111111111111111a111111111
14645,harshil,111
14646,harshil,111111111111111111111111111111111111111111@1111111111111111111111111111a1111111111111111111a111111111
14647,harshil,1
14648,harshil,1
14649,harshil,1
14650,harshil,111111111111111111111111111111111111111111@1111111111111111111111111111a1111111111111111111a111111111
14651,harshil,111
14652,harshil,111111111111111111111111111111111111111111@1111111111111111111111111111a1111111111111111111a111111111
14653,harshil,1
14654,harshil,1
14655,harshil,1
14656,harshil,111111111111111111111111111111111111111111@1111111111111111111111111111a1111111111111111111a111111111
14657,harshil,111
14658,harshil,111111111111111111111111111111111111111111@1111111111111111111111111111a1111111111111111111a111111111
14659,harshil,1
14660,harshil,1
14661,harshil,1
14662,harshil,111111111111111111111111111111111111111111@1111111111111111111111111111a1111111111111111111a111111111
14663,harshil,111
14664,harshil,111111111111111111111111111111111111111111@1111111111111111111111111111a1111111111111111111a111111111
14665,harshil,1
14666,harshil,1
14667,harshil,1
14668,harshil,111111111111111111111111111111111111111111@1111111111111111111111111111a1111111111111111111a111111111
14669,harshil,111
14670,harshil,111111111111111111111111111111111111111111@1111111111111111111111111111a1111111111111111111a111111111
14671,harshil,1
14672,harshil,1
14673,harshil,1
14674,harshil,111111111111111111111111111111111111111111@1111111111111111111111111111a1111111111111111111a111111111
14675,harshil,111
14676,harshil,111111111111111111111111111111111111111111@1111111111111111111111111111a1111111111111111111a111111111
14677,harshil,1
14678,harshil,1
14679,harshil,1
14680,harshil,111111111111111111111111111111111111111111@1111111111111111111111111111a1111111111111111111a111111111
14681,harshil,111
14682,harshil,111111111111111111111111111111111111111111@1111111111111111111111111111a1111111111111111111a111111111
14683,harshil,1
14684,harshil,1
14685,harshil,1
14686,harshil,111111111111111111111111111111111111111111@1111111111111111111111111111a1111111111111111111a111111111
14687,harshil,111
14688,harshil,111111111111111111111111111111111111111111@1111111111111111111111111111a1111111111111111111a111111111
14689,harshil,1
14690,harshil,1
14691,harshil,1
14692,harshil,111111111111111111111111111111111111111111@1111111111111111111111111111a1111111111111111111a111111111
14693,harshil,111
14694,harshil,111111111111111111111111111111111111111111@1111111111111111111111111111a1111111111111111111a111111111
14695,harshil,1
14696,harshil,1
14697,harshil,1
14698,harshil,111111111111111111111111111111111111111111@1111111111111111111111111111a1111111111111111111a111111111
14699,harshil,111
14700,harshil,111111111111111111111111111111111111111111@1111111111111111111111111111a1111111111111111111a111111111
14701,harshil,1
14702,harshil,1
14703,harshil,1
14704,harshil,111111111111111111111111111111111111111111@1111111111111111111111111111a1111111111111111111a111111111
14705,harshil,111
14706,harshil,111111111111111111111111111111111111111111@1111111111111111111111111111a1111111111111111111a111111111
14707,harshil,1
14708,harshil,1
14709,harshil,1
14710,harshil,111111111111111111111111111111111111111111@1111111111111111111111111111a1111111111111111111a111111111
14711,harshil,111
14712,harshil,111111111111111111111111111111111111111111@1111111111111111111111111111a1111111111111111111a111111111
14713,harshil,1
14714,harshil,1
14715,harshil,1
14716,harshil,111111111111111111111111111111111111111111@1111111111111111111111111111a1111111111111111111a111111111
14717,harshil,111
14718,harshil,111111111111111111111111111111111111111111@1111111111111111111111111111a1111111111111111111a111111111
14719,harshil,1
14720,harshil,1
14721,harshil,1
14722,harshil,111111111111111111111111111111111111111111@1111111111111111111111111111a1111111111111111111a111111111
14723,harshil,111
14724,harshil,111111111111111111111111111111111111111111@1111111111111111111111111111a1111111111111111111a111111111
14725,harshil,1
14726,harshil,1
14727,harshil,1
14728,harshil,111111111111111111111111111111111111111111@1111111111111111111111111111a1111111111111111111a111111111
14729,harshil,111
14730,harshil,111111111111111111111111111111111111111111@1111111111111111111111111111a1111111111111111111a111111111
14731,harshil,1
14732,harshil,1
14733,harshil,1
14734,harshil,111111111111111111111111111111111111111111@1111111111111111111111111111a1111111111111111111a111111111
14735,harshil,111
14736,harshil,111111111111111111111111111111111111111111@1111111111111111111111111111a1111111111111111111a111111111
14737,harshil,1
14738,harshil,1
14739,harshil,1
14740,harshil,111111111111111111111111111111111111111111@1111111111111111111111111111a1111111111111111111a111111111
14741,harshil,111
14742,harshil,111111111111111111111111111111111111111111@1111111111111111111111111111a1111111111111111111a111111111
14743,harshil,1
14744,harshil,1
14745,harshil,1
14746,harshil,111111111111111111111111111111111111111111@1111111111111111111111111111a1111111111111111111a111111111
14747,harshil,111
14748,harshil,111111111111111111111111111111111111111111@1111111111111111111111111111a1111111111111111111a111111111
14749,harshil,1
14750,harshil,1
14751,harshil,1
14752,harshil,111111111111111111111111111111111111111111@1111111111111111111111111111a1111111111111111111a111111111
14753,harshil,111
14754,harshil,111111111111111111111111111111111111111111@1111111111111111111111111111a1111111111111111111a111111111
14755,harshil,1
14756,harshil,1
14757,harshil,1
14758,harshil,111111111111111111111111111111111111111111@1111111111111111111111111111a1111111111111111111a111111111
14759,harshil,111
14760,harshil,111111111111111111111111111111111111111111@1111111111111111111111111111a1111111111111111111a111111111
14761,harshil,1
14762,harshil,1
14763,harshil,1
14764,harshil,111111111111111111111111111111111111111111@1111111111111111111111111111a1111111111111111111a111111111
14765,harshil,111
14766,harshil,111111111111111111111111111111111111111111@1111111111111111111111111111a1111111111111111111a111111111
14767,harshil,1
14768,harshil,1
14769,harshil,1
14770,harshil,111111111111111111111111111111111111111111@1111111111111111111111111111a1111111111111111111a111111111
14771,harshil,111
14772,harshil,111111111111111111111111111111111111111111@1111111111111111111111111111a1111111111111111111a111111111
14773,harshil,1
14774,harshil,1
14775,harshil,1
14776,harshil,111111111111111111111111111111111111111111@1111111111111111111111111111a1111111111111111111a111111111
14777,harshil,111
14778,harshil,111111111111111111111111111111111111111111@1111111111111111111111111111a1111111111111111111a111111111
14779,harshil,1
14780,harshil,1
14781,harshil,1
14782,harshil,111111111111111111111111111111111111111111@1111111111111111111111111111a1111111111111111111a111111111
14783,harshil,111
14784,harshil,111111111111111111111111111111111111111111@1111111111111111111111111111a1111111111111111111a111111111
14785,harshil,1
14786,harshil,1
14787,harshil,1
14788,harshil,111111111111111111111111111111111111111111@1111111111111111111111111111a1111111111111111111a111111111
14789,harshil,111
14790,harshil,111111111111111111111111111111111111111111@1111111111111111111111111111a1111111111111111111a111111111
14791,harshil,1
14792,harshil,1
14793,harshil,1
14794,harshil,111111111111111111111111111111111111111111@1111111111111111111111111111a1111111111111111111a111111111
14795,harshil,111
14796,harshil,111111111111111111111111111111111111111111@1111111111111111111111111111a1111111111111111111a111111111
14797,harshil,1
14798,harshil,1
14799,harshil,1
14800,harshil,111111111111111111111111111111111111111111@1111111111111111111111111111a1111111111111111111a111111111
14801,harshil,111
14802,harshil,111111111111111111111111111111111111111111@1111111111111111111111111111a1111111111111111111a111111111
14803,harshil,1
14804,harshil,1
14805,harshil,1
14806,harshil,111111111111111111111111111111111111111111@1111111111111111111111111111a1111111111111111111a111111111
14807,harshil,111
14808,harshil,111111111111111111111111111111111111111111@1111111111111111111111111111a1111111111111111111a111111111
14809,harshil,1
14810,harshil,1
14811,harshil,1
14812,harshil,111111111111111111111111111111111111111111@1111111111111111111111111111a1111111111111111111a111111111
14813,harshil,111
14814,harshil,111111111111111111111111111111111111111111@1111111111111111111111111111a1111111111111111111a111111111
14815,harshil,1
14816,harshil,1
14817,harshil,1
14818,harshil,111111111111111111111111111111111111111111@1111111111111111111111111111a1111111111111111111a111111111
14819,harshil,111
14820,harshil,111111111111111111111111111111111111111111@1111111111111111111111111111a1111111111111111111a111111111
14821,harshil,1
14822,harshil,1
14823,harshil,1
14824,harshil,111111111111111111111111111111111111111111@1111111111111111111111111111a1111111111111111111a111111111
14825,harshil,111
14826,harshil,111111111111111111111111111111111111111111@1111111111111111111111111111a1111111111111111111a111111111
14827,harshil,1
14828,harshil,1
14829,harshil,1
14830,harshil,111111111111111111111111111111111111111111@1111111111111111111111111111a1111111111111111111a111111111
14831,harshil,111
14832,harshil,111111111111111111111111111111111111111111@1111111111111111111111111111a1111111111111111111a111111111
14833,harshil,1
14834,harshil,1
14835,harshil,1
14836,harshil,111111111111111111111111111111111111111111@1111111111111111111111111111a1111111111111111111a111111111
14837,harshil,111
14838,harshil,111111111111111111111111111111111111111111@1111111111111111111111111111a1111111111111111111a111111111
14839,harshil,1
14840,harshil,1
14841,harshil,1
14842,harshil,111111111111111111111111111111111111111111@1111111111111111111111111111a1111111111111111111a111111111
14843,harshil,111
14844,harshil,111111111111111111111111111111111111111111@1111111111111111111111111111a1111111111111111111a111111111
14845,harshil,1
14846,harshil,1
14847,harshil,1
14848,harshil,111111111111111111111111111111111111111111@1111111111111111111111111111a1111111111111111111a111111111
14849,harshil,111
14850,harshil,111111111111111111111111111111111111111111@1111111111111111111111111111a1111111111111111111a111111111
14851,harshil,1
14852,harshil,1
14853,harshil,1
14854,harshil,111111111111111111111111111111111111111111@1111111111111111111111111111a1111111111111111111a111111111
14855,harshil,111
14856,harshil,111111111111111111111111111111111111111111@1111111111111111111111111111a1111111111111111111a111111111
14857,harshil,1
14858,harshil,1
14859,harshil,1
14860,harshil,111111111111111111111111111111111111111111@1111111111111111111111111111a1111111111111111111a111111111
14861,harshil,111
14862,harshil,111111111111111111111111111111111111111111@1111111111111111111111111111a1111111111111111111a111111111
14863,harshil,1
14864,harshil,1
14865,harshil,1
14866,harshil,111111111111111111111111111111111111111111@1111111111111111111111111111a1111111111111111111a111111111
14867,harshil,111
14868,harshil,111111111111111111111111111111111111111111@1111111111111111111111111111a1111111111111111111a111111111
14869,harshil,1
14870,harshil,1
14871,harshil,1
14872,harshil,111111111111111111111111111111111111111111@1111111111111111111111111111a1111111111111111111a111111111
14873,harshil,111
14874,harshil,111111111111111111111111111111111111111111@1111111111111111111111111111a1111111111111111111a111111111
14875,harshil,1
14876,harshil,1
14877,harshil,1
14878,harshil,111111111111111111111111111111111111111111@1111111111111111111111111111a1111111111111111111a111111111
14879,harshil,111
14880,harshil,111111111111111111111111111111111111111111@1111111111111111111111111111a1111111111111111111a111111111
14881,harshil,1
14882,harshil,1
14883,harshil,1
14884,harshil,111111111111111111111111111111111111111111@1111111111111111111111111111a1111111111111111111a111111111
14885,harshil,111
14886,harshil,111111111111111111111111111111111111111111@1111111111111111111111111111a1111111111111111111a111111111
14887,harshil,1
14888,harshil,1
14889,harshil,1
14890,harshil,111111111111111111111111111111111111111111@1111111111111111111111111111a1111111111111111111a111111111
14891,harshil,111
14892,harshil,111111111111111111111111111111111111111111@1111111111111111111111111111a1111111111111111111a111111111
14893,harshil,1
14894,harshil,1
14895,harshil,1
14896,harshil,111111111111111111111111111111111111111111@1111111111111111111111111111a1111111111111111111a111111111
14897,harshil,111
14898,harshil,111111111111111111111111111111111111111111@1111111111111111111111111111a1111111111111111111a111111111
14899,harshil,1
14900,harshil,1
14901,harshil,1
14902,harshil,111111111111111111111111111111111111111111@1111111111111111111111111111a1111111111111111111a111111111
14903,harshil,111
14904,harshil,111111111111111111111111111111111111111111@1111111111111111111111111111a1111111111111111111a111111111
14905,harshil,1
14906,harshil,1
14907,harshil,1
14908,harshil,111111111111111111111111111111111111111111@1111111111111111111111111111a1111111111111111111a111111111
14909,harshil,111
14910,harshil,111111111111111111111111111111111111111111@1111111111111111111111111111a1111111111111111111a111111111
14911,harshil,1
14912,harshil,1
14913,harshil,1
14914,harshil,111111111111111111111111111111111111111111@1111111111111111111111111111a1111111111111111111a111111111
14915,harshil,111
14916,harshil,111111111111111111111111111111111111111111@1111111111111111111111111111a1111111111111111111a111111111
14917,harshil,1
14918,harshil,1
14919,harshil,1
14920,harshil,111111111111111111111111111111111111111111@1111111111111111111111111111a1111111111111111111a111111111
14921,harshil,111
14922,harshil,111111111111111111111111111111111111111111@1111111111111111111111111111a1111111111111111111a111111111
14923,harshil,1
14924,harshil,1
14925,harshil,1
14926,harshil,111111111111111111111111111111111111111111@1111111111111111111111111111a1111111111111111111a111111111
14927,harshil,111
14928,harshil,111111111111111111111111111111111111111111@1111111111111111111111111111a1111111111111111111a111111111
14929,harshil,1
14930,harshil,1
14931,harshil,1
14932,harshil,111111111111111111111111111111111111111111@1111111111111111111111111111a1111111111111111111a111111111
14933,harshil,111
14934,harshil,111111111111111111111111111111111111111111@1111111111111111111111111111a1111111111111111111a111111111
14935,harshil,1
14936,harshil,1
14937,harshil,1
14938,harshil,111111111111111111111111111111111111111111@1111111111111111111111111111a1111111111111111111a111111111
14939,harshil,111
14940,harshil,111111111111111111111111111111111111111111@1111111111111111111111111111a1111111111111111111a111111111
14941,harshil,1
14942,harshil,1
14943,harshil,1
14944,harshil,111111111111111111111111111111111111111111@1111111111111111111111111111a1111111111111111111a111111111
14945,harshil,111
14946,harshil,111111111111111111111111111111111111111111@1111111111111111111111111111a1111111111111111111a111111111
14947,harshil,1
14948,harshil,1
14949,harshil,1
14950,harshil,111111111111111111111111111111111111111111@1111111111111111111111111111a1111111111111111111a111111111
14951,harshil,111
14952,harshil,111111111111111111111111111111111111111111@1111111111111111111111111111a1111111111111111111a111111111
14953,harshil,1
14954,harshil,1
14955,harshil,1
14956,harshil,111111111111111111111111111111111111111111@1111111111111111111111111111a1111111111111111111a111111111
14957,harshil,111
14958,harshil,111111111111111111111111111111111111111111@1111111111111111111111111111a1111111111111111111a111111111
14959,harshil,1
14960,harshil,1
14961,harshil,1
14962,harshil,111111111111111111111111111111111111111111@1111111111111111111111111111a1111111111111111111a111111111
14963,harshil,111
14964,harshil,111111111111111111111111111111111111111111@1111111111111111111111111111a1111111111111111111a111111111
14965,harshil,1
14966,harshil,1
14967,harshil,1
14968,harshil,111111111111111111111111111111111111111111@1111111111111111111111111111a1111111111111111111a111111111
14969,harshil,111
14970,harshil,111111111111111111111111111111111111111111@1111111111111111111111111111a1111111111111111111a111111111
14971,harshil,1
14972,harshil,1
14973,harshil,1
14974,harshil,111111111111111111111111111111111111111111@1111111111111111111111111111a1111111111111111111a111111111
14975,harshil,111
14976,harshil,111111111111111111111111111111111111111111@1111111111111111111111111111a1111111111111111111a111111111
14977,harshil,1
14978,harshil,1
14979,harshil,1
14980,harshil,111111111111111111111111111111111111111111@1111111111111111111111111111a1111111111111111111a111111111
14981,harshil,111
14982,harshil,111111111111111111111111111111111111111111@1111111111111111111111111111a1111111111111111111a111111111
14983,harshil,1
14984,harshil,1
14985,harshil,1
14986,harshil,111111111111111111111111111111111111111111@1111111111111111111111111111a1111111111111111111a111111111
14987,harshil,111
14988,harshil,111111111111111111111111111111111111111111@1111111111111111111111111111a1111111111111111111a111111111
14989,harshil,1
14990,harshil,1
14991,harshil,1
14992,harshil,111111111111111111111111111111111111111111@1111111111111111111111111111a1111111111111111111a111111111
14993,harshil,111
14994,harshil,111111111111111111111111111111111111111111@1111111111111111111111111111a1111111111111111111a111111111
14995,harshil,1
14996,harshil,1
14997,harshil,1
14998,harshil,111111111111111111111111111111111111111111@1111111111111111111111111111a1111111111111111111a111111111
14999,harshil,111
15000,harshil,111111111111111111111111111111111111111111@1111111111111111111111111111a1111111111111111111a111111111
15001,harshil,1
15002,harshil,1
15003,harshil,1
15004,harshil,111111111111111111111111111111111111111111@1111111111111111111111111111a1111111111111111111a111111111
15005,harshil,111
15006,harshil,111111111111111111111111111111111111111111@1111111111111111111111111111a1111111111111111111a111111111
15007,harshil,1
15008,harshil,1
15009,harshil,1
15010,harshil,111111111111111111111111111111111111111111@1111111111111111111111111111a1111111111111111111a111111111
15011,harshil,111
15012,harshil,111111111111111111111111111111111111111111@1111111111111111111111111111a1111111111111111111a111111111
15013,harshil,1
15014,harshil,1
15015,harshil,1
15016,harshil,111111111111111111111111111111111111111111@1111111111111111111111111111a1111111111111111111a111111111
15017,harshil,111
15018,harshil,111111111111111111111111111111111111111111@1111111111111111111111111111a1111111111111111111a111111111
15019,harshil,1
15020,harshil,1
15021,harshil,1
15022,harshil,111111111111111111111111111111111111111111@1111111111111111111111111111a1111111111111111111a111111111
15023,harshil,111
15024,harshil,111111111111111111111111111111111111111111@1111111111111111111111111111a1111111111111111111a111111111
15025,harshil,1
15026,harshil,1
15027,harshil,1
15028,harshil,111111111111111111111111111111111111111111@1111111111111111111111111111a1111111111111111111a111111111
15029,harshil,111
15030,harshil,111111111111111111111111111111111111111111@1111111111111111111111111111a1111111111111111111a111111111
15031,harshil,1
15032,harshil,1
15033,harshil,1
15034,harshil,111111111111111111111111111111111111111111@1111111111111111111111111111a1111111111111111111a111111111
15035,harshil,111
15036,harshil,111111111111111111111111111111111111111111@1111111111111111111111111111a1111111111111111111a111111111
15037,harshil,1
15038,harshil,1
15039,harshil,1
15040,harshil,111111111111111111111111111111111111111111@1111111111111111111111111111a1111111111111111111a111111111
15041,harshil,111
15042,harshil,111111111111111111111111111111111111111111@1111111111111111111111111111a1111111111111111111a111111111
15043,harshil,1
15044,harshil,1
15045,harshil,1
15046,harshil,111111111111111111111111111111111111111111@1111111111111111111111111111a1111111111111111111a111111111
15047,harshil,111
15048,harshil,111111111111111111111111111111111111111111@1111111111111111111111111111a1111111111111111111a111111111
15049,harshil,1
15050,harshil,1
15051,harshil,1
15052,harshil,111111111111111111111111111111111111111111@1111111111111111111111111111a1111111111111111111a111111111
15053,harshil,111
15054,harshil,111111111111111111111111111111111111111111@1111111111111111111111111111a1111111111111111111a111111111
15055,harshil,1
15056,harshil,1
15057,harshil,1
15058,harshil,111111111111111111111111111111111111111111@1111111111111111111111111111a1111111111111111111a111111111
15059,harshil,111
15060,harshil,111111111111111111111111111111111111111111@1111111111111111111111111111a1111111111111111111a111111111
15061,harshil,1
15062,harshil,1
15063,harshil,1
15064,harshil,111111111111111111111111111111111111111111@1111111111111111111111111111a1111111111111111111a111111111
15065,harshil,111
15066,harshil,111111111111111111111111111111111111111111@1111111111111111111111111111a1111111111111111111a111111111
15067,harshil,1
15068,harshil,1
15069,harshil,1
15070,harshil,111111111111111111111111111111111111111111@1111111111111111111111111111a1111111111111111111a111111111
15071,harshil,111
15072,harshil,111111111111111111111111111111111111111111@1111111111111111111111111111a1111111111111111111a111111111
15073,harshil,1
15074,harshil,1
15075,harshil,1
15076,harshil,111111111111111111111111111111111111111111@1111111111111111111111111111a1111111111111111111a111111111
15077,harshil,111
15078,harshil,111111111111111111111111111111111111111111@1111111111111111111111111111a1111111111111111111a111111111
15079,harshil,1
15080,harshil,1
15081,harshil,1
15082,harshil,111111111111111111111111111111111111111111@1111111111111111111111111111a1111111111111111111a111111111
15083,harshil,111
15084,harshil,111111111111111111111111111111111111111111@1111111111111111111111111111a1111111111111111111a111111111
15085,harshil,1
15086,harshil,1
15087,harshil,1
15088,harshil,111111111111111111111111111111111111111111@1111111111111111111111111111a1111111111111111111a111111111
15089,harshil,111
15090,harshil,111111111111111111111111111111111111111111@1111111111111111111111111111a1111111111111111111a111111111
15091,harshil,1
15092,harshil,1
15093,harshil,1
15094,harshil,111111111111111111111111111111111111111111@1111111111111111111111111111a1111111111111111111a111111111
15095,harshil,111
15096,harshil,111111111111111111111111111111111111111111@1111111111111111111111111111a1111111111111111111a111111111
15097,harshil,1
15098,harshil,1
15099,harshil,1
15100,harshil,111111111111111111111111111111111111111111@1111111111111111111111111111a1111111111111111111a111111111
15101,harshil,111
15102,harshil,111111111111111111111111111111111111111111@1111111111111111111111111111a1111111111111111111a111111111
15103,harshil,1
15104,harshil,1
15105,harshil,1
15106,harshil,111111111111111111111111111111111111111111@1111111111111111111111111111a1111111111111111111a111111111
15107,harshil,111
15108,harshil,111111111111111111111111111111111111111111@1111111111111111111111111111a1111111111111111111a111111111
15109,harshil,1
15110,harshil,1
15111,harshil,1
15112,harshil,111111111111111111111111111111111111111111@1111111111111111111111111111a1111111111111111111a111111111
15113,harshil,111
15114,harshil,111111111111111111111111111111111111111111@1111111111111111111111111111a1111111111111111111a111111111
15115,harshil,1
15116,harshil,1
15117,harshil,1
15118,harshil,111111111111111111111111111111111111111111@1111111111111111111111111111a1111111111111111111a111111111
15119,harshil,111
15120,harshil,111111111111111111111111111111111111111111@1111111111111111111111111111a1111111111111111111a111111111
15121,harshil,1
15122,harshil,1
15123,harshil,1
15124,harshil,111111111111111111111111111111111111111111@1111111111111111111111111111a1111111111111111111a111111111
15125,harshil,111
15126,harshil,111111111111111111111111111111111111111111@1111111111111111111111111111a1111111111111111111a111111111
15127,harshil,1
15128,harshil,1
15129,harshil,1
15130,harshil,111111111111111111111111111111111111111111@1111111111111111111111111111a1111111111111111111a111111111
15131,harshil,111
15132,harshil,111111111111111111111111111111111111111111@1111111111111111111111111111a1111111111111111111a111111111
15133,harshil,1
15134,harshil,1
15135,harshil,1
15136,harshil,111111111111111111111111111111111111111111@1111111111111111111111111111a1111111111111111111a111111111
15137,harshil,111
15138,harshil,111111111111111111111111111111111111111111@1111111111111111111111111111a1111111111111111111a111111111
15139,harshil,1
15140,harshil,1
15141,harshil,1
15142,harshil,111111111111111111111111111111111111111111@1111111111111111111111111111a1111111111111111111a111111111
15143,harshil,111
15144,harshil,111111111111111111111111111111111111111111@1111111111111111111111111111a1111111111111111111a111111111
15145,harshil,1
15146,harshil,1
15147,harshil,1
15148,harshil,111111111111111111111111111111111111111111@1111111111111111111111111111a1111111111111111111a111111111
15149,harshil,111
15150,harshil,111111111111111111111111111111111111111111@1111111111111111111111111111a1111111111111111111a111111111
15151,harshil,1
15152,harshil,1
15153,harshil,1
15154,harshil,111111111111111111111111111111111111111111@1111111111111111111111111111a1111111111111111111a111111111
15155,harshil,111
15156,harshil,111111111111111111111111111111111111111111@1111111111111111111111111111a1111111111111111111a111111111
15157,harshil,1
15158,harshil,1
15159,harshil,1
15160,harshil,111111111111111111111111111111111111111111@1111111111111111111111111111a1111111111111111111a111111111
15161,harshil,111
15162,harshil,111111111111111111111111111111111111111111@1111111111111111111111111111a1111111111111111111a111111111
15163,harshil,1
15164,harshil,1
15165,harshil,1
15166,harshil,111111111111111111111111111111111111111111@1111111111111111111111111111a1111111111111111111a111111111
15167,harshil,111
15168,harshil,111111111111111111111111111111111111111111@1111111111111111111111111111a1111111111111111111a111111111
15169,harshil,1
15170,harshil,1
15171,harshil,1
15172,harshil,111111111111111111111111111111111111111111@1111111111111111111111111111a1111111111111111111a111111111
15173,harshil,111
15174,harshil,111111111111111111111111111111111111111111@1111111111111111111111111111a1111111111111111111a111111111
15175,harshil,1
15176,harshil,1
15177,harshil,1
15178,harshil,111111111111111111111111111111111111111111@1111111111111111111111111111a1111111111111111111a111111111
15179,harshil,111
15180,harshil,111111111111111111111111111111111111111111@1111111111111111111111111111a1111111111111111111a111111111
15181,harshil,1
15182,harshil,1
15183,harshil,1
15184,harshil,111111111111111111111111111111111111111111@1111111111111111111111111111a1111111111111111111a111111111
15185,harshil,111
15186,harshil,111111111111111111111111111111111111111111@1111111111111111111111111111a1111111111111111111a111111111
15187,harshil,1
15188,harshil,1
15189,harshil,1
15190,harshil,111111111111111111111111111111111111111111@1111111111111111111111111111a1111111111111111111a111111111
15191,harshil,111
15192,harshil,111111111111111111111111111111111111111111@1111111111111111111111111111a1111111111111111111a111111111
15193,harshil,1
15194,harshil,1
15195,harshil,1
15196,harshil,111111111111111111111111111111111111111111@1111111111111111111111111111a1111111111111111111a111111111
15197,harshil,111
15198,harshil,111111111111111111111111111111111111111111@1111111111111111111111111111a1111111111111111111a111111111
15199,harshil,1
15200,harshil,1
15201,harshil,1
15202,harshil,111111111111111111111111111111111111111111@1111111111111111111111111111a1111111111111111111a111111111
15203,harshil,111
15204,harshil,111111111111111111111111111111111111111111@1111111111111111111111111111a1111111111111111111a111111111
15205,harshil,1
15206,harshil,1
15207,harshil,1
15208,harshil,111111111111111111111111111111111111111111@1111111111111111111111111111a1111111111111111111a111111111
15209,harshil,111
15210,harshil,111111111111111111111111111111111111111111@1111111111111111111111111111a1111111111111111111a111111111
15211,harshil,1
15212,harshil,1
15213,harshil,1
15214,harshil,111111111111111111111111111111111111111111@1111111111111111111111111111a1111111111111111111a111111111
15215,harshil,111
15216,harshil,111111111111111111111111111111111111111111@1111111111111111111111111111a1111111111111111111a111111111
15217,harshil,1
15218,harshil,1
15219,harshil,1
15220,harshil,111111111111111111111111111111111111111111@1111111111111111111111111111a1111111111111111111a111111111
15221,harshil,111
15222,harshil,111111111111111111111111111111111111111111@1111111111111111111111111111a1111111111111111111a111111111
15223,harshil,1
15224,harshil,1
15225,harshil,1
15226,harshil,111111111111111111111111111111111111111111@1111111111111111111111111111a1111111111111111111a111111111
15227,harshil,111
15228,harshil,111111111111111111111111111111111111111111@1111111111111111111111111111a1111111111111111111a111111111
15229,harshil,1
15230,harshil,1
15231,harshil,1
15232,harshil,111111111111111111111111111111111111111111@1111111111111111111111111111a1111111111111111111a111111111
15233,harshil,111
15234,harshil,111111111111111111111111111111111111111111@1111111111111111111111111111a1111111111111111111a111111111
15235,harshil,1
15236,harshil,1
15237,harshil,1
15238,harshil,111111111111111111111111111111111111111111@1111111111111111111111111111a1111111111111111111a111111111
15239,harshil,111
15240,harshil,111111111111111111111111111111111111111111@1111111111111111111111111111a1111111111111111111a111111111
15241,harshil,1
15242,harshil,1
15243,harshil,1
15244,harshil,111111111111111111111111111111111111111111@1111111111111111111111111111a1111111111111111111a111111111
15245,harshil,111
15246,harshil,111111111111111111111111111111111111111111@1111111111111111111111111111a1111111111111111111a111111111
15247,harshil,1
15248,harshil,1
15249,harshil,1
15250,harshil,111111111111111111111111111111111111111111@1111111111111111111111111111a1111111111111111111a111111111
15251,harshil,111
15252,harshil,111111111111111111111111111111111111111111@1111111111111111111111111111a1111111111111111111a111111111
15253,harshil,1
15254,harshil,1
15255,harshil,1
15256,harshil,111111111111111111111111111111111111111111@1111111111111111111111111111a1111111111111111111a111111111
15257,harshil,111
15258,harshil,111111111111111111111111111111111111111111@1111111111111111111111111111a1111111111111111111a111111111
15259,harshil,1
15260,harshil,1
15261,harshil,1
15262,harshil,111111111111111111111111111111111111111111@1111111111111111111111111111a1111111111111111111a111111111
15263,harshil,111
15264,harshil,111111111111111111111111111111111111111111@1111111111111111111111111111a1111111111111111111a111111111
15265,harshil,1
15266,harshil,1
15267,harshil,1
15268,harshil,111111111111111111111111111111111111111111@1111111111111111111111111111a1111111111111111111a111111111
15269,harshil,111
15270,harshil,111111111111111111111111111111111111111111@1111111111111111111111111111a1111111111111111111a111111111
15271,harshil,1
15272,harshil,1
15273,harshil,1
15274,harshil,111111111111111111111111111111111111111111@1111111111111111111111111111a1111111111111111111a111111111
15275,harshil,111
15276,harshil,111111111111111111111111111111111111111111@1111111111111111111111111111a1111111111111111111a111111111
15277,harshil,1
15278,harshil,1
15279,harshil,1
15280,harshil,111111111111111111111111111111111111111111@1111111111111111111111111111a1111111111111111111a111111111
15281,harshil,111
15282,harshil,111111111111111111111111111111111111111111@1111111111111111111111111111a1111111111111111111a111111111
15283,harshil,1
15284,harshil,1
15285,harshil,1
15286,harshil,111111111111111111111111111111111111111111@1111111111111111111111111111a1111111111111111111a111111111
15287,harshil,111
15288,harshil,111111111111111111111111111111111111111111@1111111111111111111111111111a1111111111111111111a111111111
15289,harshil,1
15290,harshil,1
15291,harshil,1
15292,harshil,111111111111111111111111111111111111111111@1111111111111111111111111111a1111111111111111111a111111111
15293,harshil,111
15294,harshil,111111111111111111111111111111111111111111@1111111111111111111111111111a1111111111111111111a111111111
15295,harshil,1
15296,harshil,1
15297,harshil,1
15298,harshil,111111111111111111111111111111111111111111@1111111111111111111111111111a1111111111111111111a111111111
15299,harshil,111
15300,harshil,111111111111111111111111111111111111111111@1111111111111111111111111111a1111111111111111111a111111111
15301,harshil,1
15302,harshil,1
15303,harshil,1
15304,harshil,111111111111111111111111111111111111111111@1111111111111111111111111111a1111111111111111111a111111111
15305,harshil,111
15306,harshil,111111111111111111111111111111111111111111@1111111111111111111111111111a1111111111111111111a111111111
15307,harshil,1
15308,harshil,1
15309,harshil,1
15310,harshil,111111111111111111111111111111111111111111@1111111111111111111111111111a1111111111111111111a111111111
15311,harshil,111
15312,harshil,111111111111111111111111111111111111111111@1111111111111111111111111111a1111111111111111111a111111111
15313,harshil,1
15314,harshil,1
15315,harshil,1
15316,harshil,111111111111111111111111111111111111111111@1111111111111111111111111111a1111111111111111111a111111111
15317,harshil,111
15318,harshil,111111111111111111111111111111111111111111@1111111111111111111111111111a1111111111111111111a111111111
15319,harshil,1
15320,harshil,1
15321,harshil,1
15322,harshil,111111111111111111111111111111111111111111@1111111111111111111111111111a1111111111111111111a111111111
15323,harshil,111
15324,harshil,111111111111111111111111111111111111111111@1111111111111111111111111111a1111111111111111111a111111111
15325,harshil,1
15326,harshil,1
15327,harshil,1
15328,harshil,111111111111111111111111111111111111111111@1111111111111111111111111111a1111111111111111111a111111111
15329,harshil,111
15330,harshil,111111111111111111111111111111111111111111@1111111111111111111111111111a1111111111111111111a111111111
15331,harshil,1
15332,harshil,1
15333,harshil,1
15334,harshil,111111111111111111111111111111111111111111@1111111111111111111111111111a1111111111111111111a111111111
15335,harshil,111
15336,harshil,111111111111111111111111111111111111111111@1111111111111111111111111111a1111111111111111111a111111111
15337,harshil,1
15338,harshil,1
15339,harshil,1
15340,harshil,111111111111111111111111111111111111111111@1111111111111111111111111111a1111111111111111111a111111111
15341,harshil,111
15342,harshil,111111111111111111111111111111111111111111@1111111111111111111111111111a1111111111111111111a111111111
15343,harshil,1
15344,harshil,1
15345,harshil,1
15346,harshil,111111111111111111111111111111111111111111@1111111111111111111111111111a1111111111111111111a111111111
15347,harshil,111
15348,harshil,111111111111111111111111111111111111111111@1111111111111111111111111111a1111111111111111111a111111111
15349,harshil,1
15350,harshil,1
15351,harshil,1
15352,harshil,111111111111111111111111111111111111111111@1111111111111111111111111111a1111111111111111111a111111111
15353,harshil,111
15354,harshil,111111111111111111111111111111111111111111@1111111111111111111111111111a1111111111111111111a111111111
15355,harshil,1
15356,harshil,1
15357,harshil,1
15358,harshil,111111111111111111111111111111111111111111@1111111111111111111111111111a1111111111111111111a111111111
15359,harshil,111
15360,harshil,111111111111111111111111111111111111111111@1111111111111111111111111111a1111111111111111111a111111111
15361,harshil,1
15362,harshil,1
15363,harshil,1
15364,harshil,111111111111111111111111111111111111111111@1111111111111111111111111111a1111111111111111111a111111111
15365,harshil,111
15366,harshil,111111111111111111111111111111111111111111@1111111111111111111111111111a1111111111111111111a111111111
15367,harshil,1
15368,harshil,1
15369,harshil,1
15370,harshil,111111111111111111111111111111111111111111@1111111111111111111111111111a1111111111111111111a111111111
15371,harshil,111
15372,harshil,111111111111111111111111111111111111111111@1111111111111111111111111111a1111111111111111111a111111111
15373,harshil,1
15374,harshil,1
15375,harshil,1
15376,harshil,111111111111111111111111111111111111111111@1111111111111111111111111111a1111111111111111111a111111111
15377,harshil,111
15378,harshil,111111111111111111111111111111111111111111@1111111111111111111111111111a1111111111111111111a111111111
15379,harshil,1
15380,harshil,1
15381,harshil,1
15382,harshil,111111111111111111111111111111111111111111@1111111111111111111111111111a1111111111111111111a111111111
15383,harshil,111
15384,harshil,111111111111111111111111111111111111111111@1111111111111111111111111111a1111111111111111111a111111111
15385,harshil,1
15386,harshil,1
15387,harshil,1
15388,harshil,111111111111111111111111111111111111111111@1111111111111111111111111111a1111111111111111111a111111111
15389,harshil,111
15390,harshil,111111111111111111111111111111111111111111@1111111111111111111111111111a1111111111111111111a111111111
15391,harshil,1
15392,harshil,1
15393,harshil,1
15394,harshil,111111111111111111111111111111111111111111@1111111111111111111111111111a1111111111111111111a111111111
15395,harshil,111
15396,harshil,111111111111111111111111111111111111111111@1111111111111111111111111111a1111111111111111111a111111111
15397,harshil,1
15398,harshil,1
15399,harshil,1
15400,harshil,111111111111111111111111111111111111111111@1111111111111111111111111111a1111111111111111111a111111111
15401,harshil,111
15402,harshil,111111111111111111111111111111111111111111@1111111111111111111111111111a1111111111111111111a111111111
15403,harshil,1
15404,harshil,1
15405,harshil,1
15406,harshil,111111111111111111111111111111111111111111@1111111111111111111111111111a1111111111111111111a111111111
15407,harshil,111
15408,harshil,111111111111111111111111111111111111111111@1111111111111111111111111111a1111111111111111111a111111111
15409,harshil,1
15410,harshil,1
15411,harshil,1
15412,harshil,111111111111111111111111111111111111111111@1111111111111111111111111111a1111111111111111111a111111111
15413,harshil,111
15414,harshil,111111111111111111111111111111111111111111@1111111111111111111111111111a1111111111111111111a111111111
15415,harshil,1
15416,harshil,1
15417,harshil,1
15418,harshil,111111111111111111111111111111111111111111@1111111111111111111111111111a1111111111111111111a111111111
15419,harshil,111
15420,harshil,111111111111111111111111111111111111111111@1111111111111111111111111111a1111111111111111111a111111111
15421,harshil,1
15422,harshil,1
15423,harshil,1
15424,harshil,111111111111111111111111111111111111111111@1111111111111111111111111111a1111111111111111111a111111111
15425,harshil,111
15426,harshil,111111111111111111111111111111111111111111@1111111111111111111111111111a1111111111111111111a111111111
15427,harshil,1
15428,harshil,1
15429,harshil,1
15430,harshil,111111111111111111111111111111111111111111@1111111111111111111111111111a1111111111111111111a111111111
15431,harshil,111
15432,harshil,111111111111111111111111111111111111111111@1111111111111111111111111111a1111111111111111111a111111111
15433,harshil,1
15434,harshil,1
15435,harshil,1
15436,harshil,111111111111111111111111111111111111111111@1111111111111111111111111111a1111111111111111111a111111111
15437,harshil,111
15438,harshil,111111111111111111111111111111111111111111@1111111111111111111111111111a1111111111111111111a111111111
15439,harshil,1
15440,harshil,1
15441,harshil,1
15442,harshil,111111111111111111111111111111111111111111@1111111111111111111111111111a1111111111111111111a111111111
15443,harshil,111
15444,harshil,111111111111111111111111111111111111111111@1111111111111111111111111111a1111111111111111111a111111111
15445,harshil,1
15446,harshil,1
15447,harshil,1
15448,harshil,111111111111111111111111111111111111111111@1111111111111111111111111111a1111111111111111111a111111111
15449,harshil,111
15450,harshil,111111111111111111111111111111111111111111@1111111111111111111111111111a1111111111111111111a111111111
15451,harshil,1
15452,harshil,1
15453,harshil,1
15454,harshil,111111111111111111111111111111111111111111@1111111111111111111111111111a1111111111111111111a111111111
15455,harshil,111
15456,harshil,111111111111111111111111111111111111111111@1111111111111111111111111111a1111111111111111111a111111111
15457,harshil,1
15458,harshil,1
15459,harshil,1
15460,harshil,111111111111111111111111111111111111111111@1111111111111111111111111111a1111111111111111111a111111111
15461,harshil,111
15462,harshil,111111111111111111111111111111111111111111@1111111111111111111111111111a1111111111111111111a111111111
15463,harshil,1
15464,harshil,1
15465,harshil,1
15466,harshil,111111111111111111111111111111111111111111@1111111111111111111111111111a1111111111111111111a111111111
15467,harshil,111
15468,harshil,111111111111111111111111111111111111111111@1111111111111111111111111111a1111111111111111111a111111111
15469,harshil,1
15470,harshil,1
15471,harshil,1
15472,harshil,111111111111111111111111111111111111111111@1111111111111111111111111111a1111111111111111111a111111111
15473,harshil,111
15474,harshil,111111111111111111111111111111111111111111@1111111111111111111111111111a1111111111111111111a111111111
15475,harshil,1
15476,harshil,1
15477,harshil,1
15478,harshil,111111111111111111111111111111111111111111@1111111111111111111111111111a1111111111111111111a111111111
15479,harshil,111
15480,harshil,111111111111111111111111111111111111111111@1111111111111111111111111111a1111111111111111111a111111111
15481,harshil,1
15482,harshil,1
15483,harshil,1
15484,harshil,111111111111111111111111111111111111111111@1111111111111111111111111111a1111111111111111111a111111111
15485,harshil,111
15486,harshil,111111111111111111111111111111111111111111@1111111111111111111111111111a1111111111111111111a111111111
15487,harshil,1
15488,harshil,1
15489,harshil,1
15490,harshil,111111111111111111111111111111111111111111@1111111111111111111111111111a1111111111111111111a111111111
15491,harshil,111
15492,harshil,111111111111111111111111111111111111111111@1111111111111111111111111111a1111111111111111111a111111111
15493,harshil,1
15494,harshil,1
15495,harshil,1
15496,harshil,111111111111111111111111111111111111111111@1111111111111111111111111111a1111111111111111111a111111111
15497,harshil,111
15498,harshil,111111111111111111111111111111111111111111@1111111111111111111111111111a1111111111111111111a111111111
15499,harshil,1
15500,harshil,1
15501,harshil,1
15502,harshil,111111111111111111111111111111111111111111@1111111111111111111111111111a1111111111111111111a111111111
15503,harshil,111
15504,harshil,111111111111111111111111111111111111111111@1111111111111111111111111111a1111111111111111111a111111111
15505,harshil,1
15506,harshil,1
15507,harshil,1
15508,harshil,111111111111111111111111111111111111111111@1111111111111111111111111111a1111111111111111111a111111111
15509,harshil,111
15510,harshil,111111111111111111111111111111111111111111@1111111111111111111111111111a1111111111111111111a111111111
15511,harshil,1
15512,harshil,1
15513,harshil,1
15514,harshil,111111111111111111111111111111111111111111@1111111111111111111111111111a1111111111111111111a111111111
15515,harshil,111
15516,harshil,111111111111111111111111111111111111111111@1111111111111111111111111111a1111111111111111111a111111111
15517,harshil,1
15518,harshil,1
15519,harshil,1
15520,harshil,111111111111111111111111111111111111111111@1111111111111111111111111111a1111111111111111111a111111111
15521,harshil,111
15522,harshil,111111111111111111111111111111111111111111@1111111111111111111111111111a1111111111111111111a111111111
15523,harshil,1
15524,harshil,1
15525,harshil,1
15526,harshil,111111111111111111111111111111111111111111@1111111111111111111111111111a1111111111111111111a111111111
15527,harshil,111
15528,harshil,111111111111111111111111111111111111111111@1111111111111111111111111111a1111111111111111111a111111111
15529,harshil,1
15530,harshil,1
15531,harshil,1
15532,harshil,111111111111111111111111111111111111111111@1111111111111111111111111111a1111111111111111111a111111111
15533,harshil,111
15534,harshil,111111111111111111111111111111111111111111@1111111111111111111111111111a1111111111111111111a111111111
15535,harshil,1
15536,harshil,1
15537,harshil,1
15538,harshil,111111111111111111111111111111111111111111@1111111111111111111111111111a1111111111111111111a111111111
15539,harshil,111
15540,harshil,111111111111111111111111111111111111111111@1111111111111111111111111111a1111111111111111111a111111111
15541,harshil,1
15542,harshil,1
15543,harshil,1
15544,harshil,111111111111111111111111111111111111111111@1111111111111111111111111111a1111111111111111111a111111111
15545,harshil,111
15546,harshil,111111111111111111111111111111111111111111@1111111111111111111111111111a1111111111111111111a111111111
15547,harshil,1
15548,harshil,1
15549,harshil,1
15550,harshil,111111111111111111111111111111111111111111@1111111111111111111111111111a1111111111111111111a111111111
15551,harshil,111
15552,harshil,111111111111111111111111111111111111111111@1111111111111111111111111111a1111111111111111111a111111111
15553,harshil,1
15554,harshil,1
15555,harshil,1
15556,harshil,111111111111111111111111111111111111111111@1111111111111111111111111111a1111111111111111111a111111111
15557,harshil,111
15558,harshil,111111111111111111111111111111111111111111@1111111111111111111111111111a1111111111111111111a111111111
15559,harshil,1
15560,harshil,1
15561,harshil,1
15562,harshil,111111111111111111111111111111111111111111@1111111111111111111111111111a1111111111111111111a111111111
15563,harshil,111
15564,harshil,111111111111111111111111111111111111111111@1111111111111111111111111111a1111111111111111111a111111111
15565,harshil,1
15566,harshil,1
15567,harshil,1
15568,harshil,111111111111111111111111111111111111111111@1111111111111111111111111111a1111111111111111111a111111111
15569,harshil,111
15570,harshil,111111111111111111111111111111111111111111@1111111111111111111111111111a1111111111111111111a111111111
15571,harshil,1
15572,harshil,1
15573,harshil,1
15574,harshil,111111111111111111111111111111111111111111@1111111111111111111111111111a1111111111111111111a111111111
15575,harshil,111
15576,harshil,111111111111111111111111111111111111111111@1111111111111111111111111111a1111111111111111111a111111111
15577,harshil,1
15578,harshil,1
15579,harshil,1
15580,harshil,111111111111111111111111111111111111111111@1111111111111111111111111111a1111111111111111111a111111111
15581,harshil,111
15582,harshil,111111111111111111111111111111111111111111@1111111111111111111111111111a1111111111111111111a111111111
15583,harshil,1
15584,harshil,1
15585,harshil,1
15586,harshil,111111111111111111111111111111111111111111@1111111111111111111111111111a1111111111111111111a111111111
15587,harshil,111
15588,harshil,111111111111111111111111111111111111111111@1111111111111111111111111111a1111111111111111111a111111111
15589,harshil,1
15590,harshil,1
15591,harshil,1
15592,harshil,111111111111111111111111111111111111111111@1111111111111111111111111111a1111111111111111111a111111111
15593,harshil,111
15594,harshil,111111111111111111111111111111111111111111@1111111111111111111111111111a1111111111111111111a111111111
15595,harshil,1
15596,harshil,1
15597,harshil,1
15598,harshil,111111111111111111111111111111111111111111@1111111111111111111111111111a1111111111111111111a111111111
15599,harshil,111
15600,harshil,111111111111111111111111111111111111111111@1111111111111111111111111111a1111111111111111111a111111111
15601,harshil,1
15602,harshil,1
15603,harshil,1
15604,harshil,111111111111111111111111111111111111111111@1111111111111111111111111111a1111111111111111111a111111111
15605,harshil,111
15606,harshil,111111111111111111111111111111111111111111@1111111111111111111111111111a1111111111111111111a111111111
15607,harshil,1
15608,harshil,1
15609,harshil,1
15610,harshil,111111111111111111111111111111111111111111@1111111111111111111111111111a1111111111111111111a111111111
15611,harshil,111
15612,harshil,111111111111111111111111111111111111111111@1111111111111111111111111111a1111111111111111111a111111111
15613,harshil,1
15614,harshil,1
15615,harshil,1
15616,harshil,111111111111111111111111111111111111111111@1111111111111111111111111111a1111111111111111111a111111111
15617,harshil,111
15618,harshil,111111111111111111111111111111111111111111@1111111111111111111111111111a1111111111111111111a111111111
15619,harshil,1
15620,harshil,1
15621,harshil,1
15622,harshil,111111111111111111111111111111111111111111@1111111111111111111111111111a1111111111111111111a111111111
15623,harshil,111
15624,harshil,111111111111111111111111111111111111111111@1111111111111111111111111111a1111111111111111111a111111111
15625,harshil,1
15626,harshil,1
15627,harshil,1
15628,harshil,111111111111111111111111111111111111111111@1111111111111111111111111111a1111111111111111111a111111111
15629,harshil,111
15630,harshil,111111111111111111111111111111111111111111@1111111111111111111111111111a1111111111111111111a111111111
15631,harshil,1
15632,harshil,1
15633,harshil,1
15634,harshil,111111111111111111111111111111111111111111@1111111111111111111111111111a1111111111111111111a111111111
15635,harshil,111
15636,harshil,111111111111111111111111111111111111111111@1111111111111111111111111111a1111111111111111111a111111111
15637,harshil,1
15638,harshil,1
15639,harshil,1
15640,harshil,111111111111111111111111111111111111111111@1111111111111111111111111111a1111111111111111111a111111111
15641,harshil,111
15642,harshil,111111111111111111111111111111111111111111@1111111111111111111111111111a1111111111111111111a111111111
15643,harshil,1
15644,harshil,1
15645,harshil,1
15646,harshil,111111111111111111111111111111111111111111@1111111111111111111111111111a1111111111111111111a111111111
15647,harshil,111
15648,harshil,111111111111111111111111111111111111111111@1111111111111111111111111111a1111111111111111111a111111111
15649,harshil,1
15650,harshil,1
15651,harshil,1
15652,harshil,111111111111111111111111111111111111111111@1111111111111111111111111111a1111111111111111111a111111111
15653,harshil,111
15654,harshil,111111111111111111111111111111111111111111@1111111111111111111111111111a1111111111111111111a111111111
15655,harshil,1
15656,harshil,1
15657,harshil,1
15658,harshil,111111111111111111111111111111111111111111@1111111111111111111111111111a1111111111111111111a111111111
15659,harshil,111
15660,harshil,111111111111111111111111111111111111111111@1111111111111111111111111111a1111111111111111111a111111111
15661,harshil,1
15662,harshil,1
15663,harshil,1
15664,harshil,111111111111111111111111111111111111111111@1111111111111111111111111111a1111111111111111111a111111111
15665,harshil,111
15666,harshil,111111111111111111111111111111111111111111@1111111111111111111111111111a1111111111111111111a111111111
15667,harshil,1
15668,harshil,1
15669,harshil,1
15670,harshil,111111111111111111111111111111111111111111@1111111111111111111111111111a1111111111111111111a111111111
15671,harshil,111
15672,harshil,111111111111111111111111111111111111111111@1111111111111111111111111111a1111111111111111111a111111111
15673,harshil,1
15674,harshil,1
15675,harshil,1
15676,harshil,111111111111111111111111111111111111111111@1111111111111111111111111111a1111111111111111111a111111111
15677,harshil,111
15678,harshil,111111111111111111111111111111111111111111@1111111111111111111111111111a1111111111111111111a111111111
15679,harshil,1
15680,harshil,1
15681,harshil,1
15682,harshil,111111111111111111111111111111111111111111@1111111111111111111111111111a1111111111111111111a111111111
15683,harshil,111
15684,harshil,111111111111111111111111111111111111111111@1111111111111111111111111111a1111111111111111111a111111111
15685,harshil,1
15686,harshil,1
15687,harshil,1
15688,harshil,111111111111111111111111111111111111111111@1111111111111111111111111111a1111111111111111111a111111111
15689,harshil,111
15690,harshil,111111111111111111111111111111111111111111@1111111111111111111111111111a1111111111111111111a111111111
15691,harshil,1
15692,harshil,1
15693,harshil,1
15694,harshil,111111111111111111111111111111111111111111@1111111111111111111111111111a1111111111111111111a111111111
15695,harshil,111
15696,harshil,111111111111111111111111111111111111111111@1111111111111111111111111111a1111111111111111111a111111111
15697,harshil,1
15698,harshil,1
15699,harshil,1
15700,harshil,111111111111111111111111111111111111111111@1111111111111111111111111111a1111111111111111111a111111111
15701,harshil,111
15702,harshil,111111111111111111111111111111111111111111@1111111111111111111111111111a1111111111111111111a111111111
15703,harshil,1
15704,harshil,1
15705,harshil,1
15706,harshil,111111111111111111111111111111111111111111@1111111111111111111111111111a1111111111111111111a111111111
15707,harshil,111
15708,harshil,111111111111111111111111111111111111111111@1111111111111111111111111111a1111111111111111111a111111111
15709,harshil,1
15710,harshil,1
15711,harshil,1
15712,harshil,111111111111111111111111111111111111111111@1111111111111111111111111111a1111111111111111111a111111111
15713,harshil,111
15714,harshil,111111111111111111111111111111111111111111@1111111111111111111111111111a1111111111111111111a111111111
15715,harshil,1
15716,harshil,1
15717,harshil,1
15718,harshil,111111111111111111111111111111111111111111@1111111111111111111111111111a1111111111111111111a111111111
15719,harshil,111
15720,harshil,111111111111111111111111111111111111111111@1111111111111111111111111111a1111111111111111111a111111111
15721,harshil,1
15722,harshil,1
15723,harshil,1
15724,harshil,111111111111111111111111111111111111111111@1111111111111111111111111111a1111111111111111111a111111111
15725,harshil,111
15726,harshil,111111111111111111111111111111111111111111@1111111111111111111111111111a1111111111111111111a111111111
15727,harshil,1
15728,harshil,1
15729,harshil,1
15730,harshil,111111111111111111111111111111111111111111@1111111111111111111111111111a1111111111111111111a111111111
15731,harshil,111
15732,harshil,111111111111111111111111111111111111111111@1111111111111111111111111111a1111111111111111111a111111111
15733,harshil,1
15734,harshil,1
15735,harshil,1
15736,harshil,111111111111111111111111111111111111111111@1111111111111111111111111111a1111111111111111111a111111111
15737,harshil,111
15738,harshil,111111111111111111111111111111111111111111@1111111111111111111111111111a1111111111111111111a111111111
15739,harshil,1
15740,harshil,1
15741,harshil,1
15742,harshil,111111111111111111111111111111111111111111@1111111111111111111111111111a1111111111111111111a111111111
15743,harshil,111
15744,harshil,111111111111111111111111111111111111111111@1111111111111111111111111111a1111111111111111111a111111111
15745,harshil,1
15746,harshil,1
15747,harshil,1
15748,harshil,111111111111111111111111111111111111111111@1111111111111111111111111111a1111111111111111111a111111111
15749,harshil,111
15750,harshil,111111111111111111111111111111111111111111@1111111111111111111111111111a1111111111111111111a111111111
15751,harshil,1
15752,harshil,1
15753,harshil,1
15754,harshil,111111111111111111111111111111111111111111@1111111111111111111111111111a1111111111111111111a111111111
15755,harshil,111
15756,harshil,111111111111111111111111111111111111111111@1111111111111111111111111111a1111111111111111111a111111111
15757,harshil,1
15758,harshil,1
15759,harshil,1
15760,harshil,111111111111111111111111111111111111111111@1111111111111111111111111111a1111111111111111111a111111111
15761,harshil,111
15762,harshil,111111111111111111111111111111111111111111@1111111111111111111111111111a1111111111111111111a111111111
15763,harshil,1
15764,harshil,1
15765,harshil,1
15766,harshil,111111111111111111111111111111111111111111@1111111111111111111111111111a1111111111111111111a111111111
15767,harshil,111
15768,harshil,111111111111111111111111111111111111111111@1111111111111111111111111111a1111111111111111111a111111111
15769,harshil,1
15770,harshil,1
15771,harshil,1
15772,harshil,111111111111111111111111111111111111111111@1111111111111111111111111111a1111111111111111111a111111111
15773,harshil,111
15774,harshil,111111111111111111111111111111111111111111@1111111111111111111111111111a1111111111111111111a111111111
15775,harshil,1
15776,harshil,1
15777,harshil,1
15778,harshil,111111111111111111111111111111111111111111@1111111111111111111111111111a1111111111111111111a111111111
15779,harshil,111
15780,harshil,111111111111111111111111111111111111111111@1111111111111111111111111111a1111111111111111111a111111111
15781,harshil,1
15782,harshil,1
15783,harshil,1
15784,harshil,111111111111111111111111111111111111111111@1111111111111111111111111111a1111111111111111111a111111111
15785,harshil,111
15786,harshil,111111111111111111111111111111111111111111@1111111111111111111111111111a1111111111111111111a111111111
15787,harshil,1
15788,harshil,1
15789,harshil,1
15790,harshil,111111111111111111111111111111111111111111@1111111111111111111111111111a1111111111111111111a111111111
15791,harshil,111
15792,harshil,111111111111111111111111111111111111111111@1111111111111111111111111111a1111111111111111111a111111111
15793,harshil,1
15794,harshil,1
15795,harshil,1
15796,harshil,111111111111111111111111111111111111111111@1111111111111111111111111111a1111111111111111111a111111111
15797,harshil,111
15798,harshil,111111111111111111111111111111111111111111@1111111111111111111111111111a1111111111111111111a111111111
15799,harshil,1
15800,harshil,1
15801,harshil,1
15802,harshil,111111111111111111111111111111111111111111@1111111111111111111111111111a1111111111111111111a111111111
15803,harshil,111
15804,harshil,111111111111111111111111111111111111111111@1111111111111111111111111111a1111111111111111111a111111111
15805,harshil,1
15806,harshil,1
15807,harshil,1
15808,harshil,111111111111111111111111111111111111111111@1111111111111111111111111111a1111111111111111111a111111111
15809,harshil,111
15810,harshil,111111111111111111111111111111111111111111@1111111111111111111111111111a1111111111111111111a111111111
15811,harshil,1
15812,harshil,1
15813,harshil,1
15814,harshil,111111111111111111111111111111111111111111@1111111111111111111111111111a1111111111111111111a111111111
15815,harshil,111
15816,harshil,111111111111111111111111111111111111111111@1111111111111111111111111111a1111111111111111111a111111111
15817,harshil,1
15818,harshil,1
15819,harshil,1
15820,harshil,111111111111111111111111111111111111111111@1111111111111111111111111111a1111111111111111111a111111111
15821,harshil,111
15822,harshil,111111111111111111111111111111111111111111@1111111111111111111111111111a1111111111111111111a111111111
15823,harshil,1
15824,harshil,1
15825,harshil,1
15826,harshil,111111111111111111111111111111111111111111@1111111111111111111111111111a1111111111111111111a111111111
15827,harshil,111
15828,harshil,111111111111111111111111111111111111111111@1111111111111111111111111111a1111111111111111111a111111111
15829,harshil,1
15830,harshil,1
15831,harshil,1
15832,harshil,111111111111111111111111111111111111111111@1111111111111111111111111111a1111111111111111111a111111111
15833,harshil,111
15834,harshil,111111111111111111111111111111111111111111@1111111111111111111111111111a1111111111111111111a111111111
15835,harshil,1
15836,harshil,1
15837,harshil,1
15838,harshil,111111111111111111111111111111111111111111@1111111111111111111111111111a1111111111111111111a111111111
15839,harshil,111
15840,harshil,111111111111111111111111111111111111111111@1111111111111111111111111111a1111111111111111111a111111111
15841,harshil,1
15842,harshil,1
15843,harshil,1
15844,harshil,111111111111111111111111111111111111111111@1111111111111111111111111111a1111111111111111111a111111111
15845,harshil,111
15846,harshil,111111111111111111111111111111111111111111@1111111111111111111111111111a1111111111111111111a111111111
15847,harshil,1
15848,harshil,1
15849,harshil,1
15850,harshil,111111111111111111111111111111111111111111@1111111111111111111111111111a1111111111111111111a111111111
15851,harshil,111
15852,harshil,111111111111111111111111111111111111111111@1111111111111111111111111111a1111111111111111111a111111111
15853,harshil,1
15854,harshil,1
15855,harshil,1
15856,harshil,111111111111111111111111111111111111111111@1111111111111111111111111111a1111111111111111111a111111111
15857,harshil,111
15858,harshil,111111111111111111111111111111111111111111@1111111111111111111111111111a1111111111111111111a111111111
15859,harshil,1
15860,harshil,1
15861,harshil,1
15862,harshil,111111111111111111111111111111111111111111@1111111111111111111111111111a1111111111111111111a111111111
15863,harshil,111
15864,harshil,111111111111111111111111111111111111111111@1111111111111111111111111111a1111111111111111111a111111111
15865,harshil,1
15866,harshil,1
15867,harshil,1
15868,harshil,111111111111111111111111111111111111111111@1111111111111111111111111111a1111111111111111111a111111111
15869,harshil,111
15870,harshil,111111111111111111111111111111111111111111@1111111111111111111111111111a1111111111111111111a111111111
15871,harshil,1
15872,harshil,1
15873,harshil,1
15874,harshil,111111111111111111111111111111111111111111@1111111111111111111111111111a1111111111111111111a111111111
15875,harshil,111
15876,harshil,111111111111111111111111111111111111111111@1111111111111111111111111111a1111111111111111111a111111111
15877,harshil,1
15878,harshil,1
15879,harshil,1
15880,harshil,111111111111111111111111111111111111111111@1111111111111111111111111111a1111111111111111111a111111111
15881,harshil,111
15882,harshil,111111111111111111111111111111111111111111@1111111111111111111111111111a1111111111111111111a111111111
15883,harshil,1
15884,harshil,1
15885,harshil,1
15886,harshil,111111111111111111111111111111111111111111@1111111111111111111111111111a1111111111111111111a111111111
15887,harshil,111
15888,harshil,111111111111111111111111111111111111111111@1111111111111111111111111111a1111111111111111111a111111111
15889,harshil,1
15890,harshil,1
15891,harshil,1
15892,harshil,111111111111111111111111111111111111111111@1111111111111111111111111111a1111111111111111111a111111111
15893,harshil,111
15894,harshil,111111111111111111111111111111111111111111@1111111111111111111111111111a1111111111111111111a111111111
15895,harshil,1
15896,harshil,1
15897,harshil,1
15898,harshil,111111111111111111111111111111111111111111@1111111111111111111111111111a1111111111111111111a111111111
15899,harshil,111
15900,harshil,111111111111111111111111111111111111111111@1111111111111111111111111111a1111111111111111111a111111111
15901,harshil,1
15902,harshil,1
15903,harshil,1
15904,harshil,111111111111111111111111111111111111111111@1111111111111111111111111111a1111111111111111111a111111111
15905,harshil,111
15906,harshil,111111111111111111111111111111111111111111@1111111111111111111111111111a1111111111111111111a111111111
15907,harshil,1
15908,harshil,1
15909,harshil,1
15910,harshil,111111111111111111111111111111111111111111@1111111111111111111111111111a1111111111111111111a111111111
15911,harshil,111
15912,harshil,111111111111111111111111111111111111111111@1111111111111111111111111111a1111111111111111111a111111111
15913,harshil,1
15914,harshil,1
15915,harshil,1
15916,harshil,111111111111111111111111111111111111111111@1111111111111111111111111111a1111111111111111111a111111111
15917,harshil,111
15918,harshil,111111111111111111111111111111111111111111@1111111111111111111111111111a1111111111111111111a111111111
15919,harshil,1
15920,harshil,1
15921,harshil,1
15922,harshil,111111111111111111111111111111111111111111@1111111111111111111111111111a1111111111111111111a111111111
15923,harshil,111
15924,harshil,111111111111111111111111111111111111111111@1111111111111111111111111111a1111111111111111111a111111111
15925,harshil,1
15926,harshil,1
15927,harshil,1
15928,harshil,111111111111111111111111111111111111111111@1111111111111111111111111111a1111111111111111111a111111111
15929,harshil,111
15930,harshil,111111111111111111111111111111111111111111@1111111111111111111111111111a1111111111111111111a111111111
15931,harshil,1
15932,harshil,1
15933,harshil,1
15934,harshil,111111111111111111111111111111111111111111@1111111111111111111111111111a1111111111111111111a111111111
15935,harshil,111
15936,harshil,111111111111111111111111111111111111111111@1111111111111111111111111111a1111111111111111111a111111111
15937,harshil,1
15938,harshil,1
15939,harshil,1
15940,harshil,111111111111111111111111111111111111111111@1111111111111111111111111111a1111111111111111111a111111111
15941,harshil,111
15942,harshil,111111111111111111111111111111111111111111@1111111111111111111111111111a1111111111111111111a111111111
15943,harshil,1
15944,harshil,1
15945,harshil,1
15946,harshil,111111111111111111111111111111111111111111@1111111111111111111111111111a1111111111111111111a111111111
15947,harshil,111
15948,harshil,111111111111111111111111111111111111111111@1111111111111111111111111111a1111111111111111111a111111111
15949,harshil,1
15950,harshil,1
15951,harshil,1
15952,harshil,111111111111111111111111111111111111111111@1111111111111111111111111111a1111111111111111111a111111111
15953,harshil,111
15954,harshil,111111111111111111111111111111111111111111@1111111111111111111111111111a1111111111111111111a111111111
15955,harshil,1
15956,harshil,1
15957,harshil,1
15958,harshil,111111111111111111111111111111111111111111@1111111111111111111111111111a1111111111111111111a111111111
15959,harshil,111
15960,harshil,111111111111111111111111111111111111111111@1111111111111111111111111111a1111111111111111111a111111111
15961,harshil,1
15962,harshil,1
15963,harshil,1
15964,harshil,111111111111111111111111111111111111111111@1111111111111111111111111111a1111111111111111111a111111111
15965,harshil,111
15966,harshil,111111111111111111111111111111111111111111@1111111111111111111111111111a1111111111111111111a111111111
15967,harshil,1
15968,harshil,1
15969,harshil,1
15970,harshil,111111111111111111111111111111111111111111@1111111111111111111111111111a1111111111111111111a111111111
15971,harshil,111
15972,harshil,111111111111111111111111111111111111111111@1111111111111111111111111111a1111111111111111111a111111111
15973,harshil,1
15974,harshil,1
15975,harshil,1
15976,harshil,111111111111111111111111111111111111111111@1111111111111111111111111111a1111111111111111111a111111111
15977,harshil,111
15978,harshil,111111111111111111111111111111111111111111@1111111111111111111111111111a1111111111111111111a111111111
15979,harshil,1
15980,harshil,1
15981,harshil,1
15982,harshil,111111111111111111111111111111111111111111@1111111111111111111111111111a1111111111111111111a111111111
15983,harshil,111
15984,harshil,111111111111111111111111111111111111111111@1111111111111111111111111111a1111111111111111111a111111111
15985,harshil,1
15986,harshil,1
15987,harshil,1
15988,harshil,111111111111111111111111111111111111111111@1111111111111111111111111111a1111111111111111111a111111111
15989,harshil,111
15990,harshil,111111111111111111111111111111111111111111@1111111111111111111111111111a1111111111111111111a111111111
15991,harshil,1
15992,harshil,1
15993,harshil,1
15994,harshil,111111111111111111111111111111111111111111@1111111111111111111111111111a1111111111111111111a111111111
15995,harshil,111
15996,harshil,111111111111111111111111111111111111111111@1111111111111111111111111111a1111111111111111111a111111111
15997,harshil,1
15998,harshil,1
15999,harshil,1
16000,harshil,111111111111111111111111111111111111111111@1111111111111111111111111111a1111111111111111111a111111111
16001,harshil,111
16002,harshil,111111111111111111111111111111111111111111@1111111111111111111111111111a1111111111111111111a111111111
16003,harshil,1
16004,harshil,1
16005,harshil,1
16006,harshil,111111111111111111111111111111111111111111@1111111111111111111111111111a1111111111111111111a111111111
16007,harshil,111
16008,harshil,111111111111111111111111111111111111111111@1111111111111111111111111111a1111111111111111111a111111111
16009,harshil,1
16010,harshil,1
16011,harshil,1
16012,harshil,111111111111111111111111111111111111111111@1111111111111111111111111111a1111111111111111111a111111111
16013,harshil,111
16014,harshil,111111111111111111111111111111111111111111@1111111111111111111111111111a1111111111111111111a111111111
16015,harshil,1
16016,harshil,1
16017,harshil,1
16018,harshil,111111111111111111111111111111111111111111@1111111111111111111111111111a1111111111111111111a111111111
16019,harshil,111
16020,harshil,111111111111111111111111111111111111111111@1111111111111111111111111111a1111111111111111111a111111111
16021,harshil,1
16022,harshil,1
16023,harshil,1
16024,harshil,111111111111111111111111111111111111111111@1111111111111111111111111111a1111111111111111111a111111111
16025,harshil,111
16026,harshil,111111111111111111111111111111111111111111@1111111111111111111111111111a1111111111111111111a111111111
16027,harshil,1
16028,harshil,1
16029,harshil,1
16030,harshil,111111111111111111111111111111111111111111@1111111111111111111111111111a1111111111111111111a111111111
16031,harshil,111
16032,harshil,111111111111111111111111111111111111111111@1111111111111111111111111111a1111111111111111111a111111111
16033,harshil,1
16034,harshil,1
16035,harshil,1
16036,harshil,111111111111111111111111111111111111111111@1111111111111111111111111111a1111111111111111111a111111111
16037,harshil,111
16038,harshil,111111111111111111111111111111111111111111@1111111111111111111111111111a1111111111111111111a111111111
16039,harshil,1
16040,harshil,1
16041,harshil,1
16042,harshil,111111111111111111111111111111111111111111@1111111111111111111111111111a1111111111111111111a111111111
16043,harshil,111
16044,harshil,111111111111111111111111111111111111111111@1111111111111111111111111111a1111111111111111111a111111111
16045,harshil,1
16046,harshil,1
16047,harshil,1
16048,harshil,111111111111111111111111111111111111111111@1111111111111111111111111111a1111111111111111111a111111111
16049,harshil,111
16050,harshil,111111111111111111111111111111111111111111@1111111111111111111111111111a1111111111111111111a111111111
16051,harshil,1
16052,harshil,1
16053,harshil,1
16054,harshil,111111111111111111111111111111111111111111@1111111111111111111111111111a1111111111111111111a111111111
16055,harshil,111
16056,harshil,111111111111111111111111111111111111111111@1111111111111111111111111111a1111111111111111111a111111111
16057,harshil,1
16058,harshil,1
16059,harshil,1
16060,harshil,111111111111111111111111111111111111111111@1111111111111111111111111111a1111111111111111111a111111111
16061,harshil,111
16062,harshil,111111111111111111111111111111111111111111@1111111111111111111111111111a1111111111111111111a111111111
16063,harshil,1
16064,harshil,1
16065,harshil,1
16066,harshil,111111111111111111111111111111111111111111@1111111111111111111111111111a1111111111111111111a111111111
16067,harshil,111
16068,harshil,111111111111111111111111111111111111111111@1111111111111111111111111111a1111111111111111111a111111111
16069,harshil,1
16070,harshil,1
16071,harshil,1
16072,harshil,111111111111111111111111111111111111111111@1111111111111111111111111111a1111111111111111111a111111111
16073,harshil,111
16074,harshil,111111111111111111111111111111111111111111@1111111111111111111111111111a1111111111111111111a111111111
16075,harshil,1
16076,harshil,1
16077,harshil,1
16078,harshil,111111111111111111111111111111111111111111@1111111111111111111111111111a1111111111111111111a111111111
16079,harshil,111
16080,harshil,111111111111111111111111111111111111111111@1111111111111111111111111111a1111111111111111111a111111111
16081,harshil,1
16082,harshil,1
16083,harshil,1
16084,harshil,111111111111111111111111111111111111111111@1111111111111111111111111111a1111111111111111111a111111111
16085,harshil,111
16086,harshil,111111111111111111111111111111111111111111@1111111111111111111111111111a1111111111111111111a111111111
16087,harshil,1
16088,harshil,1
16089,harshil,1
16090,harshil,111111111111111111111111111111111111111111@1111111111111111111111111111a1111111111111111111a111111111
16091,harshil,111
16092,harshil,111111111111111111111111111111111111111111@1111111111111111111111111111a1111111111111111111a111111111
16093,harshil,1
16094,harshil,1
16095,harshil,1
16096,harshil,111111111111111111111111111111111111111111@1111111111111111111111111111a1111111111111111111a111111111
16097,harshil,111
16098,harshil,111111111111111111111111111111111111111111@1111111111111111111111111111a1111111111111111111a111111111
16099,harshil,1
16100,harshil,1
16101,harshil,1
16102,harshil,111111111111111111111111111111111111111111@1111111111111111111111111111a1111111111111111111a111111111
16103,harshil,111
16104,harshil,111111111111111111111111111111111111111111@1111111111111111111111111111a1111111111111111111a111111111
16105,harshil,1
16106,harshil,1
16107,harshil,1
16108,harshil,111111111111111111111111111111111111111111@1111111111111111111111111111a1111111111111111111a111111111
16109,harshil,111
16110,harshil,111111111111111111111111111111111111111111@1111111111111111111111111111a1111111111111111111a111111111
16111,harshil,1
16112,harshil,1
16113,harshil,1
16114,harshil,111111111111111111111111111111111111111111@1111111111111111111111111111a1111111111111111111a111111111
16115,harshil,111
16116,harshil,111111111111111111111111111111111111111111@1111111111111111111111111111a1111111111111111111a111111111
16117,harshil,1
16118,harshil,1
16119,harshil,1
16120,harshil,111111111111111111111111111111111111111111@1111111111111111111111111111a1111111111111111111a111111111
16121,harshil,111
16122,harshil,111111111111111111111111111111111111111111@1111111111111111111111111111a1111111111111111111a111111111
16123,harshil,1
16124,harshil,1
16125,harshil,1
16126,harshil,111111111111111111111111111111111111111111@1111111111111111111111111111a1111111111111111111a111111111
16127,harshil,111
16128,harshil,111111111111111111111111111111111111111111@1111111111111111111111111111a1111111111111111111a111111111
16129,harshil,1
16130,harshil,1
16131,harshil,1
16132,harshil,111111111111111111111111111111111111111111@1111111111111111111111111111a1111111111111111111a111111111
16133,harshil,111
16134,harshil,111111111111111111111111111111111111111111@1111111111111111111111111111a1111111111111111111a111111111
16135,harshil,1
16136,harshil,1
16137,harshil,1
16138,harshil,111111111111111111111111111111111111111111@1111111111111111111111111111a1111111111111111111a111111111
16139,harshil,111
16140,harshil,111111111111111111111111111111111111111111@1111111111111111111111111111a1111111111111111111a111111111
16141,harshil,1
16142,harshil,1
16143,harshil,1
16144,harshil,111111111111111111111111111111111111111111@1111111111111111111111111111a1111111111111111111a111111111
16145,harshil,111
16146,harshil,111111111111111111111111111111111111111111@1111111111111111111111111111a1111111111111111111a111111111
16147,harshil,1
16148,harshil,1
16149,harshil,1
16150,harshil,111111111111111111111111111111111111111111@1111111111111111111111111111a1111111111111111111a111111111
16151,harshil,111
16152,harshil,111111111111111111111111111111111111111111@1111111111111111111111111111a1111111111111111111a111111111
16153,harshil,1
16154,harshil,1
16155,harshil,1
16156,harshil,111111111111111111111111111111111111111111@1111111111111111111111111111a1111111111111111111a111111111
16157,harshil,111
16158,harshil,111111111111111111111111111111111111111111@1111111111111111111111111111a1111111111111111111a111111111
16159,harshil,1
16160,harshil,1
16161,harshil,1
16162,harshil,111111111111111111111111111111111111111111@1111111111111111111111111111a1111111111111111111a111111111
16163,harshil,111
16164,harshil,111111111111111111111111111111111111111111@1111111111111111111111111111a1111111111111111111a111111111
16165,harshil,1
16166,harshil,1
16167,harshil,1
16168,harshil,111111111111111111111111111111111111111111@1111111111111111111111111111a1111111111111111111a111111111
16169,harshil,111
16170,harshil,111111111111111111111111111111111111111111@1111111111111111111111111111a1111111111111111111a111111111
16171,harshil,1
16172,harshil,1
16173,harshil,1
16174,harshil,111111111111111111111111111111111111111111@1111111111111111111111111111a1111111111111111111a111111111
16175,harshil,111
16176,harshil,111111111111111111111111111111111111111111@1111111111111111111111111111a1111111111111111111a111111111
16177,harshil,1
16178,harshil,1
16179,harshil,1
16180,harshil,111111111111111111111111111111111111111111@1111111111111111111111111111a1111111111111111111a111111111
16181,harshil,111
16182,harshil,111111111111111111111111111111111111111111@1111111111111111111111111111a1111111111111111111a111111111
16183,harshil,1
16184,harshil,1
16185,harshil,1
16186,harshil,111111111111111111111111111111111111111111@1111111111111111111111111111a1111111111111111111a111111111
16187,harshil,111
16188,harshil,111111111111111111111111111111111111111111@1111111111111111111111111111a1111111111111111111a111111111
16189,harshil,1
16190,harshil,1
16191,harshil,1
16192,harshil,111111111111111111111111111111111111111111@1111111111111111111111111111a1111111111111111111a111111111
16193,harshil,111
16194,harshil,111111111111111111111111111111111111111111@1111111111111111111111111111a1111111111111111111a111111111
16195,harshil,1
16196,harshil,1
16197,harshil,1
16198,harshil,111111111111111111111111111111111111111111@1111111111111111111111111111a1111111111111111111a111111111
16199,harshil,111
16200,harshil,111111111111111111111111111111111111111111@1111111111111111111111111111a1111111111111111111a111111111
16201,harshil,1
16202,harshil,1
16203,harshil,1
16204,harshil,111111111111111111111111111111111111111111@1111111111111111111111111111a1111111111111111111a111111111
16205,harshil,111
16206,harshil,111111111111111111111111111111111111111111@1111111111111111111111111111a1111111111111111111a111111111
16207,harshil,1
16208,harshil,1
16209,harshil,1
16210,harshil,111111111111111111111111111111111111111111@1111111111111111111111111111a1111111111111111111a111111111
16211,harshil,111
16212,harshil,111111111111111111111111111111111111111111@1111111111111111111111111111a1111111111111111111a111111111
16213,harshil,1
16214,harshil,1
16215,harshil,1
16216,harshil,111111111111111111111111111111111111111111@1111111111111111111111111111a1111111111111111111a111111111
16217,harshil,111
16218,harshil,111111111111111111111111111111111111111111@1111111111111111111111111111a1111111111111111111a111111111
16219,harshil,1
16220,harshil,1
16221,harshil,1
16222,harshil,111111111111111111111111111111111111111111@1111111111111111111111111111a1111111111111111111a111111111
16223,harshil,111
16224,harshil,111111111111111111111111111111111111111111@1111111111111111111111111111a1111111111111111111a111111111
16225,harshil,1
16226,harshil,1
16227,harshil,1
16228,harshil,111111111111111111111111111111111111111111@1111111111111111111111111111a1111111111111111111a111111111
16229,harshil,111
16230,harshil,111111111111111111111111111111111111111111@1111111111111111111111111111a1111111111111111111a111111111
16231,harshil,1
16232,harshil,1
16233,harshil,1
16234,harshil,111111111111111111111111111111111111111111@1111111111111111111111111111a1111111111111111111a111111111
16235,harshil,111
16236,harshil,111111111111111111111111111111111111111111@1111111111111111111111111111a1111111111111111111a111111111
16237,harshil,1
16238,harshil,1
16239,harshil,1
16240,harshil,111111111111111111111111111111111111111111@1111111111111111111111111111a1111111111111111111a111111111
16241,harshil,111
16242,harshil,111111111111111111111111111111111111111111@1111111111111111111111111111a1111111111111111111a111111111
16243,harshil,1
16244,harshil,1
16245,harshil,1
16246,harshil,111111111111111111111111111111111111111111@1111111111111111111111111111a1111111111111111111a111111111
16247,harshil,111
16248,harshil,111111111111111111111111111111111111111111@1111111111111111111111111111a1111111111111111111a111111111
16249,harshil,1
16250,harshil,1
16251,harshil,1
16252,harshil,111111111111111111111111111111111111111111@1111111111111111111111111111a1111111111111111111a111111111
16253,harshil,111
16254,harshil,111111111111111111111111111111111111111111@1111111111111111111111111111a1111111111111111111a111111111
16255,harshil,1
16256,harshil,1
16257,harshil,1
16258,harshil,111111111111111111111111111111111111111111@1111111111111111111111111111a1111111111111111111a111111111
16259,harshil,111
16260,harshil,111111111111111111111111111111111111111111@1111111111111111111111111111a1111111111111111111a111111111
16261,harshil,1
16262,harshil,1
16263,harshil,1
16264,harshil,111111111111111111111111111111111111111111@1111111111111111111111111111a1111111111111111111a111111111
16265,harshil,111
16266,harshil,111111111111111111111111111111111111111111@1111111111111111111111111111a1111111111111111111a111111111
16267,harshil,1
16268,harshil,1
16269,harshil,1
16270,harshil,111111111111111111111111111111111111111111@1111111111111111111111111111a1111111111111111111a111111111
16271,harshil,111
16272,harshil,111111111111111111111111111111111111111111@1111111111111111111111111111a1111111111111111111a111111111
16273,harshil,1
16274,harshil,1
16275,harshil,1
16276,harshil,111111111111111111111111111111111111111111@1111111111111111111111111111a1111111111111111111a111111111
16277,harshil,111
16278,harshil,111111111111111111111111111111111111111111@1111111111111111111111111111a1111111111111111111a111111111
16279,harshil,1
16280,harshil,1
16281,harshil,1
16282,harshil,111111111111111111111111111111111111111111@1111111111111111111111111111a1111111111111111111a111111111
16283,harshil,111
16284,harshil,111111111111111111111111111111111111111111@1111111111111111111111111111a1111111111111111111a111111111
16285,harshil,1
16286,harshil,1
16287,harshil,1
16288,harshil,111111111111111111111111111111111111111111@1111111111111111111111111111a1111111111111111111a111111111
16289,harshil,111
16290,harshil,111111111111111111111111111111111111111111@1111111111111111111111111111a1111111111111111111a111111111
16291,harshil,1
16292,harshil,1
16293,harshil,1
16294,harshil,111111111111111111111111111111111111111111@1111111111111111111111111111a1111111111111111111a111111111
16295,harshil,111
16296,harshil,111111111111111111111111111111111111111111@1111111111111111111111111111a1111111111111111111a111111111
16297,harshil,1
16298,harshil,1
16299,harshil,1
16300,harshil,111111111111111111111111111111111111111111@1111111111111111111111111111a1111111111111111111a111111111
16301,harshil,111
16302,harshil,111111111111111111111111111111111111111111@1111111111111111111111111111a1111111111111111111a111111111
16303,harshil,1
16304,harshil,1
16305,harshil,1
16306,harshil,111111111111111111111111111111111111111111@1111111111111111111111111111a1111111111111111111a111111111
16307,harshil,111
16308,harshil,111111111111111111111111111111111111111111@1111111111111111111111111111a1111111111111111111a111111111
16309,harshil,1
16310,harshil,1
16311,harshil,1
16312,harshil,111111111111111111111111111111111111111111@1111111111111111111111111111a1111111111111111111a111111111
16313,harshil,111
16314,harshil,111111111111111111111111111111111111111111@1111111111111111111111111111a1111111111111111111a111111111
16315,harshil,1
16316,harshil,1
16317,harshil,1
16318,harshil,111111111111111111111111111111111111111111@1111111111111111111111111111a1111111111111111111a111111111
16319,harshil,111
16320,harshil,111111111111111111111111111111111111111111@1111111111111111111111111111a1111111111111111111a111111111
16321,harshil,1
16322,harshil,1
16323,harshil,1
16324,harshil,111111111111111111111111111111111111111111@1111111111111111111111111111a1111111111111111111a111111111
16325,harshil,111
16326,harshil,111111111111111111111111111111111111111111@1111111111111111111111111111a1111111111111111111a111111111
16327,harshil,1
16328,harshil,1
16329,harshil,1
16330,harshil,111111111111111111111111111111111111111111@1111111111111111111111111111a1111111111111111111a111111111
16331,harshil,111
16332,harshil,111111111111111111111111111111111111111111@1111111111111111111111111111a1111111111111111111a111111111
16333,harshil,1
16334,harshil,1
16335,harshil,1
16336,harshil,111111111111111111111111111111111111111111@1111111111111111111111111111a1111111111111111111a111111111
16337,harshil,111
16338,harshil,111111111111111111111111111111111111111111@1111111111111111111111111111a1111111111111111111a111111111
16339,harshil,1
16340,harshil,1
16341,harshil,1
16342,harshil,111111111111111111111111111111111111111111@1111111111111111111111111111a1111111111111111111a111111111
16343,harshil,111
16344,harshil,111111111111111111111111111111111111111111@1111111111111111111111111111a1111111111111111111a111111111
16345,harshil,1
16346,harshil,1
16347,harshil,1
16348,harshil,111111111111111111111111111111111111111111@1111111111111111111111111111a1111111111111111111a111111111
16349,harshil,111
16350,harshil,111111111111111111111111111111111111111111@1111111111111111111111111111a1111111111111111111a111111111
16351,harshil,1
16352,harshil,1
16353,harshil,1
16354,harshil,111111111111111111111111111111111111111111@1111111111111111111111111111a1111111111111111111a111111111
16355,harshil,111
16356,harshil,111111111111111111111111111111111111111111@1111111111111111111111111111a1111111111111111111a111111111
16357,harshil,1
16358,harshil,1
16359,harshil,1
16360,harshil,111111111111111111111111111111111111111111@1111111111111111111111111111a1111111111111111111a111111111
16361,harshil,111
16362,harshil,111111111111111111111111111111111111111111@1111111111111111111111111111a1111111111111111111a111111111
16363,harshil,1
16364,harshil,1
16365,harshil,1
16366,harshil,111111111111111111111111111111111111111111@1111111111111111111111111111a1111111111111111111a111111111
16367,harshil,111
16368,harshil,111111111111111111111111111111111111111111@1111111111111111111111111111a1111111111111111111a111111111
16369,harshil,1
16370,harshil,1
16371,harshil,1
16372,harshil,111111111111111111111111111111111111111111@1111111111111111111111111111a1111111111111111111a111111111
16373,harshil,111
16374,harshil,111111111111111111111111111111111111111111@1111111111111111111111111111a1111111111111111111a111111111
16375,harshil,1
16376,harshil,1
16377,harshil,1
16378,harshil,111111111111111111111111111111111111111111@1111111111111111111111111111a1111111111111111111a111111111
16379,harshil,111
16380,harshil,111111111111111111111111111111111111111111@1111111111111111111111111111a1111111111111111111a111111111
16381,harshil,1
16382,harshil,1
16383,harshil,1
16384,harshil,111111111111111111111111111111111111111111@1111111111111111111111111111a1111111111111111111a111111111
16385,harshil,111
16386,harshil,111111111111111111111111111111111111111111@1111111111111111111111111111a1111111111111111111a111111111
16387,harshil,1
16388,harshil,1
16389,harshil,1
16390,harshil,111111111111111111111111111111111111111111@1111111111111111111111111111a1111111111111111111a111111111
16391,harshil,111
16392,harshil,111111111111111111111111111111111111111111@1111111111111111111111111111a1111111111111111111a111111111
16393,harshil,1
16394,harshil,1
16395,harshil,1
16396,harshil,111111111111111111111111111111111111111111@1111111111111111111111111111a1111111111111111111a111111111
16397,harshil,111
16398,harshil,111111111111111111111111111111111111111111@1111111111111111111111111111a1111111111111111111a111111111
16399,harshil,1
16400,harshil,1
16401,harshil,1
16402,harshil,111111111111111111111111111111111111111111@1111111111111111111111111111a1111111111111111111a111111111
16403,harshil,111
16404,harshil,111111111111111111111111111111111111111111@1111111111111111111111111111a1111111111111111111a111111111
16405,harshil,1
16406,harshil,1
16407,harshil,1
16408,harshil,111111111111111111111111111111111111111111@1111111111111111111111111111a1111111111111111111a111111111
16409,harshil,111
16410,harshil,111111111111111111111111111111111111111111@1111111111111111111111111111a1111111111111111111a111111111
16411,harshil,1
16412,harshil,1
16413,harshil,1
16414,harshil,111111111111111111111111111111111111111111@1111111111111111111111111111a1111111111111111111a111111111
16415,harshil,111
16416,harshil,111111111111111111111111111111111111111111@1111111111111111111111111111a1111111111111111111a111111111
16417,harshil,1
16418,harshil,1
16419,harshil,1
16420,harshil,111111111111111111111111111111111111111111@1111111111111111111111111111a1111111111111111111a111111111
16421,harshil,111
16422,harshil,111111111111111111111111111111111111111111@1111111111111111111111111111a1111111111111111111a111111111
16423,harshil,1
16424,harshil,1
16425,harshil,1
16426,harshil,111111111111111111111111111111111111111111@1111111111111111111111111111a1111111111111111111a111111111
16427,harshil,111
16428,harshil,111111111111111111111111111111111111111111@1111111111111111111111111111a1111111111111111111a111111111
16429,harshil,1
16430,harshil,1
16431,harshil,1
16432,harshil,111111111111111111111111111111111111111111@1111111111111111111111111111a1111111111111111111a111111111
16433,harshil,111
16434,harshil,111111111111111111111111111111111111111111@1111111111111111111111111111a1111111111111111111a111111111
16435,harshil,1
16436,harshil,1
16437,harshil,1
16438,harshil,111111111111111111111111111111111111111111@1111111111111111111111111111a1111111111111111111a111111111
16439,harshil,111
16440,harshil,111111111111111111111111111111111111111111@1111111111111111111111111111a1111111111111111111a111111111
16441,harshil,1
16442,harshil,1
16443,harshil,1
16444,harshil,111111111111111111111111111111111111111111@1111111111111111111111111111a1111111111111111111a111111111
16445,harshil,111
16446,harshil,111111111111111111111111111111111111111111@1111111111111111111111111111a1111111111111111111a111111111
16447,harshil,1
16448,harshil,1
16449,harshil,1
16450,harshil,111111111111111111111111111111111111111111@1111111111111111111111111111a1111111111111111111a111111111
16451,harshil,111
16452,harshil,111111111111111111111111111111111111111111@1111111111111111111111111111a1111111111111111111a111111111
16453,harshil,1
16454,harshil,1
16455,harshil,1
16456,harshil,111111111111111111111111111111111111111111@1111111111111111111111111111a1111111111111111111a111111111
16457,harshil,111
16458,harshil,111111111111111111111111111111111111111111@1111111111111111111111111111a1111111111111111111a111111111
16459,harshil,1
16460,harshil,1
16461,harshil,1
16462,harshil,111111111111111111111111111111111111111111@1111111111111111111111111111a1111111111111111111a111111111
16463,harshil,111
16464,harshil,111111111111111111111111111111111111111111@1111111111111111111111111111a1111111111111111111a111111111
16465,harshil,1
16466,harshil,1
16467,harshil,1
16468,harshil,111111111111111111111111111111111111111111@1111111111111111111111111111a1111111111111111111a111111111
16469,harshil,111
16470,harshil,111111111111111111111111111111111111111111@1111111111111111111111111111a1111111111111111111a111111111
16471,harshil,1
16472,harshil,1
16473,harshil,1
16474,harshil,111111111111111111111111111111111111111111@1111111111111111111111111111a1111111111111111111a111111111
16475,harshil,111
16476,harshil,111111111111111111111111111111111111111111@1111111111111111111111111111a1111111111111111111a111111111
16477,harshil,1
16478,harshil,1
16479,harshil,1
16480,harshil,111111111111111111111111111111111111111111@1111111111111111111111111111a1111111111111111111a111111111
16481,harshil,111
16482,harshil,111111111111111111111111111111111111111111@1111111111111111111111111111a1111111111111111111a111111111
16483,harshil,1
16484,harshil,1
16485,harshil,1
16486,harshil,111111111111111111111111111111111111111111@1111111111111111111111111111a1111111111111111111a111111111
16487,harshil,111
16488,harshil,111111111111111111111111111111111111111111@1111111111111111111111111111a1111111111111111111a111111111
16489,harshil,1
16490,harshil,1
16491,harshil,1
16492,harshil,111111111111111111111111111111111111111111@1111111111111111111111111111a1111111111111111111a111111111
16493,harshil,111
16494,harshil,111111111111111111111111111111111111111111@1111111111111111111111111111a1111111111111111111a111111111
16495,harshil,1
16496,harshil,1
16497,harshil,1
16498,harshil,111111111111111111111111111111111111111111@1111111111111111111111111111a1111111111111111111a111111111
16499,harshil,111
16500,harshil,111111111111111111111111111111111111111111@1111111111111111111111111111a1111111111111111111a111111111
16501,harshil,1
16502,harshil,1
16503,harshil,1
16504,harshil,111111111111111111111111111111111111111111@1111111111111111111111111111a1111111111111111111a111111111
16505,harshil,111
16506,harshil,111111111111111111111111111111111111111111@1111111111111111111111111111a1111111111111111111a111111111
16507,harshil,1
16508,harshil,1
16509,harshil,1
16510,harshil,111111111111111111111111111111111111111111@1111111111111111111111111111a1111111111111111111a111111111
16511,harshil,111
16512,harshil,111111111111111111111111111111111111111111@1111111111111111111111111111a1111111111111111111a111111111
16513,harshil,1
16514,harshil,1
16515,harshil,1
16516,harshil,111111111111111111111111111111111111111111@1111111111111111111111111111a1111111111111111111a111111111
16517,harshil,111
16518,harshil,111111111111111111111111111111111111111111@1111111111111111111111111111a1111111111111111111a111111111
16519,harshil,1
16520,harshil,1
16521,harshil,1
16522,harshil,111111111111111111111111111111111111111111@1111111111111111111111111111a1111111111111111111a111111111
16523,harshil,111
16524,harshil,111111111111111111111111111111111111111111@1111111111111111111111111111a1111111111111111111a111111111
16525,harshil,1
16526,harshil,1
16527,harshil,1
16528,harshil,111111111111111111111111111111111111111111@1111111111111111111111111111a1111111111111111111a111111111
16529,harshil,111
16530,harshil,111111111111111111111111111111111111111111@1111111111111111111111111111a1111111111111111111a111111111
16531,harshil,1
16532,harshil,1
16533,harshil,1
16534,harshil,111111111111111111111111111111111111111111@1111111111111111111111111111a1111111111111111111a111111111
16535,harshil,111
16536,harshil,111111111111111111111111111111111111111111@1111111111111111111111111111a1111111111111111111a111111111
16537,harshil,1
16538,harshil,1
16539,harshil,1
16540,harshil,111111111111111111111111111111111111111111@1111111111111111111111111111a1111111111111111111a111111111
16541,harshil,111
16542,harshil,111111111111111111111111111111111111111111@1111111111111111111111111111a1111111111111111111a111111111
16543,harshil,1
16544,harshil,1
16545,harshil,1
16546,harshil,111111111111111111111111111111111111111111@1111111111111111111111111111a1111111111111111111a111111111
16547,harshil,111
16548,harshil,111111111111111111111111111111111111111111@1111111111111111111111111111a1111111111111111111a111111111
16549,harshil,1
16550,harshil,1
16551,harshil,1
16552,harshil,111111111111111111111111111111111111111111@1111111111111111111111111111a1111111111111111111a111111111
16553,harshil,111
16554,harshil,111111111111111111111111111111111111111111@1111111111111111111111111111a1111111111111111111a111111111
16555,harshil,1
16556,harshil,1
16557,harshil,1
16558,harshil,111111111111111111111111111111111111111111@1111111111111111111111111111a1111111111111111111a111111111
16559,harshil,111
16560,harshil,111111111111111111111111111111111111111111@1111111111111111111111111111a1111111111111111111a111111111
16561,harshil,1
16562,harshil,1
16563,harshil,1
16564,harshil,111111111111111111111111111111111111111111@1111111111111111111111111111a1111111111111111111a111111111
16565,harshil,111
16566,harshil,111111111111111111111111111111111111111111@1111111111111111111111111111a1111111111111111111a111111111
16567,harshil,1
16568,harshil,1
16569,harshil,1
16570,harshil,111111111111111111111111111111111111111111@1111111111111111111111111111a1111111111111111111a111111111
16571,harshil,111
16572,harshil,111111111111111111111111111111111111111111@1111111111111111111111111111a1111111111111111111a111111111
16573,harshil,1
16574,harshil,1
16575,harshil,1
16576,harshil,111111111111111111111111111111111111111111@1111111111111111111111111111a1111111111111111111a111111111
16577,harshil,111
16578,harshil,111111111111111111111111111111111111111111@1111111111111111111111111111a1111111111111111111a111111111
16579,harshil,1
16580,harshil,1
16581,harshil,1
16582,harshil,111111111111111111111111111111111111111111@1111111111111111111111111111a1111111111111111111a111111111
16583,harshil,111
16584,harshil,111111111111111111111111111111111111111111@1111111111111111111111111111a1111111111111111111a111111111
16585,harshil,1
16586,harshil,1
16587,harshil,1
16588,harshil,111111111111111111111111111111111111111111@1111111111111111111111111111a1111111111111111111a111111111
16589,harshil,111
16590,harshil,111111111111111111111111111111111111111111@1111111111111111111111111111a1111111111111111111a111111111
16591,harshil,1
16592,harshil,1
16593,harshil,1
16594,harshil,111111111111111111111111111111111111111111@1111111111111111111111111111a1111111111111111111a111111111
16595,harshil,111
16596,harshil,111111111111111111111111111111111111111111@1111111111111111111111111111a1111111111111111111a111111111
16597,harshil,1
16598,harshil,1
16599,harshil,1
16600,harshil,111111111111111111111111111111111111111111@1111111111111111111111111111a1111111111111111111a111111111
16601,harshil,111
16602,harshil,111111111111111111111111111111111111111111@1111111111111111111111111111a1111111111111111111a111111111
16603,harshil,1
16604,harshil,1
16605,harshil,1
16606,harshil,111111111111111111111111111111111111111111@1111111111111111111111111111a1111111111111111111a111111111
16607,harshil,111
16608,harshil,111111111111111111111111111111111111111111@1111111111111111111111111111a1111111111111111111a111111111
16609,harshil,1
16610,harshil,1
16611,harshil,1
16612,harshil,111111111111111111111111111111111111111111@1111111111111111111111111111a1111111111111111111a111111111
16613,harshil,111
16614,harshil,111111111111111111111111111111111111111111@1111111111111111111111111111a1111111111111111111a111111111
16615,harshil,1
16616,harshil,1
16617,harshil,1
16618,harshil,111111111111111111111111111111111111111111@1111111111111111111111111111a1111111111111111111a111111111
16619,harshil,111
16620,harshil,111111111111111111111111111111111111111111@1111111111111111111111111111a1111111111111111111a111111111
16621,harshil,1
16622,harshil,1
16623,harshil,1
16624,harshil,111111111111111111111111111111111111111111@1111111111111111111111111111a1111111111111111111a111111111
16625,harshil,111
16626,harshil,111111111111111111111111111111111111111111@1111111111111111111111111111a1111111111111111111a111111111
16627,harshil,1
16628,harshil,1
16629,harshil,1
16630,harshil,111111111111111111111111111111111111111111@1111111111111111111111111111a1111111111111111111a111111111
16631,harshil,111
16632,harshil,111111111111111111111111111111111111111111@1111111111111111111111111111a1111111111111111111a111111111
16633,harshil,1
16634,harshil,1
16635,harshil,1
16636,harshil,111111111111111111111111111111111111111111@1111111111111111111111111111a1111111111111111111a111111111
16637,harshil,111
16638,harshil,111111111111111111111111111111111111111111@1111111111111111111111111111a1111111111111111111a111111111
16639,harshil,1
16640,harshil,1
16641,harshil,1
16642,harshil,111111111111111111111111111111111111111111@1111111111111111111111111111a1111111111111111111a111111111
16643,harshil,111
16644,harshil,111111111111111111111111111111111111111111@1111111111111111111111111111a1111111111111111111a111111111
16645,harshil,1
16646,harshil,1
16647,harshil,1
16648,harshil,111111111111111111111111111111111111111111@1111111111111111111111111111a1111111111111111111a111111111
16649,harshil,111
16650,harshil,111111111111111111111111111111111111111111@1111111111111111111111111111a1111111111111111111a111111111
16651,harshil,1
16652,harshil,1
16653,harshil,1
16654,harshil,111111111111111111111111111111111111111111@1111111111111111111111111111a1111111111111111111a111111111
16655,harshil,111
16656,harshil,111111111111111111111111111111111111111111@1111111111111111111111111111a1111111111111111111a111111111
16657,harshil,1
16658,harshil,1
16659,harshil,1
16660,harshil,111111111111111111111111111111111111111111@1111111111111111111111111111a1111111111111111111a111111111
16661,harshil,111
16662,harshil,111111111111111111111111111111111111111111@1111111111111111111111111111a1111111111111111111a111111111
16663,harshil,1
16664,harshil,1
16665,harshil,1
16666,harshil,111111111111111111111111111111111111111111@1111111111111111111111111111a1111111111111111111a111111111
16667,harshil,111
16668,harshil,111111111111111111111111111111111111111111@1111111111111111111111111111a1111111111111111111a111111111
16669,harshil,1
16670,harshil,1
16671,harshil,1
16672,harshil,111111111111111111111111111111111111111111@1111111111111111111111111111a1111111111111111111a111111111
16673,harshil,111
16674,harshil,111111111111111111111111111111111111111111@1111111111111111111111111111a1111111111111111111a111111111
16675,harshil,1
16676,harshil,1
16677,harshil,1
16678,harshil,111111111111111111111111111111111111111111@1111111111111111111111111111a1111111111111111111a111111111
16679,harshil,111
16680,harshil,111111111111111111111111111111111111111111@1111111111111111111111111111a1111111111111111111a111111111
16681,harshil,1
16682,harshil,1
16683,harshil,1
16684,harshil,111111111111111111111111111111111111111111@1111111111111111111111111111a1111111111111111111a111111111
16685,harshil,111
16686,harshil,111111111111111111111111111111111111111111@1111111111111111111111111111a1111111111111111111a111111111
16687,harshil,1
16688,harshil,1
16689,harshil,1
16690,harshil,111111111111111111111111111111111111111111@1111111111111111111111111111a1111111111111111111a111111111
16691,harshil,111
16692,harshil,111111111111111111111111111111111111111111@1111111111111111111111111111a1111111111111111111a111111111
16693,harshil,1
16694,harshil,1
16695,harshil,1
16696,harshil,111111111111111111111111111111111111111111@1111111111111111111111111111a1111111111111111111a111111111
16697,harshil,111
16698,harshil,111111111111111111111111111111111111111111@1111111111111111111111111111a1111111111111111111a111111111
16699,harshil,1
16700,harshil,1
16701,harshil,1
16702,harshil,111111111111111111111111111111111111111111@1111111111111111111111111111a1111111111111111111a111111111
16703,harshil,111
16704,harshil,111111111111111111111111111111111111111111@1111111111111111111111111111a1111111111111111111a111111111
16705,harshil,1
16706,harshil,1
16707,harshil,1
16708,harshil,111111111111111111111111111111111111111111@1111111111111111111111111111a1111111111111111111a111111111
16709,harshil,111
16710,harshil,111111111111111111111111111111111111111111@1111111111111111111111111111a1111111111111111111a111111111
16711,harshil,1
16712,harshil,1
16713,harshil,1
16714,harshil,111111111111111111111111111111111111111111@1111111111111111111111111111a1111111111111111111a111111111
16715,harshil,111
16716,harshil,111111111111111111111111111111111111111111@1111111111111111111111111111a1111111111111111111a111111111
16717,harshil,1
16718,harshil,1
16719,harshil,1
16720,harshil,111111111111111111111111111111111111111111@1111111111111111111111111111a1111111111111111111a111111111
16721,harshil,111
16722,harshil,111111111111111111111111111111111111111111@1111111111111111111111111111a1111111111111111111a111111111
16723,harshil,1
16724,harshil,1
16725,harshil,1
16726,harshil,111111111111111111111111111111111111111111@1111111111111111111111111111a1111111111111111111a111111111
16727,harshil,111
16728,harshil,111111111111111111111111111111111111111111@1111111111111111111111111111a1111111111111111111a111111111
16729,harshil,1
16730,harshil,1
16731,harshil,1
16732,harshil,111111111111111111111111111111111111111111@1111111111111111111111111111a1111111111111111111a111111111
16733,harshil,111
16734,harshil,111111111111111111111111111111111111111111@1111111111111111111111111111a1111111111111111111a111111111
16735,harshil,1
16736,harshil,1
16737,harshil,1
16738,harshil,111111111111111111111111111111111111111111@1111111111111111111111111111a1111111111111111111a111111111
16739,harshil,111
16740,harshil,111111111111111111111111111111111111111111@1111111111111111111111111111a1111111111111111111a111111111
16741,harshil,1
16742,harshil,1
16743,harshil,1
16744,harshil,111111111111111111111111111111111111111111@1111111111111111111111111111a1111111111111111111a111111111
16745,harshil,111
16746,harshil,111111111111111111111111111111111111111111@1111111111111111111111111111a1111111111111111111a111111111
16747,harshil,1
16748,harshil,1
16749,harshil,1
16750,harshil,111111111111111111111111111111111111111111@1111111111111111111111111111a1111111111111111111a111111111
16751,harshil,111
16752,harshil,111111111111111111111111111111111111111111@1111111111111111111111111111a1111111111111111111a111111111
16753,harshil,1
16754,harshil,1
16755,harshil,1
16756,harshil,111111111111111111111111111111111111111111@1111111111111111111111111111a1111111111111111111a111111111
16757,harshil,111
16758,harshil,111111111111111111111111111111111111111111@1111111111111111111111111111a1111111111111111111a111111111
16759,harshil,1
16760,harshil,1
16761,harshil,1
16762,harshil,111111111111111111111111111111111111111111@1111111111111111111111111111a1111111111111111111a111111111
16763,harshil,111
16764,harshil,111111111111111111111111111111111111111111@1111111111111111111111111111a1111111111111111111a111111111
16765,harshil,1
16766,harshil,1
16767,harshil,1
16768,harshil,111111111111111111111111111111111111111111@1111111111111111111111111111a1111111111111111111a111111111
16769,harshil,111
16770,harshil,111111111111111111111111111111111111111111@1111111111111111111111111111a1111111111111111111a111111111
16771,harshil,1
16772,harshil,1
16773,harshil,1
16774,harshil,111111111111111111111111111111111111111111@1111111111111111111111111111a1111111111111111111a111111111
16775,harshil,111
16776,harshil,111111111111111111111111111111111111111111@1111111111111111111111111111a1111111111111111111a111111111
16777,harshil,1
16778,harshil,1
16779,harshil,1
16780,harshil,111111111111111111111111111111111111111111@1111111111111111111111111111a1111111111111111111a111111111
16781,harshil,111
16782,harshil,111111111111111111111111111111111111111111@1111111111111111111111111111a1111111111111111111a111111111
16783,harshil,1
16784,harshil,1
16785,harshil,1
16786,harshil,111111111111111111111111111111111111111111@1111111111111111111111111111a1111111111111111111a111111111
16787,harshil,111
16788,harshil,111111111111111111111111111111111111111111@1111111111111111111111111111a1111111111111111111a111111111
16789,harshil,1
16790,harshil,1
16791,harshil,1
16792,harshil,111111111111111111111111111111111111111111@1111111111111111111111111111a1111111111111111111a111111111
16793,harshil,111
16794,harshil,111111111111111111111111111111111111111111@1111111111111111111111111111a1111111111111111111a111111111
16795,harshil,1
16796,harshil,1
16797,harshil,1
16798,harshil,111111111111111111111111111111111111111111@1111111111111111111111111111a1111111111111111111a111111111
16799,harshil,111
16800,harshil,111111111111111111111111111111111111111111@1111111111111111111111111111a1111111111111111111a111111111
16801,harshil,1
16802,harshil,1
16803,harshil,1
16804,harshil,111111111111111111111111111111111111111111@1111111111111111111111111111a1111111111111111111a111111111
16805,harshil,111
16806,harshil,111111111111111111111111111111111111111111@1111111111111111111111111111a1111111111111111111a111111111
16807,harshil,1
16808,harshil,1
16809,harshil,1
16810,harshil,111111111111111111111111111111111111111111@1111111111111111111111111111a1111111111111111111a111111111
16811,harshil,111
16812,harshil,111111111111111111111111111111111111111111@1111111111111111111111111111a1111111111111111111a111111111
16813,harshil,1
16814,harshil,1
16815,harshil,1
16816,harshil,111111111111111111111111111111111111111111@1111111111111111111111111111a1111111111111111111a111111111
16817,harshil,111
16818,harshil,111111111111111111111111111111111111111111@1111111111111111111111111111a1111111111111111111a111111111
16819,harshil,1
16820,harshil,1
16821,harshil,1
16822,harshil,111111111111111111111111111111111111111111@1111111111111111111111111111a1111111111111111111a111111111
16823,harshil,111
16824,harshil,111111111111111111111111111111111111111111@1111111111111111111111111111a1111111111111111111a111111111
16825,harshil,1
16826,harshil,1
16827,harshil,1
16828,harshil,111111111111111111111111111111111111111111@1111111111111111111111111111a1111111111111111111a111111111
16829,harshil,111
16830,harshil,111111111111111111111111111111111111111111@1111111111111111111111111111a1111111111111111111a111111111
16831,harshil,1
16832,harshil,1
16833,harshil,1
16834,harshil,111111111111111111111111111111111111111111@1111111111111111111111111111a1111111111111111111a111111111
16835,harshil,111
16836,harshil,111111111111111111111111111111111111111111@1111111111111111111111111111a1111111111111111111a111111111
16837,harshil,1
16838,harshil,1
16839,harshil,1
16840,harshil,111111111111111111111111111111111111111111@1111111111111111111111111111a1111111111111111111a111111111
16841,harshil,111
16842,harshil,111111111111111111111111111111111111111111@1111111111111111111111111111a1111111111111111111a111111111
16843,harshil,1
16844,harshil,1
16845,harshil,1
16846,harshil,111111111111111111111111111111111111111111@1111111111111111111111111111a1111111111111111111a111111111
16847,harshil,111
16848,harshil,111111111111111111111111111111111111111111@1111111111111111111111111111a1111111111111111111a111111111
16849,harshil,1
16850,harshil,1
16851,harshil,1
16852,harshil,111111111111111111111111111111111111111111@1111111111111111111111111111a1111111111111111111a111111111
16853,harshil,111
16854,harshil,111111111111111111111111111111111111111111@1111111111111111111111111111a1111111111111111111a111111111
16855,harshil,1
16856,harshil,1
16857,harshil,1
16858,harshil,111111111111111111111111111111111111111111@1111111111111111111111111111a1111111111111111111a111111111
16859,harshil,111
16860,harshil,111111111111111111111111111111111111111111@1111111111111111111111111111a1111111111111111111a111111111
16861,harshil,1
16862,harshil,1
16863,harshil,1
16864,harshil,111111111111111111111111111111111111111111@1111111111111111111111111111a1111111111111111111a111111111
16865,harshil,111
16866,harshil,111111111111111111111111111111111111111111@1111111111111111111111111111a1111111111111111111a111111111
16867,harshil,1
16868,harshil,1
16869,harshil,1
16870,harshil,111111111111111111111111111111111111111111@1111111111111111111111111111a1111111111111111111a111111111
16871,harshil,111
16872,harshil,111111111111111111111111111111111111111111@1111111111111111111111111111a1111111111111111111a111111111
16873,harshil,1
16874,harshil,1
16875,harshil,1
16876,harshil,111111111111111111111111111111111111111111@1111111111111111111111111111a1111111111111111111a111111111
16877,harshil,111
16878,harshil,111111111111111111111111111111111111111111@1111111111111111111111111111a1111111111111111111a111111111
16879,harshil,1
16880,harshil,1
16881,harshil,1
16882,harshil,111111111111111111111111111111111111111111@1111111111111111111111111111a1111111111111111111a111111111
16883,harshil,111
16884,harshil,111111111111111111111111111111111111111111@1111111111111111111111111111a1111111111111111111a111111111
16885,harshil,1
16886,harshil,1
16887,harshil,1
16888,harshil,111111111111111111111111111111111111111111@1111111111111111111111111111a1111111111111111111a111111111
16889,harshil,111
16890,harshil,111111111111111111111111111111111111111111@1111111111111111111111111111a1111111111111111111a111111111
16891,harshil,1
16892,harshil,1
16893,harshil,1
16894,harshil,111111111111111111111111111111111111111111@1111111111111111111111111111a1111111111111111111a111111111
16895,harshil,111
16896,harshil,111111111111111111111111111111111111111111@1111111111111111111111111111a1111111111111111111a111111111
16897,harshil,1
16898,harshil,1
16899,harshil,1
16900,harshil,111111111111111111111111111111111111111111@1111111111111111111111111111a1111111111111111111a111111111
16901,harshil,111
16902,harshil,111111111111111111111111111111111111111111@1111111111111111111111111111a1111111111111111111a111111111
16903,harshil,1
16904,harshil,1
16905,harshil,1
16906,harshil,111111111111111111111111111111111111111111@1111111111111111111111111111a1111111111111111111a111111111
16907,harshil,111
16908,harshil,111111111111111111111111111111111111111111@1111111111111111111111111111a1111111111111111111a111111111
16909,harshil,1
16910,harshil,1
16911,harshil,1
16912,harshil,111111111111111111111111111111111111111111@1111111111111111111111111111a1111111111111111111a111111111
16913,harshil,111
16914,harshil,111111111111111111111111111111111111111111@1111111111111111111111111111a1111111111111111111a111111111
16915,harshil,1
16916,harshil,1
16917,harshil,1
16918,harshil,111111111111111111111111111111111111111111@1111111111111111111111111111a1111111111111111111a111111111
16919,harshil,111
16920,harshil,111111111111111111111111111111111111111111@1111111111111111111111111111a1111111111111111111a111111111
16921,harshil,1
16922,harshil,1
16923,harshil,1
16924,harshil,111111111111111111111111111111111111111111@1111111111111111111111111111a1111111111111111111a111111111
16925,harshil,111
16926,harshil,111111111111111111111111111111111111111111@1111111111111111111111111111a1111111111111111111a111111111
16927,harshil,1
16928,harshil,1
16929,harshil,1
16930,harshil,111111111111111111111111111111111111111111@1111111111111111111111111111a1111111111111111111a111111111
16931,harshil,111
16932,harshil,111111111111111111111111111111111111111111@1111111111111111111111111111a1111111111111111111a111111111
16933,harshil,1
16934,harshil,1
16935,harshil,1
16936,harshil,111111111111111111111111111111111111111111@1111111111111111111111111111a1111111111111111111a111111111
16937,harshil,111
16938,harshil,111111111111111111111111111111111111111111@1111111111111111111111111111a1111111111111111111a111111111
16939,harshil,1
16940,harshil,1
16941,harshil,1
16942,harshil,111111111111111111111111111111111111111111@1111111111111111111111111111a1111111111111111111a111111111
16943,harshil,111
16944,harshil,111111111111111111111111111111111111111111@1111111111111111111111111111a1111111111111111111a111111111
16945,harshil,1
16946,harshil,1
16947,harshil,1
16948,harshil,111111111111111111111111111111111111111111@1111111111111111111111111111a1111111111111111111a111111111
16949,harshil,111
16950,harshil,111111111111111111111111111111111111111111@1111111111111111111111111111a1111111111111111111a111111111
16951,harshil,1
16952,harshil,1
16953,harshil,1
16954,harshil,111111111111111111111111111111111111111111@1111111111111111111111111111a1111111111111111111a111111111
16955,harshil,111
16956,harshil,111111111111111111111111111111111111111111@1111111111111111111111111111a1111111111111111111a111111111
16957,harshil,1
16958,harshil,1
16959,harshil,1
16960,harshil,111111111111111111111111111111111111111111@1111111111111111111111111111a1111111111111111111a111111111
16961,harshil,111
16962,harshil,111111111111111111111111111111111111111111@1111111111111111111111111111a1111111111111111111a111111111
16963,harshil,1
16964,harshil,1
16965,harshil,1
16966,harshil,111111111111111111111111111111111111111111@1111111111111111111111111111a1111111111111111111a111111111
16967,harshil,111
16968,harshil,111111111111111111111111111111111111111111@1111111111111111111111111111a1111111111111111111a111111111
16969,harshil,1
16970,harshil,1
16971,harshil,1
16972,harshil,111111111111111111111111111111111111111111@1111111111111111111111111111a1111111111111111111a111111111
16973,harshil,111
16974,harshil,111111111111111111111111111111111111111111@1111111111111111111111111111a1111111111111111111a111111111
16975,harshil,1
16976,harshil,1
16977,harshil,1
16978,harshil,111111111111111111111111111111111111111111@1111111111111111111111111111a1111111111111111111a111111111
16979,harshil,111
16980,harshil,111111111111111111111111111111111111111111@1111111111111111111111111111a1111111111111111111a111111111
16981,harshil,1
16982,harshil,1
16983,harshil,1
16984,harshil,111111111111111111111111111111111111111111@1111111111111111111111111111a1111111111111111111a111111111
16985,harshil,111
16986,harshil,111111111111111111111111111111111111111111@1111111111111111111111111111a1111111111111111111a111111111
16987,harshil,1
16988,harshil,1
16989,harshil,1
16990,harshil,111111111111111111111111111111111111111111@1111111111111111111111111111a1111111111111111111a111111111
16991,harshil,111
16992,harshil,111111111111111111111111111111111111111111@1111111111111111111111111111a1111111111111111111a111111111
16993,harshil,1
16994,harshil,1
16995,harshil,1
16996,harshil,111111111111111111111111111111111111111111@1111111111111111111111111111a1111111111111111111a111111111
16997,harshil,111
16998,harshil,111111111111111111111111111111111111111111@1111111111111111111111111111a1111111111111111111a111111111
16999,harshil,1
17000,harshil,1
17001,harshil,1
17002,harshil,111111111111111111111111111111111111111111@1111111111111111111111111111a1111111111111111111a111111111
17003,harshil,111
17004,harshil,111111111111111111111111111111111111111111@1111111111111111111111111111a1111111111111111111a111111111
17005,harshil,1
17006,harshil,1
17007,harshil,1
17008,harshil,111111111111111111111111111111111111111111@1111111111111111111111111111a1111111111111111111a111111111
17009,harshil,111
17010,harshil,111111111111111111111111111111111111111111@1111111111111111111111111111a1111111111111111111a111111111
17011,harshil,1
17012,harshil,1
17013,harshil,1
17014,harshil,111111111111111111111111111111111111111111@1111111111111111111111111111a1111111111111111111a111111111
17015,harshil,111
17016,harshil,111111111111111111111111111111111111111111@1111111111111111111111111111a1111111111111111111a111111111
17017,harshil,1
17018,harshil,1
17019,harshil,1
17020,harshil,111111111111111111111111111111111111111111@1111111111111111111111111111a1111111111111111111a111111111
17021,harshil,111
17022,harshil,111111111111111111111111111111111111111111@1111111111111111111111111111a1111111111111111111a111111111
17023,harshil,1
17024,harshil,1
17025,harshil,1
17026,harshil,111111111111111111111111111111111111111111@1111111111111111111111111111a1111111111111111111a111111111
17027,harshil,111
17028,harshil,111111111111111111111111111111111111111111@1111111111111111111111111111a1111111111111111111a111111111
17029,harshil,1
17030,harshil,1
17031,harshil,1
17032,harshil,111111111111111111111111111111111111111111@1111111111111111111111111111a1111111111111111111a111111111
17033,harshil,111
17034,harshil,111111111111111111111111111111111111111111@1111111111111111111111111111a1111111111111111111a111111111
17035,harshil,1
17036,harshil,1
17037,harshil,1
17038,harshil,111111111111111111111111111111111111111111@1111111111111111111111111111a1111111111111111111a111111111
17039,harshil,111
17040,harshil,111111111111111111111111111111111111111111@1111111111111111111111111111a1111111111111111111a111111111
17041,harshil,1
17042,harshil,1
17043,harshil,1
17044,harshil,111111111111111111111111111111111111111111@1111111111111111111111111111a1111111111111111111a111111111
17045,harshil,111
17046,harshil,111111111111111111111111111111111111111111@1111111111111111111111111111a1111111111111111111a111111111
17047,harshil,1
17048,harshil,1
17049,harshil,1
17050,harshil,111111111111111111111111111111111111111111@1111111111111111111111111111a1111111111111111111a111111111
17051,harshil,111
17052,harshil,111111111111111111111111111111111111111111@1111111111111111111111111111a1111111111111111111a111111111
17053,harshil,1
17054,harshil,1
17055,harshil,1
17056,harshil,111111111111111111111111111111111111111111@1111111111111111111111111111a1111111111111111111a111111111
17057,harshil,111
17058,harshil,111111111111111111111111111111111111111111@1111111111111111111111111111a1111111111111111111a111111111
17059,harshil,1
17060,harshil,1
17061,harshil,1
17062,harshil,111111111111111111111111111111111111111111@1111111111111111111111111111a1111111111111111111a111111111
17063,harshil,111
17064,harshil,111111111111111111111111111111111111111111@1111111111111111111111111111a1111111111111111111a111111111
17065,harshil,1
17066,harshil,1
17067,harshil,1
17068,harshil,111111111111111111111111111111111111111111@1111111111111111111111111111a1111111111111111111a111111111
17069,harshil,111
17070,harshil,111111111111111111111111111111111111111111@1111111111111111111111111111a1111111111111111111a111111111
17071,harshil,1
17072,harshil,1
17073,harshil,1
17074,harshil,111111111111111111111111111111111111111111@1111111111111111111111111111a1111111111111111111a111111111
17075,harshil,111
17076,harshil,111111111111111111111111111111111111111111@1111111111111111111111111111a1111111111111111111a111111111
17077,harshil,1
17078,harshil,1
17079,harshil,1
17080,harshil,111111111111111111111111111111111111111111@1111111111111111111111111111a1111111111111111111a111111111
17081,harshil,111
17082,harshil,111111111111111111111111111111111111111111@1111111111111111111111111111a1111111111111111111a111111111
17083,harshil,1
17084,harshil,1
17085,harshil,1
17086,harshil,111111111111111111111111111111111111111111@1111111111111111111111111111a1111111111111111111a111111111
17087,harshil,111
17088,harshil,111111111111111111111111111111111111111111@1111111111111111111111111111a1111111111111111111a111111111
17089,harshil,1
17090,harshil,1
17091,harshil,1
17092,harshil,111111111111111111111111111111111111111111@1111111111111111111111111111a1111111111111111111a111111111
17093,harshil,111
17094,harshil,111111111111111111111111111111111111111111@1111111111111111111111111111a1111111111111111111a111111111
17095,harshil,1
17096,harshil,1
17097,harshil,1
17098,harshil,111111111111111111111111111111111111111111@1111111111111111111111111111a1111111111111111111a111111111
17099,harshil,111
17100,harshil,111111111111111111111111111111111111111111@1111111111111111111111111111a1111111111111111111a111111111
17101,harshil,1
17102,harshil,1
17103,harshil,1
17104,harshil,111111111111111111111111111111111111111111@1111111111111111111111111111a1111111111111111111a111111111
17105,harshil,111
17106,harshil,111111111111111111111111111111111111111111@1111111111111111111111111111a1111111111111111111a111111111
17107,harshil,1
17108,harshil,1
17109,harshil,1
17110,harshil,111111111111111111111111111111111111111111@1111111111111111111111111111a1111111111111111111a111111111
17111,harshil,111
17112,harshil,111111111111111111111111111111111111111111@1111111111111111111111111111a1111111111111111111a111111111
17113,harshil,1
17114,harshil,1
17115,harshil,1
17116,harshil,111111111111111111111111111111111111111111@1111111111111111111111111111a1111111111111111111a111111111
17117,harshil,111
17118,harshil,111111111111111111111111111111111111111111@1111111111111111111111111111a1111111111111111111a111111111
17119,harshil,1
17120,harshil,1
17121,harshil,1
17122,harshil,111111111111111111111111111111111111111111@1111111111111111111111111111a1111111111111111111a111111111
17123,harshil,111
17124,harshil,111111111111111111111111111111111111111111@1111111111111111111111111111a1111111111111111111a111111111
17125,harshil,1
17126,harshil,1
17127,harshil,1
17128,harshil,111111111111111111111111111111111111111111@1111111111111111111111111111a1111111111111111111a111111111
17129,harshil,111
17130,harshil,111111111111111111111111111111111111111111@1111111111111111111111111111a1111111111111111111a111111111
17131,harshil,1
17132,harshil,1
17133,harshil,1
17134,harshil,111111111111111111111111111111111111111111@1111111111111111111111111111a1111111111111111111a111111111
17135,harshil,111
17136,harshil,111111111111111111111111111111111111111111@1111111111111111111111111111a1111111111111111111a111111111
17137,harshil,1
17138,harshil,1
17139,harshil,1
17140,harshil,111111111111111111111111111111111111111111@1111111111111111111111111111a1111111111111111111a111111111
17141,harshil,111
17142,harshil,111111111111111111111111111111111111111111@1111111111111111111111111111a1111111111111111111a111111111
17143,harshil,1
17144,harshil,1
17145,harshil,1
17146,harshil,111111111111111111111111111111111111111111@1111111111111111111111111111a1111111111111111111a111111111
17147,harshil,111
17148,harshil,111111111111111111111111111111111111111111@1111111111111111111111111111a1111111111111111111a111111111
17149,harshil,1
17150,harshil,1
17151,harshil,1
17152,harshil,111111111111111111111111111111111111111111@1111111111111111111111111111a1111111111111111111a111111111
17153,harshil,111
17154,harshil,111111111111111111111111111111111111111111@1111111111111111111111111111a1111111111111111111a111111111
17155,harshil,1
17156,harshil,1
17157,harshil,1
17158,harshil,111111111111111111111111111111111111111111@1111111111111111111111111111a1111111111111111111a111111111
17159,harshil,111
17160,harshil,111111111111111111111111111111111111111111@1111111111111111111111111111a1111111111111111111a111111111
17161,harshil,1
17162,harshil,1
17163,harshil,1
17164,harshil,111111111111111111111111111111111111111111@1111111111111111111111111111a1111111111111111111a111111111
17165,harshil,111
17166,harshil,111111111111111111111111111111111111111111@1111111111111111111111111111a1111111111111111111a111111111
17167,harshil,1
17168,harshil,1
17169,harshil,1
17170,harshil,111111111111111111111111111111111111111111@1111111111111111111111111111a1111111111111111111a111111111
17171,harshil,111
17172,harshil,111111111111111111111111111111111111111111@1111111111111111111111111111a1111111111111111111a111111111
17173,harshil,1
17174,harshil,1
17175,harshil,1
17176,harshil,111111111111111111111111111111111111111111@1111111111111111111111111111a1111111111111111111a111111111
17177,harshil,111
17178,harshil,111111111111111111111111111111111111111111@1111111111111111111111111111a1111111111111111111a111111111
17179,harshil,1
17180,harshil,1
17181,harshil,1
17182,harshil,111111111111111111111111111111111111111111@1111111111111111111111111111a1111111111111111111a111111111
17183,harshil,111
17184,harshil,111111111111111111111111111111111111111111@1111111111111111111111111111a1111111111111111111a111111111
17185,harshil,1
17186,harshil,1
17187,harshil,1
17188,harshil,111111111111111111111111111111111111111111@1111111111111111111111111111a1111111111111111111a111111111
17189,harshil,111
17190,harshil,111111111111111111111111111111111111111111@1111111111111111111111111111a1111111111111111111a111111111
17191,harshil,1
17192,harshil,1
17193,harshil,1
17194,harshil,111111111111111111111111111111111111111111@1111111111111111111111111111a1111111111111111111a111111111
17195,harshil,111
17196,harshil,111111111111111111111111111111111111111111@1111111111111111111111111111a1111111111111111111a111111111
17197,harshil,1
17198,harshil,1
17199,harshil,1
17200,harshil,111111111111111111111111111111111111111111@1111111111111111111111111111a1111111111111111111a111111111
17201,harshil,111
17202,harshil,111111111111111111111111111111111111111111@1111111111111111111111111111a1111111111111111111a111111111
17203,harshil,1
17204,harshil,1
17205,harshil,1
17206,harshil,111111111111111111111111111111111111111111@1111111111111111111111111111a1111111111111111111a111111111
17207,harshil,111
17208,harshil,111111111111111111111111111111111111111111@1111111111111111111111111111a1111111111111111111a111111111
17209,harshil,1
17210,harshil,1
17211,harshil,1
17212,harshil,111111111111111111111111111111111111111111@1111111111111111111111111111a1111111111111111111a111111111
17213,harshil,111
17214,harshil,111111111111111111111111111111111111111111@1111111111111111111111111111a1111111111111111111a111111111
17215,harshil,1
17216,harshil,1
17217,harshil,1
17218,harshil,111111111111111111111111111111111111111111@1111111111111111111111111111a1111111111111111111a111111111
17219,harshil,111
17220,harshil,111111111111111111111111111111111111111111@1111111111111111111111111111a1111111111111111111a111111111
17221,harshil,1
17222,harshil,1
17223,harshil,1
17224,harshil,111111111111111111111111111111111111111111@1111111111111111111111111111a1111111111111111111a111111111
17225,harshil,111
17226,harshil,111111111111111111111111111111111111111111@1111111111111111111111111111a1111111111111111111a111111111
17227,harshil,1
17228,harshil,1
17229,harshil,1
17230,harshil,111111111111111111111111111111111111111111@1111111111111111111111111111a1111111111111111111a111111111
17231,harshil,111
17232,harshil,111111111111111111111111111111111111111111@1111111111111111111111111111a1111111111111111111a111111111
17233,harshil,1
17234,harshil,1
17235,harshil,1
17236,harshil,111111111111111111111111111111111111111111@1111111111111111111111111111a1111111111111111111a111111111
17237,harshil,111
17238,harshil,111111111111111111111111111111111111111111@1111111111111111111111111111a1111111111111111111a111111111
17239,harshil,1
17240,harshil,1
17241,harshil,1
17242,harshil,111111111111111111111111111111111111111111@1111111111111111111111111111a1111111111111111111a111111111
17243,harshil,111
17244,harshil,111111111111111111111111111111111111111111@1111111111111111111111111111a1111111111111111111a111111111
17245,harshil,1
17246,harshil,1
17247,harshil,1
17248,harshil,111111111111111111111111111111111111111111@1111111111111111111111111111a1111111111111111111a111111111
17249,harshil,111
17250,harshil,111111111111111111111111111111111111111111@1111111111111111111111111111a1111111111111111111a111111111
17251,harshil,1
17252,harshil,1
17253,harshil,1
17254,harshil,111111111111111111111111111111111111111111@1111111111111111111111111111a1111111111111111111a111111111
17255,harshil,111
17256,harshil,111111111111111111111111111111111111111111@1111111111111111111111111111a1111111111111111111a111111111
17257,harshil,1
17258,harshil,1
17259,harshil,1
17260,harshil,111111111111111111111111111111111111111111@1111111111111111111111111111a1111111111111111111a111111111
17261,harshil,111
17262,harshil,111111111111111111111111111111111111111111@1111111111111111111111111111a1111111111111111111a111111111
17263,harshil,1
17264,harshil,1
17265,harshil,1
17266,harshil,111111111111111111111111111111111111111111@1111111111111111111111111111a1111111111111111111a111111111
17267,harshil,111
17268,harshil,111111111111111111111111111111111111111111@1111111111111111111111111111a1111111111111111111a111111111
17269,harshil,1
17270,harshil,1
17271,harshil,1
17272,harshil,111111111111111111111111111111111111111111@1111111111111111111111111111a1111111111111111111a111111111
17273,harshil,111
17274,harshil,111111111111111111111111111111111111111111@1111111111111111111111111111a1111111111111111111a111111111
17275,harshil,1
17276,harshil,1
17277,harshil,1
17278,harshil,111111111111111111111111111111111111111111@1111111111111111111111111111a1111111111111111111a111111111
17279,harshil,111
17280,harshil,111111111111111111111111111111111111111111@1111111111111111111111111111a1111111111111111111a111111111
17281,harshil,1
17282,harshil,1
17283,harshil,1
17284,harshil,111111111111111111111111111111111111111111@1111111111111111111111111111a1111111111111111111a111111111
17285,harshil,111
17286,harshil,111111111111111111111111111111111111111111@1111111111111111111111111111a1111111111111111111a111111111
17287,harshil,1
17288,harshil,1
17289,harshil,1
17290,harshil,111111111111111111111111111111111111111111@1111111111111111111111111111a1111111111111111111a111111111
17291,harshil,111
17292,harshil,111111111111111111111111111111111111111111@1111111111111111111111111111a1111111111111111111a111111111
17293,harshil,1
17294,harshil,1
17295,harshil,1
17296,harshil,111111111111111111111111111111111111111111@1111111111111111111111111111a1111111111111111111a111111111
17297,harshil,111
17298,harshil,111111111111111111111111111111111111111111@1111111111111111111111111111a1111111111111111111a111111111
17299,harshil,1
17300,harshil,1
17301,harshil,1
17302,harshil,111111111111111111111111111111111111111111@1111111111111111111111111111a1111111111111111111a111111111
17303,harshil,111
17304,harshil,111111111111111111111111111111111111111111@1111111111111111111111111111a1111111111111111111a111111111
17305,harshil,1
17306,harshil,1
17307,harshil,1
17308,harshil,111111111111111111111111111111111111111111@1111111111111111111111111111a1111111111111111111a111111111
17309,harshil,111
17310,harshil,111111111111111111111111111111111111111111@1111111111111111111111111111a1111111111111111111a111111111
17311,harshil,1
17312,harshil,1
17313,harshil,1
17314,harshil,111111111111111111111111111111111111111111@1111111111111111111111111111a1111111111111111111a111111111
17315,harshil,111
17316,harshil,111111111111111111111111111111111111111111@1111111111111111111111111111a1111111111111111111a111111111
17317,harshil,1
17318,harshil,1
17319,harshil,1
17320,harshil,111111111111111111111111111111111111111111@1111111111111111111111111111a1111111111111111111a111111111
17321,harshil,111
17322,harshil,111111111111111111111111111111111111111111@1111111111111111111111111111a1111111111111111111a111111111
17323,harshil,1
17324,harshil,1
17325,harshil,1
17326,harshil,111111111111111111111111111111111111111111@1111111111111111111111111111a1111111111111111111a111111111
17327,harshil,111
17328,harshil,111111111111111111111111111111111111111111@1111111111111111111111111111a1111111111111111111a111111111
17329,harshil,1
17330,harshil,1
17331,harshil,1
17332,harshil,111111111111111111111111111111111111111111@1111111111111111111111111111a1111111111111111111a111111111
17333,harshil,111
17334,harshil,111111111111111111111111111111111111111111@1111111111111111111111111111a1111111111111111111a111111111
17335,harshil,1
17336,harshil,1
17337,harshil,1
17338,harshil,111111111111111111111111111111111111111111@1111111111111111111111111111a1111111111111111111a111111111
17339,harshil,111
17340,harshil,111111111111111111111111111111111111111111@1111111111111111111111111111a1111111111111111111a111111111
17341,harshil,1
17342,harshil,1
17343,harshil,1
17344,harshil,111111111111111111111111111111111111111111@1111111111111111111111111111a1111111111111111111a111111111
17345,harshil,111
17346,harshil,111111111111111111111111111111111111111111@1111111111111111111111111111a1111111111111111111a111111111
17347,harshil,1
17348,harshil,1
17349,harshil,1
17350,harshil,111111111111111111111111111111111111111111@1111111111111111111111111111a1111111111111111111a111111111
17351,harshil,111
17352,harshil,111111111111111111111111111111111111111111@1111111111111111111111111111a1111111111111111111a111111111
17353,harshil,1
17354,harshil,1
17355,harshil,1
17356,harshil,111111111111111111111111111111111111111111@1111111111111111111111111111a1111111111111111111a111111111
17357,harshil,111
17358,harshil,111111111111111111111111111111111111111111@1111111111111111111111111111a1111111111111111111a111111111
17359,harshil,1
17360,harshil,1
17361,harshil,1
17362,harshil,111111111111111111111111111111111111111111@1111111111111111111111111111a1111111111111111111a111111111
17363,harshil,111
17364,harshil,111111111111111111111111111111111111111111@1111111111111111111111111111a1111111111111111111a111111111
17365,harshil,1
17366,harshil,1
17367,harshil,1
17368,harshil,111111111111111111111111111111111111111111@1111111111111111111111111111a1111111111111111111a111111111
17369,harshil,111
17370,harshil,111111111111111111111111111111111111111111@1111111111111111111111111111a1111111111111111111a111111111
17371,harshil,1
17372,harshil,1
17373,harshil,1
17374,harshil,111111111111111111111111111111111111111111@1111111111111111111111111111a1111111111111111111a111111111
17375,harshil,111
17376,harshil,111111111111111111111111111111111111111111@1111111111111111111111111111a1111111111111111111a111111111
17377,harshil,1
17378,harshil,1
17379,harshil,1
17380,harshil,111111111111111111111111111111111111111111@1111111111111111111111111111a1111111111111111111a111111111
17381,harshil,111
17382,harshil,111111111111111111111111111111111111111111@1111111111111111111111111111a1111111111111111111a111111111
17383,harshil,1
17384,harshil,1
17385,harshil,1
17386,harshil,111111111111111111111111111111111111111111@1111111111111111111111111111a1111111111111111111a111111111
17387,harshil,111
17388,harshil,111111111111111111111111111111111111111111@1111111111111111111111111111a1111111111111111111a111111111
17389,harshil,1
17390,harshil,1
17391,harshil,1
17392,harshil,111111111111111111111111111111111111111111@1111111111111111111111111111a1111111111111111111a111111111
17393,harshil,111
17394,harshil,111111111111111111111111111111111111111111@1111111111111111111111111111a1111111111111111111a111111111
17395,harshil,1
17396,harshil,1
17397,harshil,1
17398,harshil,111111111111111111111111111111111111111111@1111111111111111111111111111a1111111111111111111a111111111
17399,harshil,111
17400,harshil,111111111111111111111111111111111111111111@1111111111111111111111111111a1111111111111111111a111111111
17401,harshil,1
17402,harshil,1
17403,harshil,1
17404,harshil,111111111111111111111111111111111111111111@1111111111111111111111111111a1111111111111111111a111111111
17405,harshil,111
17406,harshil,111111111111111111111111111111111111111111@1111111111111111111111111111a1111111111111111111a111111111
17407,harshil,1
17408,harshil,1
17409,harshil,1
17410,harshil,111111111111111111111111111111111111111111@1111111111111111111111111111a1111111111111111111a111111111
17411,harshil,111
17412,harshil,111111111111111111111111111111111111111111@1111111111111111111111111111a1111111111111111111a111111111
17413,harshil,1
17414,harshil,1
17415,harshil,1
17416,harshil,111111111111111111111111111111111111111111@1111111111111111111111111111a1111111111111111111a111111111
17417,harshil,111
17418,harshil,111111111111111111111111111111111111111111@1111111111111111111111111111a1111111111111111111a111111111
17419,harshil,1
17420,harshil,1
17421,harshil,1
17422,harshil,111111111111111111111111111111111111111111@1111111111111111111111111111a1111111111111111111a111111111
17423,harshil,111
17424,harshil,111111111111111111111111111111111111111111@1111111111111111111111111111a1111111111111111111a111111111
17425,harshil,1
17426,harshil,1
17427,harshil,1
17428,harshil,111111111111111111111111111111111111111111@1111111111111111111111111111a1111111111111111111a111111111
17429,harshil,111
17430,harshil,111111111111111111111111111111111111111111@1111111111111111111111111111a1111111111111111111a111111111
17431,harshil,1
17432,harshil,1
17433,harshil,1
17434,harshil,111111111111111111111111111111111111111111@1111111111111111111111111111a1111111111111111111a111111111
17435,harshil,111
17436,harshil,111111111111111111111111111111111111111111@1111111111111111111111111111a1111111111111111111a111111111
17437,harshil,1
17438,harshil,1
17439,harshil,1
17440,harshil,111111111111111111111111111111111111111111@1111111111111111111111111111a1111111111111111111a111111111
17441,harshil,111
17442,harshil,111111111111111111111111111111111111111111@1111111111111111111111111111a1111111111111111111a111111111
17443,harshil,1
17444,harshil,1
17445,harshil,1
17446,harshil,111111111111111111111111111111111111111111@1111111111111111111111111111a1111111111111111111a111111111
17447,harshil,111
17448,harshil,111111111111111111111111111111111111111111@1111111111111111111111111111a1111111111111111111a111111111
17449,harshil,1
17450,harshil,1
17451,harshil,1
17452,harshil,111111111111111111111111111111111111111111@1111111111111111111111111111a1111111111111111111a111111111
17453,harshil,111
17454,harshil,111111111111111111111111111111111111111111@1111111111111111111111111111a1111111111111111111a111111111
17455,harshil,1
17456,harshil,1
17457,harshil,1
17458,harshil,111111111111111111111111111111111111111111@1111111111111111111111111111a1111111111111111111a111111111
17459,harshil,111
17460,harshil,111111111111111111111111111111111111111111@1111111111111111111111111111a1111111111111111111a111111111
17461,harshil,1
17462,harshil,1
17463,harshil,1
17464,harshil,111111111111111111111111111111111111111111@1111111111111111111111111111a1111111111111111111a111111111
17465,harshil,111
17466,harshil,111111111111111111111111111111111111111111@1111111111111111111111111111a1111111111111111111a111111111
17467,harshil,1
17468,harshil,1
17469,harshil,1
17470,harshil,111111111111111111111111111111111111111111@1111111111111111111111111111a1111111111111111111a111111111
17471,harshil,111
17472,harshil,111111111111111111111111111111111111111111@1111111111111111111111111111a1111111111111111111a111111111
17473,harshil,1
17474,harshil,1
17475,harshil,1
17476,harshil,111111111111111111111111111111111111111111@1111111111111111111111111111a1111111111111111111a111111111
17477,harshil,111
17478,harshil,111111111111111111111111111111111111111111@1111111111111111111111111111a1111111111111111111a111111111
17479,harshil,1
17480,harshil,1
17481,harshil,1
17482,harshil,111111111111111111111111111111111111111111@1111111111111111111111111111a1111111111111111111a111111111
17483,harshil,111
17484,harshil,111111111111111111111111111111111111111111@1111111111111111111111111111a1111111111111111111a111111111
17485,harshil,1
17486,harshil,1
17487,harshil,1
17488,harshil,111111111111111111111111111111111111111111@1111111111111111111111111111a1111111111111111111a111111111
17489,harshil,111
17490,harshil,111111111111111111111111111111111111111111@1111111111111111111111111111a1111111111111111111a111111111
17491,harshil,1
17492,harshil,1
17493,harshil,1
17494,harshil,111111111111111111111111111111111111111111@1111111111111111111111111111a1111111111111111111a111111111
17495,harshil,111
17496,harshil,111111111111111111111111111111111111111111@1111111111111111111111111111a1111111111111111111a111111111
17497,harshil,1
17498,harshil,1
17499,harshil,1
17500,harshil,111111111111111111111111111111111111111111@1111111111111111111111111111a1111111111111111111a111111111
17501,harshil,111
17502,harshil,111111111111111111111111111111111111111111@1111111111111111111111111111a1111111111111111111a111111111
17503,harshil,1
17504,harshil,1
17505,harshil,1
17506,harshil,111111111111111111111111111111111111111111@1111111111111111111111111111a1111111111111111111a111111111
17507,harshil,111
17508,harshil,111111111111111111111111111111111111111111@1111111111111111111111111111a1111111111111111111a111111111
17509,harshil,1
17510,harshil,1
17511,harshil,1
17512,harshil,111111111111111111111111111111111111111111@1111111111111111111111111111a1111111111111111111a111111111
17513,harshil,111
17514,harshil,111111111111111111111111111111111111111111@1111111111111111111111111111a1111111111111111111a111111111
17515,harshil,1
17516,harshil,1
17517,harshil,1
17518,harshil,111111111111111111111111111111111111111111@1111111111111111111111111111a1111111111111111111a111111111
17519,harshil,111
17520,harshil,111111111111111111111111111111111111111111@1111111111111111111111111111a1111111111111111111a111111111
17521,harshil,1
17522,harshil,1
17523,harshil,1
17524,harshil,111111111111111111111111111111111111111111@1111111111111111111111111111a1111111111111111111a111111111
17525,harshil,111
17526,harshil,111111111111111111111111111111111111111111@1111111111111111111111111111a1111111111111111111a111111111
17527,harshil,1
17528,harshil,1
17529,harshil,1
17530,harshil,111111111111111111111111111111111111111111@1111111111111111111111111111a1111111111111111111a111111111
17531,harshil,111
17532,harshil,111111111111111111111111111111111111111111@1111111111111111111111111111a1111111111111111111a111111111
17533,harshil,1
17534,harshil,1
17535,harshil,1
17536,harshil,111111111111111111111111111111111111111111@1111111111111111111111111111a1111111111111111111a111111111
17537,harshil,111
17538,harshil,111111111111111111111111111111111111111111@1111111111111111111111111111a1111111111111111111a111111111
17539,harshil,1
17540,harshil,1
17541,harshil,1
17542,harshil,111111111111111111111111111111111111111111@1111111111111111111111111111a1111111111111111111a111111111
17543,harshil,111
17544,harshil,111111111111111111111111111111111111111111@1111111111111111111111111111a1111111111111111111a111111111
17545,harshil,1
17546,harshil,1
17547,harshil,1
17548,harshil,111111111111111111111111111111111111111111@1111111111111111111111111111a1111111111111111111a111111111
17549,harshil,111
17550,harshil,111111111111111111111111111111111111111111@1111111111111111111111111111a1111111111111111111a111111111
17551,harshil,1
17552,harshil,1
17553,harshil,1
17554,harshil,111111111111111111111111111111111111111111@1111111111111111111111111111a1111111111111111111a111111111
17555,harshil,111
17556,harshil,111111111111111111111111111111111111111111@1111111111111111111111111111a1111111111111111111a111111111
17557,harshil,1
17558,harshil,1
17559,harshil,1
17560,harshil,111111111111111111111111111111111111111111@1111111111111111111111111111a1111111111111111111a111111111
17561,harshil,111
17562,harshil,111111111111111111111111111111111111111111@1111111111111111111111111111a1111111111111111111a111111111
17563,harshil,1
17564,harshil,1
17565,harshil,1
17566,harshil,111111111111111111111111111111111111111111@1111111111111111111111111111a1111111111111111111a111111111
17567,harshil,111
17568,harshil,111111111111111111111111111111111111111111@1111111111111111111111111111a1111111111111111111a111111111
17569,harshil,1
17570,harshil,1
17571,harshil,1
17572,harshil,111111111111111111111111111111111111111111@1111111111111111111111111111a1111111111111111111a111111111
17573,harshil,111
17574,harshil,111111111111111111111111111111111111111111@1111111111111111111111111111a1111111111111111111a111111111
17575,harshil,1
17576,harshil,1
17577,harshil,1
17578,harshil,111111111111111111111111111111111111111111@1111111111111111111111111111a1111111111111111111a111111111
17579,harshil,111
17580,harshil,111111111111111111111111111111111111111111@1111111111111111111111111111a1111111111111111111a111111111
17581,harshil,1
17582,harshil,1
17583,harshil,1
17584,harshil,111111111111111111111111111111111111111111@1111111111111111111111111111a1111111111111111111a111111111
17585,harshil,111
17586,harshil,111111111111111111111111111111111111111111@1111111111111111111111111111a1111111111111111111a111111111
17587,harshil,1
17588,harshil,1
17589,harshil,1
17590,harshil,111111111111111111111111111111111111111111@1111111111111111111111111111a1111111111111111111a111111111
17591,harshil,111
17592,harshil,111111111111111111111111111111111111111111@1111111111111111111111111111a1111111111111111111a111111111
17593,harshil,1
17594,harshil,1
17595,harshil,1
17596,harshil,111111111111111111111111111111111111111111@1111111111111111111111111111a1111111111111111111a111111111
17597,harshil,111
17598,harshil,111111111111111111111111111111111111111111@1111111111111111111111111111a1111111111111111111a111111111
17599,harshil,1
17600,harshil,1
17601,harshil,1
17602,harshil,111111111111111111111111111111111111111111@1111111111111111111111111111a1111111111111111111a111111111
17603,harshil,111
17604,harshil,111111111111111111111111111111111111111111@1111111111111111111111111111a1111111111111111111a111111111
17605,harshil,1
17606,harshil,1
17607,harshil,1
17608,harshil,111111111111111111111111111111111111111111@1111111111111111111111111111a1111111111111111111a111111111
17609,harshil,111
17610,harshil,111111111111111111111111111111111111111111@1111111111111111111111111111a1111111111111111111a111111111
17611,harshil,1
17612,harshil,1
17613,harshil,1
17614,harshil,111111111111111111111111111111111111111111@1111111111111111111111111111a1111111111111111111a111111111
17615,harshil,111
17616,harshil,111111111111111111111111111111111111111111@1111111111111111111111111111a1111111111111111111a111111111
17617,harshil,1
17618,harshil,1
17619,harshil,1
17620,harshil,111111111111111111111111111111111111111111@1111111111111111111111111111a1111111111111111111a111111111
17621,harshil,111
17622,harshil,111111111111111111111111111111111111111111@1111111111111111111111111111a1111111111111111111a111111111
17623,harshil,1
17624,harshil,1
17625,harshil,1
17626,harshil,111111111111111111111111111111111111111111@1111111111111111111111111111a1111111111111111111a111111111
17627,harshil,111
17628,harshil,111111111111111111111111111111111111111111@1111111111111111111111111111a1111111111111111111a111111111
17629,harshil,1
17630,harshil,1
17631,harshil,1
17632,harshil,111111111111111111111111111111111111111111@1111111111111111111111111111a1111111111111111111a111111111
17633,harshil,111
17634,harshil,111111111111111111111111111111111111111111@1111111111111111111111111111a1111111111111111111a111111111
17635,harshil,1
17636,harshil,1
17637,harshil,1
17638,harshil,111111111111111111111111111111111111111111@1111111111111111111111111111a1111111111111111111a111111111
17639,harshil,111
17640,harshil,111111111111111111111111111111111111111111@1111111111111111111111111111a1111111111111111111a111111111
17641,harshil,1
17642,harshil,1
17643,harshil,1
17644,harshil,111111111111111111111111111111111111111111@1111111111111111111111111111a1111111111111111111a111111111
17645,harshil,111
17646,harshil,111111111111111111111111111111111111111111@1111111111111111111111111111a1111111111111111111a111111111
17647,harshil,1
17648,harshil,1
17649,harshil,1
17650,harshil,111111111111111111111111111111111111111111@1111111111111111111111111111a1111111111111111111a111111111
17651,harshil,111
17652,harshil,111111111111111111111111111111111111111111@1111111111111111111111111111a1111111111111111111a111111111
17653,harshil,1
17654,harshil,1
17655,harshil,1
17656,harshil,111111111111111111111111111111111111111111@1111111111111111111111111111a1111111111111111111a111111111
17657,harshil,111
17658,harshil,111111111111111111111111111111111111111111@1111111111111111111111111111a1111111111111111111a111111111
17659,harshil,1
17660,harshil,1
17661,harshil,1
17662,harshil,111111111111111111111111111111111111111111@1111111111111111111111111111a1111111111111111111a111111111
17663,harshil,111
17664,harshil,111111111111111111111111111111111111111111@1111111111111111111111111111a1111111111111111111a111111111
17665,harshil,1
17666,harshil,1
17667,harshil,1
17668,harshil,111111111111111111111111111111111111111111@1111111111111111111111111111a1111111111111111111a111111111
17669,harshil,111
17670,harshil,111111111111111111111111111111111111111111@1111111111111111111111111111a1111111111111111111a111111111
17671,harshil,1
17672,harshil,1
17673,harshil,1
17674,harshil,111111111111111111111111111111111111111111@1111111111111111111111111111a1111111111111111111a111111111
17675,harshil,111
17676,harshil,111111111111111111111111111111111111111111@1111111111111111111111111111a1111111111111111111a111111111
17677,harshil,1
17678,harshil,1
17679,harshil,1
17680,harshil,111111111111111111111111111111111111111111@1111111111111111111111111111a1111111111111111111a111111111
17681,harshil,111
17682,harshil,111111111111111111111111111111111111111111@1111111111111111111111111111a1111111111111111111a111111111
17683,harshil,1
17684,harshil,1
17685,harshil,1
17686,harshil,111111111111111111111111111111111111111111@1111111111111111111111111111a1111111111111111111a111111111
17687,harshil,111
17688,harshil,111111111111111111111111111111111111111111@1111111111111111111111111111a1111111111111111111a111111111
17689,harshil,1
17690,harshil,1
17691,harshil,1
17692,harshil,111111111111111111111111111111111111111111@1111111111111111111111111111a1111111111111111111a111111111
17693,harshil,111
17694,harshil,111111111111111111111111111111111111111111@1111111111111111111111111111a1111111111111111111a111111111
17695,harshil,1
17696,harshil,1
17697,harshil,1
17698,harshil,111111111111111111111111111111111111111111@1111111111111111111111111111a1111111111111111111a111111111
17699,harshil,111
17700,harshil,111111111111111111111111111111111111111111@1111111111111111111111111111a1111111111111111111a111111111
17701,harshil,1
17702,harshil,1
17703,harshil,1
17704,harshil,111111111111111111111111111111111111111111@1111111111111111111111111111a1111111111111111111a111111111
17705,harshil,111
17706,harshil,111111111111111111111111111111111111111111@1111111111111111111111111111a1111111111111111111a111111111
17707,harshil,1
17708,harshil,1
17709,harshil,1
17710,harshil,111111111111111111111111111111111111111111@1111111111111111111111111111a1111111111111111111a111111111
17711,harshil,111
17712,harshil,111111111111111111111111111111111111111111@1111111111111111111111111111a1111111111111111111a111111111
17713,harshil,1
17714,harshil,1
17715,harshil,1
17716,harshil,111111111111111111111111111111111111111111@1111111111111111111111111111a1111111111111111111a111111111
17717,harshil,111
17718,harshil,111111111111111111111111111111111111111111@1111111111111111111111111111a1111111111111111111a111111111
17719,harshil,1
17720,harshil,1
17721,harshil,1
17722,harshil,111111111111111111111111111111111111111111@1111111111111111111111111111a1111111111111111111a111111111
17723,harshil,111
17724,harshil,111111111111111111111111111111111111111111@1111111111111111111111111111a1111111111111111111a111111111
17725,harshil,1
17726,harshil,1
17727,harshil,1
17728,harshil,111111111111111111111111111111111111111111@1111111111111111111111111111a1111111111111111111a111111111
17729,harshil,111
17730,harshil,111111111111111111111111111111111111111111@1111111111111111111111111111a1111111111111111111a111111111
17731,harshil,1
17732,harshil,1
17733,harshil,1
17734,harshil,111111111111111111111111111111111111111111@1111111111111111111111111111a1111111111111111111a111111111
17735,harshil,111
17736,harshil,111111111111111111111111111111111111111111@1111111111111111111111111111a1111111111111111111a111111111
17737,harshil,1
17738,harshil,1
17739,harshil,1
17740,harshil,111111111111111111111111111111111111111111@1111111111111111111111111111a1111111111111111111a111111111
17741,harshil,111
17742,harshil,111111111111111111111111111111111111111111@1111111111111111111111111111a1111111111111111111a111111111
17743,harshil,1
17744,harshil,1
17745,harshil,1
17746,harshil,111111111111111111111111111111111111111111@1111111111111111111111111111a1111111111111111111a111111111
17747,harshil,111
17748,harshil,111111111111111111111111111111111111111111@1111111111111111111111111111a1111111111111111111a111111111
17749,harshil,1
17750,harshil,1
17751,harshil,1
17752,harshil,111111111111111111111111111111111111111111@1111111111111111111111111111a1111111111111111111a111111111
17753,harshil,111
17754,harshil,111111111111111111111111111111111111111111@1111111111111111111111111111a1111111111111111111a111111111
17755,harshil,1
17756,harshil,1
17757,harshil,1
17758,harshil,111111111111111111111111111111111111111111@1111111111111111111111111111a1111111111111111111a111111111
17759,harshil,111
17760,harshil,111111111111111111111111111111111111111111@1111111111111111111111111111a1111111111111111111a111111111
17761,harshil,1
17762,harshil,1
17763,harshil,1
17764,harshil,111111111111111111111111111111111111111111@1111111111111111111111111111a1111111111111111111a111111111
17765,harshil,111
17766,harshil,111111111111111111111111111111111111111111@1111111111111111111111111111a1111111111111111111a111111111
17767,harshil,1
17768,harshil,1
17769,harshil,1
17770,harshil,111111111111111111111111111111111111111111@1111111111111111111111111111a1111111111111111111a111111111
17771,harshil,111
17772,harshil,111111111111111111111111111111111111111111@1111111111111111111111111111a1111111111111111111a111111111
17773,harshil,1
17774,harshil,1
17775,harshil,1
17776,harshil,111111111111111111111111111111111111111111@1111111111111111111111111111a1111111111111111111a111111111
17777,harshil,111
17778,harshil,111111111111111111111111111111111111111111@1111111111111111111111111111a1111111111111111111a111111111
17779,harshil,1
17780,harshil,1
17781,harshil,1
17782,harshil,111111111111111111111111111111111111111111@1111111111111111111111111111a1111111111111111111a111111111
17783,harshil,111
17784,harshil,111111111111111111111111111111111111111111@1111111111111111111111111111a1111111111111111111a111111111
17785,harshil,1
17786,harshil,1
17787,harshil,1
17788,harshil,111111111111111111111111111111111111111111@1111111111111111111111111111a1111111111111111111a111111111
17789,harshil,111
17790,harshil,111111111111111111111111111111111111111111@1111111111111111111111111111a1111111111111111111a111111111
17791,harshil,1
17792,harshil,1
17793,harshil,1
17794,harshil,111111111111111111111111111111111111111111@1111111111111111111111111111a1111111111111111111a111111111
17795,harshil,111
17796,harshil,111111111111111111111111111111111111111111@1111111111111111111111111111a1111111111111111111a111111111
17797,harshil,1
17798,harshil,1
17799,harshil,1
17800,harshil,111111111111111111111111111111111111111111@1111111111111111111111111111a1111111111111111111a111111111
17801,harshil,111
17802,harshil,111111111111111111111111111111111111111111@1111111111111111111111111111a1111111111111111111a111111111
17803,harshil,1
17804,harshil,1
17805,harshil,1
17806,harshil,111111111111111111111111111111111111111111@1111111111111111111111111111a1111111111111111111a111111111
17807,harshil,111
17808,harshil,111111111111111111111111111111111111111111@1111111111111111111111111111a1111111111111111111a111111111
17809,harshil,1
17810,harshil,1
17811,harshil,1
17812,harshil,111111111111111111111111111111111111111111@1111111111111111111111111111a1111111111111111111a111111111
17813,harshil,111
17814,harshil,111111111111111111111111111111111111111111@1111111111111111111111111111a1111111111111111111a111111111
17815,harshil,1
17816,harshil,1
17817,harshil,1
17818,harshil,111111111111111111111111111111111111111111@1111111111111111111111111111a1111111111111111111a111111111
17819,harshil,111
17820,harshil,111111111111111111111111111111111111111111@1111111111111111111111111111a1111111111111111111a111111111
17821,harshil,1
17822,harshil,1
17823,harshil,1
17824,harshil,111111111111111111111111111111111111111111@1111111111111111111111111111a1111111111111111111a111111111
17825,harshil,111
17826,harshil,111111111111111111111111111111111111111111@1111111111111111111111111111a1111111111111111111a111111111
17827,harshil,1
17828,harshil,1
17829,harshil,1
17830,harshil,111111111111111111111111111111111111111111@1111111111111111111111111111a1111111111111111111a111111111
17831,harshil,111
17832,harshil,111111111111111111111111111111111111111111@1111111111111111111111111111a1111111111111111111a111111111
17833,harshil,1
17834,harshil,1
17835,harshil,1
17836,harshil,111111111111111111111111111111111111111111@1111111111111111111111111111a1111111111111111111a111111111
17837,harshil,111
17838,harshil,111111111111111111111111111111111111111111@1111111111111111111111111111a1111111111111111111a111111111
17839,harshil,1
17840,harshil,1
17841,harshil,1
17842,harshil,111111111111111111111111111111111111111111@1111111111111111111111111111a1111111111111111111a111111111
17843,harshil,111
17844,harshil,111111111111111111111111111111111111111111@1111111111111111111111111111a1111111111111111111a111111111
17845,harshil,1
17846,harshil,1
17847,harshil,1
17848,harshil,111111111111111111111111111111111111111111@1111111111111111111111111111a1111111111111111111a111111111
17849,harshil,111
17850,harshil,111111111111111111111111111111111111111111@1111111111111111111111111111a1111111111111111111a111111111
17851,harshil,1
17852,harshil,1
17853,harshil,1
17854,harshil,111111111111111111111111111111111111111111@1111111111111111111111111111a1111111111111111111a111111111
17855,harshil,111
17856,harshil,111111111111111111111111111111111111111111@1111111111111111111111111111a1111111111111111111a111111111
17857,harshil,1
17858,harshil,1
17859,harshil,1
17860,harshil,111111111111111111111111111111111111111111@1111111111111111111111111111a1111111111111111111a111111111
17861,harshil,111
17862,harshil,111111111111111111111111111111111111111111@1111111111111111111111111111a1111111111111111111a111111111
17863,harshil,1
17864,harshil,1
17865,harshil,1
17866,harshil,111111111111111111111111111111111111111111@1111111111111111111111111111a1111111111111111111a111111111
17867,harshil,111
17868,harshil,111111111111111111111111111111111111111111@1111111111111111111111111111a1111111111111111111a111111111
17869,harshil,1
17870,harshil,1
17871,harshil,1
17872,harshil,111111111111111111111111111111111111111111@1111111111111111111111111111a1111111111111111111a111111111
17873,harshil,111
17874,harshil,111111111111111111111111111111111111111111@1111111111111111111111111111a1111111111111111111a111111111
17875,harshil,1
17876,harshil,1
17877,harshil,1
17878,harshil,111111111111111111111111111111111111111111@1111111111111111111111111111a1111111111111111111a111111111
17879,harshil,111
17880,harshil,111111111111111111111111111111111111111111@1111111111111111111111111111a1111111111111111111a111111111
17881,harshil,1
17882,harshil,1
17883,harshil,1
17884,harshil,111111111111111111111111111111111111111111@1111111111111111111111111111a1111111111111111111a111111111
17885,harshil,111
17886,harshil,111111111111111111111111111111111111111111@1111111111111111111111111111a1111111111111111111a111111111
17887,harshil,1
17888,harshil,1
17889,harshil,1
17890,harshil,111111111111111111111111111111111111111111@1111111111111111111111111111a1111111111111111111a111111111
17891,harshil,111
17892,harshil,111111111111111111111111111111111111111111@1111111111111111111111111111a1111111111111111111a111111111
17893,harshil,1
17894,harshil,1
17895,harshil,1
17896,harshil,111111111111111111111111111111111111111111@1111111111111111111111111111a1111111111111111111a111111111
17897,harshil,111
17898,harshil,111111111111111111111111111111111111111111@1111111111111111111111111111a1111111111111111111a111111111
17899,harshil,1
17900,harshil,1
17901,harshil,1
17902,harshil,111111111111111111111111111111111111111111@1111111111111111111111111111a1111111111111111111a111111111
17903,harshil,111
17904,harshil,111111111111111111111111111111111111111111@1111111111111111111111111111a1111111111111111111a111111111
17905,harshil,1
17906,harshil,1
17907,harshil,1
17908,harshil,111111111111111111111111111111111111111111@1111111111111111111111111111a1111111111111111111a111111111
17909,harshil,111
17910,harshil,111111111111111111111111111111111111111111@1111111111111111111111111111a1111111111111111111a111111111
17911,harshil,1
17912,harshil,1
17913,harshil,1
17914,harshil,111111111111111111111111111111111111111111@1111111111111111111111111111a1111111111111111111a111111111
17915,harshil,111
17916,harshil,111111111111111111111111111111111111111111@1111111111111111111111111111a1111111111111111111a111111111
17917,harshil,1
17918,harshil,1
17919,harshil,1
17920,harshil,111111111111111111111111111111111111111111@1111111111111111111111111111a1111111111111111111a111111111
17921,harshil,111
17922,harshil,111111111111111111111111111111111111111111@1111111111111111111111111111a1111111111111111111a111111111
17923,harshil,1
17924,harshil,1
17925,harshil,1
17926,harshil,111111111111111111111111111111111111111111@1111111111111111111111111111a1111111111111111111a111111111
17927,harshil,111
17928,harshil,111111111111111111111111111111111111111111@1111111111111111111111111111a1111111111111111111a111111111
17929,harshil,1
17930,harshil,1
17931,harshil,1
17932,harshil,111111111111111111111111111111111111111111@1111111111111111111111111111a1111111111111111111a111111111
17933,harshil,111
17934,harshil,111111111111111111111111111111111111111111@1111111111111111111111111111a1111111111111111111a111111111
17935,harshil,1
17936,harshil,1
17937,harshil,1
17938,harshil,111111111111111111111111111111111111111111@1111111111111111111111111111a1111111111111111111a111111111
17939,harshil,111
17940,harshil,111111111111111111111111111111111111111111@1111111111111111111111111111a1111111111111111111a111111111
17941,harshil,1
17942,harshil,1
17943,harshil,1
17944,harshil,111111111111111111111111111111111111111111@1111111111111111111111111111a1111111111111111111a111111111
17945,harshil,111
17946,harshil,111111111111111111111111111111111111111111@1111111111111111111111111111a1111111111111111111a111111111
17947,harshil,1
17948,harshil,1
17949,harshil,1
17950,harshil,111111111111111111111111111111111111111111@1111111111111111111111111111a1111111111111111111a111111111
17951,harshil,111
17952,harshil,111111111111111111111111111111111111111111@1111111111111111111111111111a1111111111111111111a111111111
17953,harshil,1
17954,harshil,1
17955,harshil,1
17956,harshil,111111111111111111111111111111111111111111@1111111111111111111111111111a1111111111111111111a111111111
17957,harshil,111
17958,harshil,111111111111111111111111111111111111111111@1111111111111111111111111111a1111111111111111111a111111111
17959,harshil,1
17960,harshil,1
17961,harshil,1
17962,harshil,111111111111111111111111111111111111111111@1111111111111111111111111111a1111111111111111111a111111111
17963,harshil,111
17964,harshil,111111111111111111111111111111111111111111@1111111111111111111111111111a1111111111111111111a111111111
17965,harshil,1
17966,harshil,1
17967,harshil,1
17968,harshil,111111111111111111111111111111111111111111@1111111111111111111111111111a1111111111111111111a111111111
17969,harshil,111
17970,harshil,111111111111111111111111111111111111111111@1111111111111111111111111111a1111111111111111111a111111111
17971,harshil,1
17972,harshil,1
17973,harshil,1
17974,harshil,111111111111111111111111111111111111111111@1111111111111111111111111111a1111111111111111111a111111111
17975,harshil,111
17976,harshil,111111111111111111111111111111111111111111@1111111111111111111111111111a1111111111111111111a111111111
17977,harshil,1
17978,harshil,1
17979,harshil,1
17980,harshil,111111111111111111111111111111111111111111@1111111111111111111111111111a1111111111111111111a111111111
17981,harshil,111
17982,harshil,111111111111111111111111111111111111111111@1111111111111111111111111111a1111111111111111111a111111111
17983,harshil,1
17984,harshil,1
17985,harshil,1
17986,harshil,111111111111111111111111111111111111111111@1111111111111111111111111111a1111111111111111111a111111111
17987,harshil,111
17988,harshil,111111111111111111111111111111111111111111@1111111111111111111111111111a1111111111111111111a111111111
17989,harshil,1
17990,harshil,1
17991,harshil,1
17992,harshil,111111111111111111111111111111111111111111@1111111111111111111111111111a1111111111111111111a111111111
17993,harshil,111
17994,harshil,111111111111111111111111111111111111111111@1111111111111111111111111111a1111111111111111111a111111111
17995,harshil,1
17996,harshil,1
17997,harshil,1
17998,harshil,111111111111111111111111111111111111111111@1111111111111111111111111111a1111111111111111111a111111111
17999,harshil,111
18000,harshil,111111111111111111111111111111111111111111@1111111111111111111111111111a1111111111111111111a111111111
18001,harshil,1
18002,harshil,1
18003,harshil,1
18004,harshil,111111111111111111111111111111111111111111@1111111111111111111111111111a1111111111111111111a111111111
18005,harshil,111
18006,harshil,111111111111111111111111111111111111111111@1111111111111111111111111111a1111111111111111111a111111111
18007,harshil,1
18008,harshil,1
18009,harshil,1
18010,harshil,111111111111111111111111111111111111111111@1111111111111111111111111111a1111111111111111111a111111111
18011,harshil,111
18012,harshil,111111111111111111111111111111111111111111@1111111111111111111111111111a1111111111111111111a111111111
18013,harshil,1
18014,harshil,1
18015,harshil,1
18016,harshil,111111111111111111111111111111111111111111@1111111111111111111111111111a1111111111111111111a111111111
18017,harshil,111
18018,harshil,111111111111111111111111111111111111111111@1111111111111111111111111111a1111111111111111111a111111111
18019,harshil,1
18020,harshil,1
18021,harshil,1
18022,harshil,111111111111111111111111111111111111111111@1111111111111111111111111111a1111111111111111111a111111111
18023,harshil,111
18024,harshil,111111111111111111111111111111111111111111@1111111111111111111111111111a1111111111111111111a111111111
18025,harshil,1
18026,harshil,1
18027,harshil,1
18028,harshil,111111111111111111111111111111111111111111@1111111111111111111111111111a1111111111111111111a111111111
18029,harshil,111
18030,harshil,111111111111111111111111111111111111111111@1111111111111111111111111111a1111111111111111111a111111111
18031,harshil,1
18032,harshil,1
18033,harshil,1
18034,harshil,111111111111111111111111111111111111111111@1111111111111111111111111111a1111111111111111111a111111111
18035,harshil,111
18036,harshil,111111111111111111111111111111111111111111@1111111111111111111111111111a1111111111111111111a111111111
18037,harshil,1
18038,harshil,1
18039,harshil,1
18040,harshil,111111111111111111111111111111111111111111@1111111111111111111111111111a1111111111111111111a111111111
18041,harshil,111
18042,harshil,111111111111111111111111111111111111111111@1111111111111111111111111111a1111111111111111111a111111111
18043,harshil,1
18044,harshil,1
18045,harshil,1
18046,harshil,111111111111111111111111111111111111111111@1111111111111111111111111111a1111111111111111111a111111111
18047,harshil,111
18048,harshil,111111111111111111111111111111111111111111@1111111111111111111111111111a1111111111111111111a111111111
18049,harshil,1
18050,harshil,1
18051,harshil,1
18052,harshil,111111111111111111111111111111111111111111@1111111111111111111111111111a1111111111111111111a111111111
18053,harshil,111
18054,harshil,111111111111111111111111111111111111111111@1111111111111111111111111111a1111111111111111111a111111111
18055,harshil,1
18056,harshil,1
18057,harshil,1
18058,harshil,111111111111111111111111111111111111111111@1111111111111111111111111111a1111111111111111111a111111111
18059,harshil,111
18060,harshil,111111111111111111111111111111111111111111@1111111111111111111111111111a1111111111111111111a111111111
18061,harshil,1
18062,harshil,1
18063,harshil,1
18064,harshil,111111111111111111111111111111111111111111@1111111111111111111111111111a1111111111111111111a111111111
18065,harshil,111
18066,harshil,111111111111111111111111111111111111111111@1111111111111111111111111111a1111111111111111111a111111111
18067,harshil,1
18068,harshil,1
18069,harshil,1
18070,harshil,111111111111111111111111111111111111111111@1111111111111111111111111111a1111111111111111111a111111111
18071,harshil,111
18072,harshil,111111111111111111111111111111111111111111@1111111111111111111111111111a1111111111111111111a111111111
18073,harshil,1
18074,harshil,1
18075,harshil,1
18076,harshil,111111111111111111111111111111111111111111@1111111111111111111111111111a1111111111111111111a111111111
18077,harshil,111
18078,harshil,111111111111111111111111111111111111111111@1111111111111111111111111111a1111111111111111111a111111111
18079,harshil,1
18080,harshil,1
18081,harshil,1
18082,harshil,111111111111111111111111111111111111111111@1111111111111111111111111111a1111111111111111111a111111111
18083,harshil,111
18084,harshil,111111111111111111111111111111111111111111@1111111111111111111111111111a1111111111111111111a111111111
18085,harshil,1
18086,harshil,1
18087,harshil,1
18088,harshil,111111111111111111111111111111111111111111@1111111111111111111111111111a1111111111111111111a111111111
18089,harshil,111
18090,harshil,111111111111111111111111111111111111111111@1111111111111111111111111111a1111111111111111111a111111111
18091,harshil,1
18092,harshil,1
18093,harshil,1
18094,harshil,111111111111111111111111111111111111111111@1111111111111111111111111111a1111111111111111111a111111111
18095,harshil,111
18096,harshil,111111111111111111111111111111111111111111@1111111111111111111111111111a1111111111111111111a111111111
18097,harshil,1
18098,harshil,1
18099,harshil,1
18100,harshil,111111111111111111111111111111111111111111@1111111111111111111111111111a1111111111111111111a111111111
18101,harshil,111
18102,harshil,111111111111111111111111111111111111111111@1111111111111111111111111111a1111111111111111111a111111111
18103,harshil,1
18104,harshil,1
18105,harshil,1
18106,harshil,111111111111111111111111111111111111111111@1111111111111111111111111111a1111111111111111111a111111111
18107,harshil,111
18108,harshil,111111111111111111111111111111111111111111@1111111111111111111111111111a1111111111111111111a111111111
18109,harshil,1
18110,harshil,1
18111,harshil,1
18112,harshil,111111111111111111111111111111111111111111@1111111111111111111111111111a1111111111111111111a111111111
18113,harshil,111
18114,harshil,111111111111111111111111111111111111111111@1111111111111111111111111111a1111111111111111111a111111111
18115,harshil,1
18116,harshil,1
18117,harshil,1
18118,harshil,111111111111111111111111111111111111111111@1111111111111111111111111111a1111111111111111111a111111111
18119,harshil,111
18120,harshil,111111111111111111111111111111111111111111@1111111111111111111111111111a1111111111111111111a111111111
18121,harshil,1
18122,harshil,1
18123,harshil,1
18124,harshil,111111111111111111111111111111111111111111@1111111111111111111111111111a1111111111111111111a111111111
18125,harshil,111
18126,harshil,111111111111111111111111111111111111111111@1111111111111111111111111111a1111111111111111111a111111111
18127,harshil,1
18128,harshil,1
18129,harshil,1
18130,harshil,111111111111111111111111111111111111111111@1111111111111111111111111111a1111111111111111111a111111111
18131,harshil,111
18132,harshil,111111111111111111111111111111111111111111@1111111111111111111111111111a1111111111111111111a111111111
18133,harshil,1
18134,harshil,1
18135,harshil,1
18136,harshil,111111111111111111111111111111111111111111@1111111111111111111111111111a1111111111111111111a111111111
18137,harshil,111
18138,harshil,111111111111111111111111111111111111111111@1111111111111111111111111111a1111111111111111111a111111111
18139,harshil,1
18140,harshil,1
18141,harshil,1
18142,harshil,111111111111111111111111111111111111111111@1111111111111111111111111111a1111111111111111111a111111111
18143,harshil,111
18144,harshil,111111111111111111111111111111111111111111@1111111111111111111111111111a1111111111111111111a111111111
18145,harshil,1
18146,harshil,1
18147,harshil,1
18148,harshil,111111111111111111111111111111111111111111@1111111111111111111111111111a1111111111111111111a111111111
18149,harshil,111
18150,harshil,111111111111111111111111111111111111111111@1111111111111111111111111111a1111111111111111111a111111111
18151,harshil,1
18152,harshil,1
18153,harshil,1
18154,harshil,111111111111111111111111111111111111111111@1111111111111111111111111111a1111111111111111111a111111111
18155,harshil,111
18156,harshil,111111111111111111111111111111111111111111@1111111111111111111111111111a1111111111111111111a111111111
18157,harshil,1
18158,harshil,1
18159,harshil,1
18160,harshil,111111111111111111111111111111111111111111@1111111111111111111111111111a1111111111111111111a111111111
18161,harshil,111
18162,harshil,111111111111111111111111111111111111111111@1111111111111111111111111111a1111111111111111111a111111111
18163,harshil,1
18164,harshil,1
18165,harshil,1
18166,harshil,111111111111111111111111111111111111111111@1111111111111111111111111111a1111111111111111111a111111111
18167,harshil,111
18168,harshil,111111111111111111111111111111111111111111@1111111111111111111111111111a1111111111111111111a111111111
18169,harshil,1
18170,harshil,1
18171,harshil,1
18172,harshil,111111111111111111111111111111111111111111@1111111111111111111111111111a1111111111111111111a111111111
18173,harshil,111
18174,harshil,111111111111111111111111111111111111111111@1111111111111111111111111111a1111111111111111111a111111111
18175,harshil,1
18176,harshil,1
18177,harshil,1
18178,harshil,111111111111111111111111111111111111111111@1111111111111111111111111111a1111111111111111111a111111111
18179,harshil,111
18180,harshil,111111111111111111111111111111111111111111@1111111111111111111111111111a1111111111111111111a111111111
18181,harshil,1
18182,harshil,1
18183,harshil,1
18184,harshil,111111111111111111111111111111111111111111@1111111111111111111111111111a1111111111111111111a111111111
18185,harshil,111
18186,harshil,111111111111111111111111111111111111111111@1111111111111111111111111111a1111111111111111111a111111111
18187,harshil,1
18188,harshil,1
18189,harshil,1
18190,harshil,111111111111111111111111111111111111111111@1111111111111111111111111111a1111111111111111111a111111111
18191,harshil,111
18192,harshil,111111111111111111111111111111111111111111@1111111111111111111111111111a1111111111111111111a111111111
18193,harshil,1
18194,harshil,1
18195,harshil,1
18196,harshil,111111111111111111111111111111111111111111@1111111111111111111111111111a1111111111111111111a111111111
18197,harshil,111
18198,harshil,111111111111111111111111111111111111111111@1111111111111111111111111111a1111111111111111111a111111111
18199,harshil,1
18200,harshil,1
18201,harshil,1
18202,harshil,111111111111111111111111111111111111111111@1111111111111111111111111111a1111111111111111111a111111111
18203,harshil,111
18204,harshil,111111111111111111111111111111111111111111@1111111111111111111111111111a1111111111111111111a111111111
18205,harshil,1
18206,harshil,1
18207,harshil,1
18208,harshil,111111111111111111111111111111111111111111@1111111111111111111111111111a1111111111111111111a111111111
18209,harshil,111
18210,harshil,111111111111111111111111111111111111111111@1111111111111111111111111111a1111111111111111111a111111111
18211,harshil,1
18212,harshil,1
18213,harshil,1
18214,harshil,111111111111111111111111111111111111111111@1111111111111111111111111111a1111111111111111111a111111111
18215,harshil,111
18216,harshil,111111111111111111111111111111111111111111@1111111111111111111111111111a1111111111111111111a111111111
18217,harshil,1
18218,harshil,1
18219,harshil,1
18220,harshil,111111111111111111111111111111111111111111@1111111111111111111111111111a1111111111111111111a111111111
18221,harshil,111
18222,harshil,111111111111111111111111111111111111111111@1111111111111111111111111111a1111111111111111111a111111111
18223,harshil,1
18224,harshil,1
18225,harshil,1
18226,harshil,111111111111111111111111111111111111111111@1111111111111111111111111111a1111111111111111111a111111111
18227,harshil,111
18228,harshil,111111111111111111111111111111111111111111@1111111111111111111111111111a1111111111111111111a111111111
18229,harshil,1
18230,harshil,1
18231,harshil,1
18232,harshil,111111111111111111111111111111111111111111@1111111111111111111111111111a1111111111111111111a111111111
18233,harshil,111
18234,harshil,111111111111111111111111111111111111111111@1111111111111111111111111111a1111111111111111111a111111111
18235,harshil,1
18236,harshil,1
18237,harshil,1
18238,harshil,111111111111111111111111111111111111111111@1111111111111111111111111111a1111111111111111111a111111111
18239,harshil,111
18240,harshil,111111111111111111111111111111111111111111@1111111111111111111111111111a1111111111111111111a111111111
18241,harshil,1
18242,harshil,1
18243,harshil,1
18244,harshil,111111111111111111111111111111111111111111@1111111111111111111111111111a1111111111111111111a111111111
18245,harshil,111
18246,harshil,111111111111111111111111111111111111111111@1111111111111111111111111111a1111111111111111111a111111111
18247,harshil,1
18248,harshil,1
18249,harshil,1
18250,harshil,111111111111111111111111111111111111111111@1111111111111111111111111111a1111111111111111111a111111111
18251,harshil,111
18252,harshil,111111111111111111111111111111111111111111@1111111111111111111111111111a1111111111111111111a111111111
18253,harshil,1
18254,harshil,1
18255,harshil,1
18256,harshil,111111111111111111111111111111111111111111@1111111111111111111111111111a1111111111111111111a111111111
18257,harshil,111
18258,harshil,111111111111111111111111111111111111111111@1111111111111111111111111111a1111111111111111111a111111111
18259,harshil,1
18260,harshil,1
18261,harshil,1
18262,harshil,111111111111111111111111111111111111111111@1111111111111111111111111111a1111111111111111111a111111111
18263,harshil,111
18264,harshil,111111111111111111111111111111111111111111@1111111111111111111111111111a1111111111111111111a111111111
18265,harshil,1
18266,harshil,1
18267,harshil,1
18268,harshil,111111111111111111111111111111111111111111@1111111111111111111111111111a1111111111111111111a111111111
18269,harshil,111
18270,harshil,111111111111111111111111111111111111111111@1111111111111111111111111111a1111111111111111111a111111111
18271,harshil,1
18272,harshil,1
18273,harshil,1
18274,harshil,111111111111111111111111111111111111111111@1111111111111111111111111111a1111111111111111111a111111111
18275,harshil,111
18276,harshil,111111111111111111111111111111111111111111@1111111111111111111111111111a1111111111111111111a111111111
18277,harshil,1
18278,harshil,1
18279,harshil,1
18280,harshil,111111111111111111111111111111111111111111@1111111111111111111111111111a1111111111111111111a111111111
18281,harshil,111
18282,harshil,111111111111111111111111111111111111111111@1111111111111111111111111111a1111111111111111111a111111111
18283,harshil,1
18284,harshil,1
18285,harshil,1
18286,harshil,111111111111111111111111111111111111111111@1111111111111111111111111111a1111111111111111111a111111111
18287,harshil,111
18288,harshil,111111111111111111111111111111111111111111@1111111111111111111111111111a1111111111111111111a111111111
18289,harshil,1
18290,harshil,1
18291,harshil,1
18292,harshil,111111111111111111111111111111111111111111@1111111111111111111111111111a1111111111111111111a111111111
18293,harshil,111
18294,harshil,111111111111111111111111111111111111111111@1111111111111111111111111111a1111111111111111111a111111111
18295,harshil,1
18296,harshil,1
18297,harshil,1
18298,harshil,111111111111111111111111111111111111111111@1111111111111111111111111111a1111111111111111111a111111111
18299,harshil,111
18300,harshil,111111111111111111111111111111111111111111@1111111111111111111111111111a1111111111111111111a111111111
18301,harshil,1
18302,harshil,1
18303,harshil,1
18304,harshil,111111111111111111111111111111111111111111@1111111111111111111111111111a1111111111111111111a111111111
18305,harshil,111
18306,harshil,111111111111111111111111111111111111111111@1111111111111111111111111111a1111111111111111111a111111111
18307,harshil,1
18308,harshil,1
18309,harshil,1
18310,harshil,111111111111111111111111111111111111111111@1111111111111111111111111111a1111111111111111111a111111111
18311,harshil,111
18312,harshil,111111111111111111111111111111111111111111@1111111111111111111111111111a1111111111111111111a111111111
18313,harshil,1
18314,harshil,1
18315,harshil,1
18316,harshil,111111111111111111111111111111111111111111@1111111111111111111111111111a1111111111111111111a111111111
18317,harshil,111
18318,harshil,111111111111111111111111111111111111111111@1111111111111111111111111111a1111111111111111111a111111111
18319,harshil,1
18320,harshil,1
18321,harshil,1
18322,harshil,111111111111111111111111111111111111111111@1111111111111111111111111111a1111111111111111111a111111111
18323,harshil,111
18324,harshil,111111111111111111111111111111111111111111@1111111111111111111111111111a1111111111111111111a111111111
18325,harshil,1
18326,harshil,1
18327,harshil,1
18328,harshil,111111111111111111111111111111111111111111@1111111111111111111111111111a1111111111111111111a111111111
18329,harshil,111
18330,harshil,111111111111111111111111111111111111111111@1111111111111111111111111111a1111111111111111111a111111111
18331,harshil,1
18332,harshil,1
18333,harshil,1
18334,harshil,111111111111111111111111111111111111111111@1111111111111111111111111111a1111111111111111111a111111111
18335,harshil,111
18336,harshil,111111111111111111111111111111111111111111@1111111111111111111111111111a1111111111111111111a111111111
18337,harshil,1
18338,harshil,1
18339,harshil,1
18340,harshil,111111111111111111111111111111111111111111@1111111111111111111111111111a1111111111111111111a111111111
18341,harshil,111
18342,harshil,111111111111111111111111111111111111111111@1111111111111111111111111111a1111111111111111111a111111111
18343,harshil,1
18344,harshil,1
18345,harshil,1
18346,harshil,111111111111111111111111111111111111111111@1111111111111111111111111111a1111111111111111111a111111111
18347,harshil,111
18348,harshil,111111111111111111111111111111111111111111@1111111111111111111111111111a1111111111111111111a111111111
18349,harshil,1
18350,harshil,1
18351,harshil,1
18352,harshil,111111111111111111111111111111111111111111@1111111111111111111111111111a1111111111111111111a111111111
18353,harshil,111
18354,harshil,111111111111111111111111111111111111111111@1111111111111111111111111111a1111111111111111111a111111111
18355,harshil,1
18356,harshil,1
18357,harshil,1
18358,harshil,111111111111111111111111111111111111111111@1111111111111111111111111111a1111111111111111111a111111111
18359,harshil,111
18360,harshil,111111111111111111111111111111111111111111@1111111111111111111111111111a1111111111111111111a111111111
18361,harshil,1
18362,harshil,1
18363,harshil,1
18364,harshil,111111111111111111111111111111111111111111@1111111111111111111111111111a1111111111111111111a111111111
18365,harshil,111
18366,harshil,111111111111111111111111111111111111111111@1111111111111111111111111111a1111111111111111111a111111111
18367,harshil,1
18368,harshil,1
18369,harshil,1
18370,harshil,111111111111111111111111111111111111111111@1111111111111111111111111111a1111111111111111111a111111111
18371,harshil,111
18372,harshil,111111111111111111111111111111111111111111@1111111111111111111111111111a1111111111111111111a111111111
18373,harshil,1
18374,harshil,1
18375,harshil,1
18376,harshil,111111111111111111111111111111111111111111@1111111111111111111111111111a1111111111111111111a111111111
18377,harshil,111
18378,harshil,111111111111111111111111111111111111111111@1111111111111111111111111111a1111111111111111111a111111111
18379,harshil,1
18380,harshil,1
18381,harshil,1
18382,harshil,111111111111111111111111111111111111111111@1111111111111111111111111111a1111111111111111111a111111111
18383,harshil,111
18384,harshil,111111111111111111111111111111111111111111@1111111111111111111111111111a1111111111111111111a111111111
18385,harshil,1
18386,harshil,1
18387,harshil,1
18388,harshil,111111111111111111111111111111111111111111@1111111111111111111111111111a1111111111111111111a111111111
18389,harshil,111
18390,harshil,111111111111111111111111111111111111111111@1111111111111111111111111111a1111111111111111111a111111111
18391,harshil,1
18392,harshil,1
18393,harshil,1
18394,harshil,111111111111111111111111111111111111111111@1111111111111111111111111111a1111111111111111111a111111111
18395,harshil,111
18396,harshil,111111111111111111111111111111111111111111@1111111111111111111111111111a1111111111111111111a111111111
18397,harshil,1
18398,harshil,1
18399,harshil,1
18400,harshil,111111111111111111111111111111111111111111@1111111111111111111111111111a1111111111111111111a111111111
18401,harshil,111
18402,harshil,111111111111111111111111111111111111111111@1111111111111111111111111111a1111111111111111111a111111111
18403,harshil,1
18404,harshil,1
18405,harshil,1
18406,harshil,111111111111111111111111111111111111111111@1111111111111111111111111111a1111111111111111111a111111111
18407,harshil,111
18408,harshil,111111111111111111111111111111111111111111@1111111111111111111111111111a1111111111111111111a111111111
18409,harshil,1
18410,harshil,1
18411,harshil,1
18412,harshil,111111111111111111111111111111111111111111@1111111111111111111111111111a1111111111111111111a111111111
18413,harshil,111
18414,harshil,111111111111111111111111111111111111111111@1111111111111111111111111111a1111111111111111111a111111111
18415,harshil,1
18416,harshil,1
18417,harshil,1
18418,harshil,111111111111111111111111111111111111111111@1111111111111111111111111111a1111111111111111111a111111111
18419,harshil,111
18420,harshil,111111111111111111111111111111111111111111@1111111111111111111111111111a1111111111111111111a111111111
18421,harshil,1
18422,harshil,1
18423,harshil,1
18424,harshil,111111111111111111111111111111111111111111@1111111111111111111111111111a1111111111111111111a111111111
18425,harshil,111
18426,harshil,111111111111111111111111111111111111111111@1111111111111111111111111111a1111111111111111111a111111111
18427,harshil,1
18428,harshil,1
18429,harshil,1
18430,harshil,111111111111111111111111111111111111111111@1111111111111111111111111111a1111111111111111111a111111111
18431,harshil,111
18432,harshil,111111111111111111111111111111111111111111@1111111111111111111111111111a1111111111111111111a111111111
18433,harshil,1
18434,harshil,1
18435,harshil,1
18436,harshil,111111111111111111111111111111111111111111@1111111111111111111111111111a1111111111111111111a111111111
18437,harshil,111
18438,harshil,111111111111111111111111111111111111111111@1111111111111111111111111111a1111111111111111111a111111111
18439,harshil,1
18440,harshil,1
18441,harshil,1
18442,harshil,111111111111111111111111111111111111111111@1111111111111111111111111111a1111111111111111111a111111111
18443,harshil,111
18444,harshil,111111111111111111111111111111111111111111@1111111111111111111111111111a1111111111111111111a111111111
18445,harshil,1
18446,harshil,1
18447,harshil,1
18448,harshil,111111111111111111111111111111111111111111@1111111111111111111111111111a1111111111111111111a111111111
18449,harshil,111
18450,harshil,111111111111111111111111111111111111111111@1111111111111111111111111111a1111111111111111111a111111111
18451,harshil,1
18452,harshil,1
18453,harshil,1
18454,harshil,111111111111111111111111111111111111111111@1111111111111111111111111111a1111111111111111111a111111111
18455,harshil,111
18456,harshil,111111111111111111111111111111111111111111@1111111111111111111111111111a1111111111111111111a111111111
18457,harshil,1
18458,harshil,1
18459,harshil,1
18460,harshil,111111111111111111111111111111111111111111@1111111111111111111111111111a1111111111111111111a111111111
18461,harshil,111
18462,harshil,111111111111111111111111111111111111111111@1111111111111111111111111111a1111111111111111111a111111111
18463,harshil,1
18464,harshil,1
18465,harshil,1
18466,harshil,111111111111111111111111111111111111111111@1111111111111111111111111111a1111111111111111111a111111111
18467,harshil,111
18468,harshil,111111111111111111111111111111111111111111@1111111111111111111111111111a1111111111111111111a111111111
18469,harshil,1
18470,harshil,1
18471,harshil,1
18472,harshil,111111111111111111111111111111111111111111@1111111111111111111111111111a1111111111111111111a111111111
18473,harshil,111
18474,harshil,111111111111111111111111111111111111111111@1111111111111111111111111111a1111111111111111111a111111111
18475,harshil,1
18476,harshil,1
18477,harshil,1
18478,harshil,111111111111111111111111111111111111111111@1111111111111111111111111111a1111111111111111111a111111111
18479,harshil,111
18480,harshil,111111111111111111111111111111111111111111@1111111111111111111111111111a1111111111111111111a111111111
18481,harshil,1
18482,harshil,1
18483,harshil,1
18484,harshil,111111111111111111111111111111111111111111@1111111111111111111111111111a1111111111111111111a111111111
18485,harshil,111
18486,harshil,111111111111111111111111111111111111111111@1111111111111111111111111111a1111111111111111111a111111111
18487,harshil,1
18488,harshil,1
18489,harshil,1
18490,harshil,111111111111111111111111111111111111111111@1111111111111111111111111111a1111111111111111111a111111111
18491,harshil,111
18492,harshil,111111111111111111111111111111111111111111@1111111111111111111111111111a1111111111111111111a111111111
18493,harshil,1
18494,harshil,1
18495,harshil,1
18496,harshil,111111111111111111111111111111111111111111@1111111111111111111111111111a1111111111111111111a111111111
18497,harshil,111
18498,harshil,111111111111111111111111111111111111111111@1111111111111111111111111111a1111111111111111111a111111111
18499,harshil,1
18500,harshil,1
18501,harshil,1
18502,harshil,111111111111111111111111111111111111111111@1111111111111111111111111111a1111111111111111111a111111111
18503,harshil,111
18504,harshil,111111111111111111111111111111111111111111@1111111111111111111111111111a1111111111111111111a111111111
18505,harshil,1
18506,harshil,1
18507,harshil,1
18508,harshil,111111111111111111111111111111111111111111@1111111111111111111111111111a1111111111111111111a111111111
18509,harshil,111
18510,harshil,111111111111111111111111111111111111111111@1111111111111111111111111111a1111111111111111111a111111111
18511,harshil,1
18512,harshil,1
18513,harshil,1
18514,harshil,111111111111111111111111111111111111111111@1111111111111111111111111111a1111111111111111111a111111111
18515,harshil,111
18516,harshil,111111111111111111111111111111111111111111@1111111111111111111111111111a1111111111111111111a111111111
18517,harshil,1
18518,harshil,1
18519,harshil,1
18520,harshil,111111111111111111111111111111111111111111@1111111111111111111111111111a1111111111111111111a111111111
18521,harshil,111
18522,harshil,111111111111111111111111111111111111111111@1111111111111111111111111111a1111111111111111111a111111111
18523,harshil,1
18524,harshil,1
18525,harshil,1
18526,harshil,111111111111111111111111111111111111111111@1111111111111111111111111111a1111111111111111111a111111111
18527,harshil,111
18528,harshil,111111111111111111111111111111111111111111@1111111111111111111111111111a1111111111111111111a111111111
18529,harshil,1
18530,harshil,1
18531,harshil,1
18532,harshil,111111111111111111111111111111111111111111@1111111111111111111111111111a1111111111111111111a111111111
18533,harshil,111
18534,harshil,111111111111111111111111111111111111111111@1111111111111111111111111111a1111111111111111111a111111111
18535,harshil,1
18536,harshil,1
18537,harshil,1
18538,harshil,111111111111111111111111111111111111111111@1111111111111111111111111111a1111111111111111111a111111111
18539,harshil,111
18540,harshil,111111111111111111111111111111111111111111@1111111111111111111111111111a1111111111111111111a111111111
18541,harshil,1
18542,harshil,1
18543,harshil,1
18544,harshil,111111111111111111111111111111111111111111@1111111111111111111111111111a1111111111111111111a111111111
18545,harshil,111
18546,harshil,111111111111111111111111111111111111111111@1111111111111111111111111111a1111111111111111111a111111111
18547,harshil,1
18548,harshil,1
18549,harshil,1
18550,harshil,111111111111111111111111111111111111111111@1111111111111111111111111111a1111111111111111111a111111111
18551,harshil,111
18552,harshil,111111111111111111111111111111111111111111@1111111111111111111111111111a1111111111111111111a111111111
18553,harshil,1
18554,harshil,1
18555,harshil,1
18556,harshil,111111111111111111111111111111111111111111@1111111111111111111111111111a1111111111111111111a111111111
18557,harshil,111
18558,harshil,111111111111111111111111111111111111111111@1111111111111111111111111111a1111111111111111111a111111111
18559,harshil,1
18560,harshil,1
18561,harshil,1
18562,harshil,111111111111111111111111111111111111111111@1111111111111111111111111111a1111111111111111111a111111111
18563,harshil,111
18564,harshil,111111111111111111111111111111111111111111@1111111111111111111111111111a1111111111111111111a111111111
18565,harshil,1
18566,harshil,1
18567,harshil,1
18568,harshil,111111111111111111111111111111111111111111@1111111111111111111111111111a1111111111111111111a111111111
18569,harshil,111
18570,harshil,111111111111111111111111111111111111111111@1111111111111111111111111111a1111111111111111111a111111111
18571,harshil,1
18572,harshil,1
18573,harshil,1
18574,harshil,111111111111111111111111111111111111111111@1111111111111111111111111111a1111111111111111111a111111111
18575,harshil,111
18576,harshil,111111111111111111111111111111111111111111@1111111111111111111111111111a1111111111111111111a111111111
18577,harshil,1
18578,harshil,1
18579,harshil,1
18580,harshil,111111111111111111111111111111111111111111@1111111111111111111111111111a1111111111111111111a111111111
18581,harshil,111
18582,harshil,111111111111111111111111111111111111111111@1111111111111111111111111111a1111111111111111111a111111111
18583,harshil,1
18584,harshil,1
18585,harshil,1
18586,harshil,111111111111111111111111111111111111111111@1111111111111111111111111111a1111111111111111111a111111111
18587,harshil,111
18588,harshil,111111111111111111111111111111111111111111@1111111111111111111111111111a1111111111111111111a111111111
18589,harshil,1
18590,harshil,1
18591,harshil,1
18592,harshil,111111111111111111111111111111111111111111@1111111111111111111111111111a1111111111111111111a111111111
18593,harshil,111
18594,harshil,111111111111111111111111111111111111111111@1111111111111111111111111111a1111111111111111111a111111111
18595,harshil,1
18596,harshil,1
18597,harshil,1
18598,harshil,111111111111111111111111111111111111111111@1111111111111111111111111111a1111111111111111111a111111111
18599,harshil,111
18600,harshil,111111111111111111111111111111111111111111@1111111111111111111111111111a1111111111111111111a111111111
18601,harshil,1
18602,harshil,1
18603,harshil,1
18604,harshil,111111111111111111111111111111111111111111@1111111111111111111111111111a1111111111111111111a111111111
18605,harshil,111
18606,harshil,111111111111111111111111111111111111111111@1111111111111111111111111111a1111111111111111111a111111111
18607,harshil,1
18608,harshil,1
18609,harshil,1
18610,harshil,111111111111111111111111111111111111111111@1111111111111111111111111111a1111111111111111111a111111111
18611,harshil,111
18612,harshil,111111111111111111111111111111111111111111@1111111111111111111111111111a1111111111111111111a111111111
18613,harshil,1
18614,harshil,1
18615,harshil,1
18616,harshil,111111111111111111111111111111111111111111@1111111111111111111111111111a1111111111111111111a111111111
18617,harshil,111
18618,harshil,111111111111111111111111111111111111111111@1111111111111111111111111111a1111111111111111111a111111111
18619,harshil,1
18620,harshil,1
18621,harshil,1
18622,harshil,111111111111111111111111111111111111111111@1111111111111111111111111111a1111111111111111111a111111111
18623,harshil,111
18624,harshil,111111111111111111111111111111111111111111@1111111111111111111111111111a1111111111111111111a111111111
18625,harshil,1
18626,harshil,1
18627,harshil,1
18628,harshil,111111111111111111111111111111111111111111@1111111111111111111111111111a1111111111111111111a111111111
18629,harshil,111
18630,harshil,111111111111111111111111111111111111111111@1111111111111111111111111111a1111111111111111111a111111111
18631,harshil,1
18632,harshil,1
18633,harshil,1
18634,harshil,111111111111111111111111111111111111111111@1111111111111111111111111111a1111111111111111111a111111111
18635,harshil,111
18636,harshil,111111111111111111111111111111111111111111@1111111111111111111111111111a1111111111111111111a111111111
18637,harshil,1
18638,harshil,1
18639,harshil,1
18640,harshil,111111111111111111111111111111111111111111@1111111111111111111111111111a1111111111111111111a111111111
18641,harshil,111
18642,harshil,111111111111111111111111111111111111111111@1111111111111111111111111111a1111111111111111111a111111111
18643,harshil,1
18644,harshil,1
18645,harshil,1
18646,harshil,111111111111111111111111111111111111111111@1111111111111111111111111111a1111111111111111111a111111111
18647,harshil,111
18648,harshil,111111111111111111111111111111111111111111@1111111111111111111111111111a1111111111111111111a111111111
18649,harshil,1
18650,harshil,1
18651,harshil,1
18652,harshil,111111111111111111111111111111111111111111@1111111111111111111111111111a1111111111111111111a111111111
18653,harshil,111
18654,harshil,111111111111111111111111111111111111111111@1111111111111111111111111111a1111111111111111111a111111111
18655,harshil,1
18656,harshil,1
18657,harshil,1
18658,harshil,111111111111111111111111111111111111111111@1111111111111111111111111111a1111111111111111111a111111111
18659,harshil,111
18660,harshil,111111111111111111111111111111111111111111@1111111111111111111111111111a1111111111111111111a111111111
18661,harshil,1
18662,harshil,1
18663,harshil,1
18664,harshil,111111111111111111111111111111111111111111@1111111111111111111111111111a1111111111111111111a111111111
18665,harshil,111
18666,harshil,111111111111111111111111111111111111111111@1111111111111111111111111111a1111111111111111111a111111111
18667,harshil,1
18668,harshil,1
18669,harshil,1
18670,harshil,111111111111111111111111111111111111111111@1111111111111111111111111111a1111111111111111111a111111111
18671,harshil,111
18672,harshil,111111111111111111111111111111111111111111@1111111111111111111111111111a1111111111111111111a111111111
18673,harshil,1
18674,harshil,1
18675,harshil,1
18676,harshil,111111111111111111111111111111111111111111@1111111111111111111111111111a1111111111111111111a111111111
18677,harshil,111
18678,harshil,111111111111111111111111111111111111111111@1111111111111111111111111111a1111111111111111111a111111111
18679,harshil,1
18680,harshil,1
18681,harshil,1
18682,harshil,111111111111111111111111111111111111111111@1111111111111111111111111111a1111111111111111111a111111111
18683,harshil,111
18684,harshil,111111111111111111111111111111111111111111@1111111111111111111111111111a1111111111111111111a111111111
18685,harshil,1
18686,harshil,1
18687,harshil,1
18688,harshil,111111111111111111111111111111111111111111@1111111111111111111111111111a1111111111111111111a111111111
18689,harshil,111
18690,harshil,111111111111111111111111111111111111111111@1111111111111111111111111111a1111111111111111111a111111111
18691,harshil,1
18692,harshil,1
18693,harshil,1
18694,harshil,111111111111111111111111111111111111111111@1111111111111111111111111111a1111111111111111111a111111111
18695,harshil,111
18696,harshil,111111111111111111111111111111111111111111@1111111111111111111111111111a1111111111111111111a111111111
18697,harshil,1
18698,harshil,1
18699,harshil,1
18700,harshil,111111111111111111111111111111111111111111@1111111111111111111111111111a1111111111111111111a111111111
18701,harshil,111
18702,harshil,111111111111111111111111111111111111111111@1111111111111111111111111111a1111111111111111111a111111111
18703,harshil,1
18704,harshil,1
18705,harshil,1
18706,harshil,111111111111111111111111111111111111111111@1111111111111111111111111111a1111111111111111111a111111111
18707,harshil,111
18708,harshil,111111111111111111111111111111111111111111@1111111111111111111111111111a1111111111111111111a111111111
18709,harshil,1
18710,harshil,1
18711,harshil,1
18712,harshil,111111111111111111111111111111111111111111@1111111111111111111111111111a1111111111111111111a111111111
18713,harshil,111
18714,harshil,111111111111111111111111111111111111111111@1111111111111111111111111111a1111111111111111111a111111111
18715,harshil,1
18716,harshil,1
18717,harshil,1
18718,harshil,111111111111111111111111111111111111111111@1111111111111111111111111111a1111111111111111111a111111111
18719,harshil,111
18720,harshil,111111111111111111111111111111111111111111@1111111111111111111111111111a1111111111111111111a111111111
18721,harshil,1
18722,harshil,1
18723,harshil,1
18724,harshil,111111111111111111111111111111111111111111@1111111111111111111111111111a1111111111111111111a111111111
18725,harshil,111
18726,harshil,111111111111111111111111111111111111111111@1111111111111111111111111111a1111111111111111111a111111111
18727,harshil,1
18728,harshil,1
18729,harshil,1
18730,harshil,111111111111111111111111111111111111111111@1111111111111111111111111111a1111111111111111111a111111111
18731,harshil,111
18732,harshil,111111111111111111111111111111111111111111@1111111111111111111111111111a1111111111111111111a111111111
18733,harshil,1
18734,harshil,1
18735,harshil,1
18736,harshil,111111111111111111111111111111111111111111@1111111111111111111111111111a1111111111111111111a111111111
18737,harshil,111
18738,harshil,111111111111111111111111111111111111111111@1111111111111111111111111111a1111111111111111111a111111111
18739,harshil,1
18740,harshil,1
18741,harshil,1
18742,harshil,111111111111111111111111111111111111111111@1111111111111111111111111111a1111111111111111111a111111111
18743,harshil,111
18744,harshil,111111111111111111111111111111111111111111@1111111111111111111111111111a1111111111111111111a111111111
18745,harshil,1
18746,harshil,1
18747,harshil,1
18748,harshil,111111111111111111111111111111111111111111@1111111111111111111111111111a1111111111111111111a111111111
18749,harshil,111
18750,harshil,111111111111111111111111111111111111111111@1111111111111111111111111111a1111111111111111111a111111111
18751,harshil,1
18752,harshil,1
18753,harshil,1
18754,harshil,111111111111111111111111111111111111111111@1111111111111111111111111111a1111111111111111111a111111111
18755,harshil,111
18756,harshil,111111111111111111111111111111111111111111@1111111111111111111111111111a1111111111111111111a111111111
18757,harshil,1
18758,harshil,1
18759,harshil,1
18760,harshil,111111111111111111111111111111111111111111@1111111111111111111111111111a1111111111111111111a111111111
18761,harshil,111
18762,harshil,111111111111111111111111111111111111111111@1111111111111111111111111111a1111111111111111111a111111111
18763,harshil,1
18764,harshil,1
18765,harshil,1
18766,harshil,111111111111111111111111111111111111111111@1111111111111111111111111111a1111111111111111111a111111111
18767,harshil,111
18768,harshil,111111111111111111111111111111111111111111@1111111111111111111111111111a1111111111111111111a111111111
18769,harshil,1
18770,harshil,1
18771,harshil,1
18772,harshil,111111111111111111111111111111111111111111@1111111111111111111111111111a1111111111111111111a111111111
18773,harshil,111
18774,harshil,111111111111111111111111111111111111111111@1111111111111111111111111111a1111111111111111111a111111111
18775,harshil,1
18776,harshil,1
18777,harshil,1
18778,harshil,111111111111111111111111111111111111111111@1111111111111111111111111111a1111111111111111111a111111111
18779,harshil,111
18780,harshil,111111111111111111111111111111111111111111@1111111111111111111111111111a1111111111111111111a111111111
18781,harshil,1
18782,harshil,1
18783,harshil,1
18784,harshil,111111111111111111111111111111111111111111@1111111111111111111111111111a1111111111111111111a111111111
18785,harshil,111
18786,harshil,111111111111111111111111111111111111111111@1111111111111111111111111111a1111111111111111111a111111111
18787,harshil,1
18788,harshil,1
18789,harshil,1
18790,harshil,111111111111111111111111111111111111111111@1111111111111111111111111111a1111111111111111111a111111111
18791,harshil,111
18792,harshil,111111111111111111111111111111111111111111@1111111111111111111111111111a1111111111111111111a111111111
18793,harshil,1
18794,harshil,1
18795,harshil,1
18796,harshil,111111111111111111111111111111111111111111@1111111111111111111111111111a1111111111111111111a111111111
18797,harshil,111
18798,harshil,111111111111111111111111111111111111111111@1111111111111111111111111111a1111111111111111111a111111111
18799,harshil,1
18800,harshil,1
18801,harshil,1
18802,harshil,111111111111111111111111111111111111111111@1111111111111111111111111111a1111111111111111111a111111111
18803,harshil,111
18804,harshil,111111111111111111111111111111111111111111@1111111111111111111111111111a1111111111111111111a111111111
18805,harshil,1
18806,harshil,1
18807,harshil,1
18808,harshil,111111111111111111111111111111111111111111@1111111111111111111111111111a1111111111111111111a111111111
18809,harshil,111
18810,harshil,111111111111111111111111111111111111111111@1111111111111111111111111111a1111111111111111111a111111111
18811,harshil,1
18812,harshil,1
18813,harshil,1
18814,harshil,111111111111111111111111111111111111111111@1111111111111111111111111111a1111111111111111111a111111111
18815,harshil,111
18816,harshil,111111111111111111111111111111111111111111@1111111111111111111111111111a1111111111111111111a111111111
18817,harshil,1
18818,harshil,1
18819,harshil,1
18820,harshil,111111111111111111111111111111111111111111@1111111111111111111111111111a1111111111111111111a111111111
18821,harshil,111
18822,harshil,111111111111111111111111111111111111111111@1111111111111111111111111111a1111111111111111111a111111111
18823,harshil,1
18824,harshil,1
18825,harshil,1
18826,harshil,111111111111111111111111111111111111111111@1111111111111111111111111111a1111111111111111111a111111111
18827,harshil,111
18828,harshil,111111111111111111111111111111111111111111@1111111111111111111111111111a1111111111111111111a111111111
18829,harshil,1
18830,harshil,1
18831,harshil,1
18832,harshil,111111111111111111111111111111111111111111@1111111111111111111111111111a1111111111111111111a111111111
18833,harshil,111
18834,harshil,111111111111111111111111111111111111111111@1111111111111111111111111111a1111111111111111111a111111111
18835,harshil,1
18836,harshil,1
18837,harshil,1
18838,harshil,111111111111111111111111111111111111111111@1111111111111111111111111111a1111111111111111111a111111111
18839,harshil,111
18840,harshil,111111111111111111111111111111111111111111@1111111111111111111111111111a1111111111111111111a111111111
18841,harshil,1
18842,harshil,1
18843,harshil,1
18844,harshil,111111111111111111111111111111111111111111@1111111111111111111111111111a1111111111111111111a111111111
18845,harshil,111
18846,harshil,111111111111111111111111111111111111111111@1111111111111111111111111111a1111111111111111111a111111111
18847,harshil,1
18848,harshil,1
18849,harshil,1
18850,harshil,111111111111111111111111111111111111111111@1111111111111111111111111111a1111111111111111111a111111111
18851,harshil,111
18852,harshil,111111111111111111111111111111111111111111@1111111111111111111111111111a1111111111111111111a111111111
18853,harshil,1
18854,harshil,1
18855,harshil,1
18856,harshil,111111111111111111111111111111111111111111@1111111111111111111111111111a1111111111111111111a111111111
18857,harshil,111
18858,harshil,111111111111111111111111111111111111111111@1111111111111111111111111111a1111111111111111111a111111111
18859,harshil,1
18860,harshil,1
18861,harshil,1
18862,harshil,111111111111111111111111111111111111111111@1111111111111111111111111111a1111111111111111111a111111111
18863,harshil,111
18864,harshil,111111111111111111111111111111111111111111@1111111111111111111111111111a1111111111111111111a111111111
18865,harshil,1
18866,harshil,1
18867,harshil,1
18868,harshil,111111111111111111111111111111111111111111@1111111111111111111111111111a1111111111111111111a111111111
18869,harshil,111
18870,harshil,111111111111111111111111111111111111111111@1111111111111111111111111111a1111111111111111111a111111111
18871,harshil,1
18872,harshil,1
18873,harshil,1
18874,harshil,111111111111111111111111111111111111111111@1111111111111111111111111111a1111111111111111111a111111111
18875,harshil,111
18876,harshil,111111111111111111111111111111111111111111@1111111111111111111111111111a1111111111111111111a111111111
18877,harshil,1
18878,harshil,1
18879,harshil,1
18880,harshil,111111111111111111111111111111111111111111@1111111111111111111111111111a1111111111111111111a111111111
18881,harshil,111
18882,harshil,111111111111111111111111111111111111111111@1111111111111111111111111111a1111111111111111111a111111111
18883,harshil,1
18884,harshil,1
18885,harshil,1
18886,harshil,111111111111111111111111111111111111111111@1111111111111111111111111111a1111111111111111111a111111111
18887,harshil,111
18888,harshil,111111111111111111111111111111111111111111@1111111111111111111111111111a1111111111111111111a111111111
18889,harshil,1
18890,harshil,1
18891,harshil,1
18892,harshil,111111111111111111111111111111111111111111@1111111111111111111111111111a1111111111111111111a111111111
18893,harshil,111
18894,harshil,111111111111111111111111111111111111111111@1111111111111111111111111111a1111111111111111111a111111111
18895,harshil,1
18896,harshil,1
18897,harshil,1
18898,harshil,111111111111111111111111111111111111111111@1111111111111111111111111111a1111111111111111111a111111111
18899,harshil,111
18900,harshil,111111111111111111111111111111111111111111@1111111111111111111111111111a1111111111111111111a111111111
18901,harshil,1
18902,harshil,1
18903,harshil,1
18904,harshil,111111111111111111111111111111111111111111@1111111111111111111111111111a1111111111111111111a111111111
18905,harshil,111
18906,harshil,111111111111111111111111111111111111111111@1111111111111111111111111111a1111111111111111111a111111111
18907,harshil,1
18908,harshil,1
18909,harshil,1
18910,harshil,111111111111111111111111111111111111111111@1111111111111111111111111111a1111111111111111111a111111111
18911,harshil,111
18912,harshil,111111111111111111111111111111111111111111@1111111111111111111111111111a1111111111111111111a111111111
18913,harshil,1
18914,harshil,1
18915,harshil,1
18916,harshil,111111111111111111111111111111111111111111@1111111111111111111111111111a1111111111111111111a111111111
18917,harshil,111
18918,harshil,111111111111111111111111111111111111111111@1111111111111111111111111111a1111111111111111111a111111111
18919,harshil,1
18920,harshil,1
18921,harshil,1
18922,harshil,111111111111111111111111111111111111111111@1111111111111111111111111111a1111111111111111111a111111111
18923,harshil,111
18924,harshil,111111111111111111111111111111111111111111@1111111111111111111111111111a1111111111111111111a111111111
18925,harshil,1
18926,harshil,1
18927,harshil,1
18928,harshil,111111111111111111111111111111111111111111@1111111111111111111111111111a1111111111111111111a111111111
18929,harshil,111
18930,harshil,111111111111111111111111111111111111111111@1111111111111111111111111111a1111111111111111111a111111111
18931,harshil,1
18932,harshil,1
18933,harshil,1
18934,harshil,111111111111111111111111111111111111111111@1111111111111111111111111111a1111111111111111111a111111111
18935,harshil,111
18936,harshil,111111111111111111111111111111111111111111@1111111111111111111111111111a1111111111111111111a111111111
18937,harshil,1
18938,harshil,1
18939,harshil,1
18940,harshil,111111111111111111111111111111111111111111@1111111111111111111111111111a1111111111111111111a111111111
18941,harshil,111
18942,harshil,111111111111111111111111111111111111111111@1111111111111111111111111111a1111111111111111111a111111111
18943,harshil,1
18944,harshil,1
18945,harshil,1
18946,harshil,111111111111111111111111111111111111111111@1111111111111111111111111111a1111111111111111111a111111111
18947,harshil,111
18948,harshil,111111111111111111111111111111111111111111@1111111111111111111111111111a1111111111111111111a111111111
18949,harshil,1
18950,harshil,1
18951,harshil,1
18952,harshil,111111111111111111111111111111111111111111@1111111111111111111111111111a1111111111111111111a111111111
18953,harshil,111
18954,harshil,111111111111111111111111111111111111111111@1111111111111111111111111111a1111111111111111111a111111111
18955,harshil,1
18956,harshil,1
18957,harshil,1
18958,harshil,111111111111111111111111111111111111111111@1111111111111111111111111111a1111111111111111111a111111111
18959,harshil,111
18960,harshil,111111111111111111111111111111111111111111@1111111111111111111111111111a1111111111111111111a111111111
18961,harshil,1
18962,harshil,1
18963,harshil,1
18964,harshil,111111111111111111111111111111111111111111@1111111111111111111111111111a1111111111111111111a111111111
18965,harshil,111
18966,harshil,111111111111111111111111111111111111111111@1111111111111111111111111111a1111111111111111111a111111111
18967,harshil,1
18968,harshil,1
18969,harshil,1
18970,harshil,111111111111111111111111111111111111111111@1111111111111111111111111111a1111111111111111111a111111111
18971,harshil,111
18972,harshil,111111111111111111111111111111111111111111@1111111111111111111111111111a1111111111111111111a111111111
18973,harshil,1
18974,harshil,1
18975,harshil,1
18976,harshil,111111111111111111111111111111111111111111@1111111111111111111111111111a1111111111111111111a111111111
18977,harshil,111
18978,harshil,111111111111111111111111111111111111111111@1111111111111111111111111111a1111111111111111111a111111111
18979,harshil,1
18980,harshil,1
18981,harshil,1
18982,harshil,111111111111111111111111111111111111111111@1111111111111111111111111111a1111111111111111111a111111111
18983,harshil,111
18984,harshil,111111111111111111111111111111111111111111@1111111111111111111111111111a1111111111111111111a111111111
18985,harshil,1
18986,harshil,1
18987,harshil,1
18988,harshil,111111111111111111111111111111111111111111@1111111111111111111111111111a1111111111111111111a111111111
18989,harshil,111
18990,harshil,111111111111111111111111111111111111111111@1111111111111111111111111111a1111111111111111111a111111111
18991,harshil,1
18992,harshil,1
18993,harshil,1
18994,harshil,111111111111111111111111111111111111111111@1111111111111111111111111111a1111111111111111111a111111111
18995,harshil,111
18996,harshil,111111111111111111111111111111111111111111@1111111111111111111111111111a1111111111111111111a111111111
18997,harshil,1
18998,harshil,1
18999,harshil,1
19000,harshil,111111111111111111111111111111111111111111@1111111111111111111111111111a1111111111111111111a111111111
19001,harshil,111
19002,harshil,111111111111111111111111111111111111111111@1111111111111111111111111111a1111111111111111111a111111111
19003,harshil,1
19004,harshil,1
19005,harshil,1
19006,harshil,111111111111111111111111111111111111111111@1111111111111111111111111111a1111111111111111111a111111111
19007,harshil,111
19008,harshil,111111111111111111111111111111111111111111@1111111111111111111111111111a1111111111111111111a111111111
19009,harshil,1
19010,harshil,1
19011,harshil,1
19012,harshil,111111111111111111111111111111111111111111@1111111111111111111111111111a1111111111111111111a111111111
19013,harshil,111
19014,harshil,111111111111111111111111111111111111111111@1111111111111111111111111111a1111111111111111111a111111111
19015,harshil,1
19016,harshil,1
19017,harshil,1
19018,harshil,111111111111111111111111111111111111111111@1111111111111111111111111111a1111111111111111111a111111111
19019,harshil,111
19020,harshil,111111111111111111111111111111111111111111@1111111111111111111111111111a1111111111111111111a111111111
19021,harshil,1
19022,harshil,1
19023,harshil,1
19024,harshil,111111111111111111111111111111111111111111@1111111111111111111111111111a1111111111111111111a111111111
19025,harshil,111
19026,harshil,111111111111111111111111111111111111111111@1111111111111111111111111111a1111111111111111111a111111111
19027,harshil,1
19028,harshil,1
19029,harshil,1
19030,harshil,111111111111111111111111111111111111111111@1111111111111111111111111111a1111111111111111111a111111111
19031,harshil,111
19032,harshil,111111111111111111111111111111111111111111@1111111111111111111111111111a1111111111111111111a111111111
19033,harshil,1
19034,harshil,1
19035,harshil,1
19036,harshil,111111111111111111111111111111111111111111@1111111111111111111111111111a1111111111111111111a111111111
19037,harshil,111
19038,harshil,111111111111111111111111111111111111111111@1111111111111111111111111111a1111111111111111111a111111111
19039,harshil,1
19040,harshil,1
19041,harshil,1
19042,harshil,111111111111111111111111111111111111111111@1111111111111111111111111111a1111111111111111111a111111111
19043,harshil,111
19044,harshil,111111111111111111111111111111111111111111@1111111111111111111111111111a1111111111111111111a111111111
19045,harshil,1
19046,harshil,1
19047,harshil,1
19048,harshil,111111111111111111111111111111111111111111@1111111111111111111111111111a1111111111111111111a111111111
19049,harshil,111
19050,harshil,111111111111111111111111111111111111111111@1111111111111111111111111111a1111111111111111111a111111111
19051,harshil,1
19052,harshil,1
19053,harshil,1
19054,harshil,111111111111111111111111111111111111111111@1111111111111111111111111111a1111111111111111111a111111111
19055,harshil,111
19056,harshil,111111111111111111111111111111111111111111@1111111111111111111111111111a1111111111111111111a111111111
19057,harshil,1
19058,harshil,1
19059,harshil,1
19060,harshil,111111111111111111111111111111111111111111@1111111111111111111111111111a1111111111111111111a111111111
19061,harshil,111
19062,harshil,111111111111111111111111111111111111111111@1111111111111111111111111111a1111111111111111111a111111111
19063,harshil,1
19064,harshil,1
19065,harshil,1
19066,harshil,111111111111111111111111111111111111111111@1111111111111111111111111111a1111111111111111111a111111111
19067,harshil,111
19068,harshil,111111111111111111111111111111111111111111@1111111111111111111111111111a1111111111111111111a111111111
19069,harshil,1
19070,harshil,1
19071,harshil,1
19072,harshil,111111111111111111111111111111111111111111@1111111111111111111111111111a1111111111111111111a111111111
19073,harshil,111
19074,harshil,111111111111111111111111111111111111111111@1111111111111111111111111111a1111111111111111111a111111111
19075,harshil,1
19076,harshil,1
19077,harshil,1
19078,harshil,111111111111111111111111111111111111111111@1111111111111111111111111111a1111111111111111111a111111111
19079,harshil,111
19080,harshil,111111111111111111111111111111111111111111@1111111111111111111111111111a1111111111111111111a111111111
19081,harshil,1
19082,harshil,1
19083,harshil,1
19084,harshil,111111111111111111111111111111111111111111@1111111111111111111111111111a1111111111111111111a111111111
19085,harshil,111
19086,harshil,111111111111111111111111111111111111111111@1111111111111111111111111111a1111111111111111111a111111111
19087,harshil,1
19088,harshil,1
19089,harshil,1
19090,harshil,111111111111111111111111111111111111111111@1111111111111111111111111111a1111111111111111111a111111111
19091,harshil,111
19092,harshil,111111111111111111111111111111111111111111@1111111111111111111111111111a1111111111111111111a111111111
19093,harshil,1
19094,harshil,1
19095,harshil,1
19096,harshil,111111111111111111111111111111111111111111@1111111111111111111111111111a1111111111111111111a111111111
19097,harshil,111
19098,harshil,111111111111111111111111111111111111111111@1111111111111111111111111111a1111111111111111111a111111111
19099,harshil,1
19100,harshil,1
19101,harshil,1
19102,harshil,111111111111111111111111111111111111111111@1111111111111111111111111111a1111111111111111111a111111111
19103,harshil,111
19104,harshil,111111111111111111111111111111111111111111@1111111111111111111111111111a1111111111111111111a111111111
19105,harshil,1
19106,harshil,1
19107,harshil,1
19108,harshil,111111111111111111111111111111111111111111@1111111111111111111111111111a1111111111111111111a111111111
19109,harshil,111
19110,harshil,111111111111111111111111111111111111111111@1111111111111111111111111111a1111111111111111111a111111111
19111,harshil,1
19112,harshil,1
19113,harshil,1
19114,harshil,111111111111111111111111111111111111111111@1111111111111111111111111111a1111111111111111111a111111111
19115,harshil,111
19116,harshil,111111111111111111111111111111111111111111@1111111111111111111111111111a1111111111111111111a111111111
19117,harshil,1
19118,harshil,1
19119,harshil,1
19120,harshil,111111111111111111111111111111111111111111@1111111111111111111111111111a1111111111111111111a111111111
19121,harshil,111
19122,harshil,111111111111111111111111111111111111111111@1111111111111111111111111111a1111111111111111111a111111111
19123,harshil,1
19124,harshil,1
19125,harshil,1
19126,harshil,111111111111111111111111111111111111111111@1111111111111111111111111111a1111111111111111111a111111111
19127,harshil,111
19128,harshil,111111111111111111111111111111111111111111@1111111111111111111111111111a1111111111111111111a111111111
19129,harshil,1
19130,harshil,1
19131,harshil,1
19132,harshil,111111111111111111111111111111111111111111@1111111111111111111111111111a1111111111111111111a111111111
19133,harshil,111
19134,harshil,111111111111111111111111111111111111111111@1111111111111111111111111111a1111111111111111111a111111111
19135,harshil,1
19136,harshil,1
19137,harshil,1
19138,harshil,111111111111111111111111111111111111111111@1111111111111111111111111111a1111111111111111111a111111111
19139,harshil,111
19140,harshil,111111111111111111111111111111111111111111@1111111111111111111111111111a1111111111111111111a111111111
19141,harshil,1
19142,harshil,1
19143,harshil,1
19144,harshil,111111111111111111111111111111111111111111@1111111111111111111111111111a1111111111111111111a111111111
19145,harshil,111
19146,harshil,111111111111111111111111111111111111111111@1111111111111111111111111111a1111111111111111111a111111111
19147,harshil,1
19148,harshil,1
19149,harshil,1
19150,harshil,111111111111111111111111111111111111111111@1111111111111111111111111111a1111111111111111111a111111111
19151,harshil,111
19152,harshil,111111111111111111111111111111111111111111@1111111111111111111111111111a1111111111111111111a111111111
19153,harshil,1
19154,harshil,1
19155,harshil,1
19156,harshil,111111111111111111111111111111111111111111@1111111111111111111111111111a1111111111111111111a111111111
19157,harshil,111
19158,harshil,111111111111111111111111111111111111111111@1111111111111111111111111111a1111111111111111111a111111111
19159,harshil,1
19160,harshil,1
19161,harshil,1
19162,harshil,111111111111111111111111111111111111111111@1111111111111111111111111111a1111111111111111111a111111111
19163,harshil,111
19164,harshil,111111111111111111111111111111111111111111@1111111111111111111111111111a1111111111111111111a111111111
19165,harshil,1
19166,harshil,1
19167,harshil,1
19168,harshil,111111111111111111111111111111111111111111@1111111111111111111111111111a1111111111111111111a111111111
19169,harshil,111
19170,harshil,111111111111111111111111111111111111111111@1111111111111111111111111111a1111111111111111111a111111111
19171,harshil,1
19172,harshil,1
19173,harshil,1
19174,harshil,111111111111111111111111111111111111111111@1111111111111111111111111111a1111111111111111111a111111111
19175,harshil,111
19176,harshil,111111111111111111111111111111111111111111@1111111111111111111111111111a1111111111111111111a111111111
19177,harshil,1
19178,harshil,1
19179,harshil,1
19180,harshil,111111111111111111111111111111111111111111@1111111111111111111111111111a1111111111111111111a111111111
19181,harshil,111
19182,harshil,111111111111111111111111111111111111111111@1111111111111111111111111111a1111111111111111111a111111111
19183,harshil,1
19184,harshil,1
19185,harshil,1
19186,harshil,111111111111111111111111111111111111111111@1111111111111111111111111111a1111111111111111111a111111111
19187,harshil,111
19188,harshil,111111111111111111111111111111111111111111@1111111111111111111111111111a1111111111111111111a111111111
19189,harshil,1
19190,harshil,1
19191,harshil,1
19192,harshil,111111111111111111111111111111111111111111@1111111111111111111111111111a1111111111111111111a111111111
19193,harshil,111
19194,harshil,111111111111111111111111111111111111111111@1111111111111111111111111111a1111111111111111111a111111111
19195,harshil,1
19196,harshil,1
19197,harshil,1
19198,harshil,111111111111111111111111111111111111111111@1111111111111111111111111111a1111111111111111111a111111111
19199,harshil,111
19200,harshil,111111111111111111111111111111111111111111@1111111111111111111111111111a1111111111111111111a111111111
19201,harshil,1
19202,harshil,1
19203,harshil,1
19204,harshil,111111111111111111111111111111111111111111@1111111111111111111111111111a1111111111111111111a111111111
19205,harshil,111
19206,harshil,111111111111111111111111111111111111111111@1111111111111111111111111111a1111111111111111111a111111111
19207,harshil,1
19208,harshil,1
19209,harshil,1
19210,harshil,111111111111111111111111111111111111111111@1111111111111111111111111111a1111111111111111111a111111111
19211,harshil,111
19212,harshil,111111111111111111111111111111111111111111@1111111111111111111111111111a1111111111111111111a111111111
19213,harshil,1
19214,harshil,1
19215,harshil,1
19216,harshil,111111111111111111111111111111111111111111@1111111111111111111111111111a1111111111111111111a111111111
19217,harshil,111
19218,harshil,111111111111111111111111111111111111111111@1111111111111111111111111111a1111111111111111111a111111111
19219,harshil,1
19220,harshil,1
19221,harshil,1
19222,harshil,111111111111111111111111111111111111111111@1111111111111111111111111111a1111111111111111111a111111111
19223,harshil,111
19224,harshil,111111111111111111111111111111111111111111@1111111111111111111111111111a1111111111111111111a111111111
19225,harshil,1
19226,harshil,1
19227,harshil,1
19228,harshil,111111111111111111111111111111111111111111@1111111111111111111111111111a1111111111111111111a111111111
19229,harshil,111
19230,harshil,111111111111111111111111111111111111111111@1111111111111111111111111111a1111111111111111111a111111111
19231,harshil,1
19232,harshil,1
19233,harshil,1
19234,harshil,111111111111111111111111111111111111111111@1111111111111111111111111111a1111111111111111111a111111111
19235,harshil,111
19236,harshil,111111111111111111111111111111111111111111@1111111111111111111111111111a1111111111111111111a111111111
19237,harshil,1
19238,harshil,1
19239,harshil,1
19240,harshil,111111111111111111111111111111111111111111@1111111111111111111111111111a1111111111111111111a111111111
19241,harshil,111
19242,harshil,111111111111111111111111111111111111111111@1111111111111111111111111111a1111111111111111111a111111111
19243,harshil,1
19244,harshil,1
19245,harshil,1
19246,harshil,111111111111111111111111111111111111111111@1111111111111111111111111111a1111111111111111111a111111111
19247,harshil,111
19248,harshil,111111111111111111111111111111111111111111@1111111111111111111111111111a1111111111111111111a111111111
19249,harshil,1
19250,harshil,1
19251,harshil,1
19252,harshil,111111111111111111111111111111111111111111@1111111111111111111111111111a1111111111111111111a111111111
19253,harshil,111
19254,harshil,111111111111111111111111111111111111111111@1111111111111111111111111111a1111111111111111111a111111111
19255,harshil,1
19256,harshil,1
19257,harshil,1
19258,harshil,111111111111111111111111111111111111111111@1111111111111111111111111111a1111111111111111111a111111111
19259,harshil,111
19260,harshil,111111111111111111111111111111111111111111@1111111111111111111111111111a1111111111111111111a111111111
19261,harshil,1
19262,harshil,1
19263,harshil,1
19264,harshil,111111111111111111111111111111111111111111@1111111111111111111111111111a1111111111111111111a111111111
19265,harshil,111
19266,harshil,111111111111111111111111111111111111111111@1111111111111111111111111111a1111111111111111111a111111111
19267,harshil,1
19268,harshil,1
19269,harshil,1
19270,harshil,111111111111111111111111111111111111111111@1111111111111111111111111111a1111111111111111111a111111111
19271,harshil,111
19272,harshil,111111111111111111111111111111111111111111@1111111111111111111111111111a1111111111111111111a111111111
19273,harshil,1
19274,harshil,1
19275,harshil,1
19276,harshil,111111111111111111111111111111111111111111@1111111111111111111111111111a1111111111111111111a111111111
19277,harshil,111
19278,harshil,111111111111111111111111111111111111111111@1111111111111111111111111111a1111111111111111111a111111111
19279,harshil,1
19280,harshil,1
19281,harshil,1
19282,harshil,111111111111111111111111111111111111111111@1111111111111111111111111111a1111111111111111111a111111111
19283,harshil,111
19284,harshil,111111111111111111111111111111111111111111@1111111111111111111111111111a1111111111111111111a111111111
19285,harshil,1
19286,harshil,1
19287,harshil,1
19288,harshil,111111111111111111111111111111111111111111@1111111111111111111111111111a1111111111111111111a111111111
19289,harshil,111
19290,harshil,111111111111111111111111111111111111111111@1111111111111111111111111111a1111111111111111111a111111111
19291,harshil,1
19292,harshil,1
19293,harshil,1
19294,harshil,111111111111111111111111111111111111111111@1111111111111111111111111111a1111111111111111111a111111111
19295,harshil,111
19296,harshil,111111111111111111111111111111111111111111@1111111111111111111111111111a1111111111111111111a111111111
19297,harshil,1
19298,harshil,1
19299,harshil,1
19300,harshil,111111111111111111111111111111111111111111@1111111111111111111111111111a1111111111111111111a111111111
19301,harshil,111
19302,harshil,111111111111111111111111111111111111111111@1111111111111111111111111111a1111111111111111111a111111111
19303,harshil,1
19304,harshil,1
19305,harshil,1
19306,harshil,111111111111111111111111111111111111111111@1111111111111111111111111111a1111111111111111111a111111111
19307,harshil,111
19308,harshil,111111111111111111111111111111111111111111@1111111111111111111111111111a1111111111111111111a111111111
19309,harshil,1
19310,harshil,1
19311,harshil,1
19312,harshil,111111111111111111111111111111111111111111@1111111111111111111111111111a1111111111111111111a111111111
19313,harshil,111
19314,harshil,111111111111111111111111111111111111111111@1111111111111111111111111111a1111111111111111111a111111111
19315,harshil,1
19316,harshil,1
19317,harshil,1
19318,harshil,111111111111111111111111111111111111111111@1111111111111111111111111111a1111111111111111111a111111111
19319,harshil,111
19320,harshil,111111111111111111111111111111111111111111@1111111111111111111111111111a1111111111111111111a111111111
19321,harshil,1
19322,harshil,1
19323,harshil,1
19324,harshil,111111111111111111111111111111111111111111@1111111111111111111111111111a1111111111111111111a111111111
19325,harshil,111
19326,harshil,111111111111111111111111111111111111111111@1111111111111111111111111111a1111111111111111111a111111111
19327,harshil,1
19328,harshil,1
19329,harshil,1
19330,harshil,111111111111111111111111111111111111111111@1111111111111111111111111111a1111111111111111111a111111111
19331,harshil,111
19332,harshil,111111111111111111111111111111111111111111@1111111111111111111111111111a1111111111111111111a111111111
19333,harshil,1
19334,harshil,1
19335,harshil,1
19336,harshil,111111111111111111111111111111111111111111@1111111111111111111111111111a1111111111111111111a111111111
19337,harshil,111
19338,harshil,111111111111111111111111111111111111111111@1111111111111111111111111111a1111111111111111111a111111111
19339,harshil,1
19340,harshil,1
19341,harshil,1
19342,harshil,111111111111111111111111111111111111111111@1111111111111111111111111111a1111111111111111111a111111111
19343,harshil,111
19344,harshil,111111111111111111111111111111111111111111@1111111111111111111111111111a1111111111111111111a111111111
19345,harshil,1
19346,harshil,1
19347,harshil,1
19348,harshil,111111111111111111111111111111111111111111@1111111111111111111111111111a1111111111111111111a111111111
19349,harshil,111
19350,harshil,111111111111111111111111111111111111111111@1111111111111111111111111111a1111111111111111111a111111111
19351,harshil,1
19352,harshil,1
19353,harshil,1
19354,harshil,111111111111111111111111111111111111111111@1111111111111111111111111111a1111111111111111111a111111111
19355,harshil,111
19356,harshil,111111111111111111111111111111111111111111@1111111111111111111111111111a1111111111111111111a111111111
19357,harshil,1
19358,harshil,1
19359,harshil,1
19360,harshil,111111111111111111111111111111111111111111@1111111111111111111111111111a1111111111111111111a111111111
19361,harshil,111
19362,harshil,111111111111111111111111111111111111111111@1111111111111111111111111111a1111111111111111111a111111111
19363,harshil,1
19364,harshil,1
19365,harshil,1
19366,harshil,111111111111111111111111111111111111111111@1111111111111111111111111111a1111111111111111111a111111111
19367,harshil,111
19368,harshil,111111111111111111111111111111111111111111@1111111111111111111111111111a1111111111111111111a111111111
19369,harshil,1
19370,harshil,1
19371,harshil,1
19372,harshil,111111111111111111111111111111111111111111@1111111111111111111111111111a1111111111111111111a111111111
19373,harshil,111
19374,harshil,111111111111111111111111111111111111111111@1111111111111111111111111111a1111111111111111111a111111111
19375,harshil,1
19376,harshil,1
19377,harshil,1
19378,harshil,111111111111111111111111111111111111111111@1111111111111111111111111111a1111111111111111111a111111111
19379,harshil,111
19380,harshil,111111111111111111111111111111111111111111@1111111111111111111111111111a1111111111111111111a111111111
19381,harshil,1
19382,harshil,1
19383,harshil,1
19384,harshil,111111111111111111111111111111111111111111@1111111111111111111111111111a1111111111111111111a111111111
19385,harshil,111
19386,harshil,111111111111111111111111111111111111111111@1111111111111111111111111111a1111111111111111111a111111111
19387,harshil,1
19388,harshil,1
19389,harshil,1
19390,harshil,111111111111111111111111111111111111111111@1111111111111111111111111111a1111111111111111111a111111111
19391,harshil,111
19392,harshil,111111111111111111111111111111111111111111@1111111111111111111111111111a1111111111111111111a111111111
19393,harshil,1
19394,harshil,1
19395,harshil,1
19396,harshil,111111111111111111111111111111111111111111@1111111111111111111111111111a1111111111111111111a111111111
19397,harshil,111
19398,harshil,111111111111111111111111111111111111111111@1111111111111111111111111111a1111111111111111111a111111111
19399,harshil,1
19400,harshil,1
19401,harshil,1
19402,harshil,111111111111111111111111111111111111111111@1111111111111111111111111111a1111111111111111111a111111111
19403,harshil,111
19404,harshil,111111111111111111111111111111111111111111@1111111111111111111111111111a1111111111111111111a111111111
19405,harshil,1
19406,harshil,1
19407,harshil,1
19408,harshil,111111111111111111111111111111111111111111@1111111111111111111111111111a1111111111111111111a111111111
19409,harshil,111
19410,harshil,111111111111111111111111111111111111111111@1111111111111111111111111111a1111111111111111111a111111111
19411,harshil,1
19412,harshil,1
19413,harshil,1
19414,harshil,111111111111111111111111111111111111111111@1111111111111111111111111111a1111111111111111111a111111111
19415,harshil,111
19416,harshil,111111111111111111111111111111111111111111@1111111111111111111111111111a1111111111111111111a111111111
19417,harshil,1
19418,harshil,1
19419,harshil,1
19420,harshil,111111111111111111111111111111111111111111@1111111111111111111111111111a1111111111111111111a111111111
19421,harshil,111
19422,harshil,111111111111111111111111111111111111111111@1111111111111111111111111111a1111111111111111111a111111111
19423,harshil,1
19424,harshil,1
19425,harshil,1
19426,harshil,111111111111111111111111111111111111111111@1111111111111111111111111111a1111111111111111111a111111111
19427,harshil,111
19428,harshil,111111111111111111111111111111111111111111@1111111111111111111111111111a1111111111111111111a111111111
19429,harshil,1
19430,harshil,1
19431,harshil,1
19432,harshil,111111111111111111111111111111111111111111@1111111111111111111111111111a1111111111111111111a111111111
19433,harshil,111
19434,harshil,111111111111111111111111111111111111111111@1111111111111111111111111111a1111111111111111111a111111111
19435,harshil,1
19436,harshil,1
19437,harshil,1
19438,harshil,111111111111111111111111111111111111111111@1111111111111111111111111111a1111111111111111111a111111111
19439,harshil,111
19440,harshil,111111111111111111111111111111111111111111@1111111111111111111111111111a1111111111111111111a111111111
19441,harshil,1
19442,harshil,1
19443,harshil,1
19444,harshil,111111111111111111111111111111111111111111@1111111111111111111111111111a1111111111111111111a111111111
19445,harshil,111
19446,harshil,111111111111111111111111111111111111111111@1111111111111111111111111111a1111111111111111111a111111111
19447,harshil,1
19448,harshil,1
19449,harshil,1
19450,harshil,111111111111111111111111111111111111111111@1111111111111111111111111111a1111111111111111111a111111111
19451,harshil,111
19452,harshil,111111111111111111111111111111111111111111@1111111111111111111111111111a1111111111111111111a111111111
19453,harshil,1
19454,harshil,1
19455,harshil,1
19456,harshil,111111111111111111111111111111111111111111@1111111111111111111111111111a1111111111111111111a111111111
19457,harshil,111
19458,harshil,111111111111111111111111111111111111111111@1111111111111111111111111111a1111111111111111111a111111111
19459,harshil,1
19460,harshil,1
19461,harshil,1
19462,harshil,111111111111111111111111111111111111111111@1111111111111111111111111111a1111111111111111111a111111111
19463,harshil,111
19464,harshil,111111111111111111111111111111111111111111@1111111111111111111111111111a1111111111111111111a111111111
19465,harshil,1
19466,harshil,1
19467,harshil,1
19468,harshil,111111111111111111111111111111111111111111@1111111111111111111111111111a1111111111111111111a111111111
19469,harshil,111
19470,harshil,111111111111111111111111111111111111111111@1111111111111111111111111111a1111111111111111111a111111111
19471,harshil,1
19472,harshil,1
19473,harshil,1
19474,harshil,111111111111111111111111111111111111111111@1111111111111111111111111111a1111111111111111111a111111111
19475,harshil,111
19476,harshil,111111111111111111111111111111111111111111@1111111111111111111111111111a1111111111111111111a111111111
19477,harshil,1
19478,harshil,1
19479,harshil,1
19480,harshil,111111111111111111111111111111111111111111@1111111111111111111111111111a1111111111111111111a111111111
19481,harshil,111
19482,harshil,111111111111111111111111111111111111111111@1111111111111111111111111111a1111111111111111111a111111111
19483,harshil,1
19484,harshil,1
19485,harshil,1
19486,harshil,111111111111111111111111111111111111111111@1111111111111111111111111111a1111111111111111111a111111111
19487,harshil,111
19488,harshil,111111111111111111111111111111111111111111@1111111111111111111111111111a1111111111111111111a111111111
19489,harshil,1
19490,harshil,1
19491,harshil,1
19492,harshil,111111111111111111111111111111111111111111@1111111111111111111111111111a1111111111111111111a111111111
19493,harshil,111
19494,harshil,111111111111111111111111111111111111111111@1111111111111111111111111111a1111111111111111111a111111111
19495,harshil,1
19496,harshil,1
19497,harshil,1
19498,harshil,111111111111111111111111111111111111111111@1111111111111111111111111111a1111111111111111111a111111111
19499,harshil,111
19500,harshil,111111111111111111111111111111111111111111@1111111111111111111111111111a1111111111111111111a111111111
19501,harshil,1
19502,harshil,1
19503,harshil,1
19504,harshil,111111111111111111111111111111111111111111@1111111111111111111111111111a1111111111111111111a111111111
19505,harshil,111
19506,harshil,111111111111111111111111111111111111111111@1111111111111111111111111111a1111111111111111111a111111111
19507,harshil,1
19508,harshil,1
19509,harshil,1
19510,harshil,111111111111111111111111111111111111111111@1111111111111111111111111111a1111111111111111111a111111111
19511,harshil,111
19512,harshil,111111111111111111111111111111111111111111@1111111111111111111111111111a1111111111111111111a111111111
19513,harshil,1
19514,harshil,1
19515,harshil,1
19516,harshil,111111111111111111111111111111111111111111@1111111111111111111111111111a1111111111111111111a111111111
19517,harshil,111
19518,harshil,111111111111111111111111111111111111111111@1111111111111111111111111111a1111111111111111111a111111111
19519,harshil,1
19520,harshil,1
19521,harshil,1
19522,harshil,111111111111111111111111111111111111111111@1111111111111111111111111111a1111111111111111111a111111111
19523,harshil,111
19524,harshil,111111111111111111111111111111111111111111@1111111111111111111111111111a1111111111111111111a111111111
19525,harshil,1
19526,harshil,1
19527,harshil,1
19528,harshil,111111111111111111111111111111111111111111@1111111111111111111111111111a1111111111111111111a111111111
19529,harshil,111
19530,harshil,111111111111111111111111111111111111111111@1111111111111111111111111111a1111111111111111111a111111111
19531,harshil,1
19532,harshil,1
19533,harshil,1
19534,harshil,111111111111111111111111111111111111111111@1111111111111111111111111111a1111111111111111111a111111111
19535,harshil,111
19536,harshil,111111111111111111111111111111111111111111@1111111111111111111111111111a1111111111111111111a111111111
19537,harshil,1
19538,harshil,1
19539,harshil,1
19540,harshil,111111111111111111111111111111111111111111@1111111111111111111111111111a1111111111111111111a111111111
19541,harshil,111
19542,harshil,111111111111111111111111111111111111111111@1111111111111111111111111111a1111111111111111111a111111111
19543,harshil,1
19544,harshil,1
19545,harshil,1
19546,harshil,111111111111111111111111111111111111111111@1111111111111111111111111111a1111111111111111111a111111111
19547,harshil,111
19548,harshil,111111111111111111111111111111111111111111@1111111111111111111111111111a1111111111111111111a111111111
19549,harshil,1
19550,harshil,1
19551,harshil,1
19552,harshil,111111111111111111111111111111111111111111@1111111111111111111111111111a1111111111111111111a111111111
19553,harshil,111
19554,harshil,111111111111111111111111111111111111111111@1111111111111111111111111111a1111111111111111111a111111111
19555,harshil,1
19556,harshil,1
19557,harshil,1
19558,harshil,111111111111111111111111111111111111111111@1111111111111111111111111111a1111111111111111111a111111111
19559,harshil,111
19560,harshil,111111111111111111111111111111111111111111@1111111111111111111111111111a1111111111111111111a111111111
19561,harshil,1
19562,harshil,1
19563,harshil,1
19564,harshil,111111111111111111111111111111111111111111@1111111111111111111111111111a1111111111111111111a111111111
19565,harshil,111
19566,harshil,111111111111111111111111111111111111111111@1111111111111111111111111111a1111111111111111111a111111111
19567,harshil,1
19568,harshil,1
19569,harshil,1
19570,harshil,111111111111111111111111111111111111111111@1111111111111111111111111111a1111111111111111111a111111111
19571,harshil,111
19572,harshil,111111111111111111111111111111111111111111@1111111111111111111111111111a1111111111111111111a111111111
19573,harshil,1
19574,harshil,1
19575,harshil,1
19576,harshil,111111111111111111111111111111111111111111@1111111111111111111111111111a1111111111111111111a111111111
19577,harshil,111
19578,harshil,111111111111111111111111111111111111111111@1111111111111111111111111111a1111111111111111111a111111111
19579,harshil,1
19580,harshil,1
19581,harshil,1
19582,harshil,111111111111111111111111111111111111111111@1111111111111111111111111111a1111111111111111111a111111111
19583,harshil,111
19584,harshil,111111111111111111111111111111111111111111@1111111111111111111111111111a1111111111111111111a111111111
19585,harshil,1
19586,harshil,1
19587,harshil,1
19588,harshil,111111111111111111111111111111111111111111@1111111111111111111111111111a1111111111111111111a111111111
19589,harshil,111
19590,harshil,111111111111111111111111111111111111111111@1111111111111111111111111111a1111111111111111111a111111111
19591,harshil,1
19592,harshil,1
19593,harshil,1
19594,harshil,111111111111111111111111111111111111111111@1111111111111111111111111111a1111111111111111111a111111111
19595,harshil,111
19596,harshil,111111111111111111111111111111111111111111@1111111111111111111111111111a1111111111111111111a111111111
19597,harshil,1
19598,harshil,1
19599,harshil,1
19600,harshil,111111111111111111111111111111111111111111@1111111111111111111111111111a1111111111111111111a111111111
19601,harshil,111
19602,harshil,111111111111111111111111111111111111111111@1111111111111111111111111111a1111111111111111111a111111111
19603,harshil,1
19604,harshil,1
19605,harshil,1
19606,harshil,111111111111111111111111111111111111111111@1111111111111111111111111111a1111111111111111111a111111111
19607,harshil,111
19608,harshil,111111111111111111111111111111111111111111@1111111111111111111111111111a1111111111111111111a111111111
19609,harshil,1
19610,harshil,1
19611,harshil,1
19612,harshil,111111111111111111111111111111111111111111@1111111111111111111111111111a1111111111111111111a111111111
19613,harshil,111
19614,harshil,111111111111111111111111111111111111111111@1111111111111111111111111111a1111111111111111111a111111111
19615,harshil,1
19616,harshil,1
19617,harshil,1
19618,harshil,111111111111111111111111111111111111111111@1111111111111111111111111111a1111111111111111111a111111111
19619,harshil,111
19620,harshil,111111111111111111111111111111111111111111@1111111111111111111111111111a1111111111111111111a111111111
19621,harshil,1
19622,harshil,1
19623,harshil,1
19624,harshil,111111111111111111111111111111111111111111@1111111111111111111111111111a1111111111111111111a111111111
19625,harshil,111
19626,harshil,111111111111111111111111111111111111111111@1111111111111111111111111111a1111111111111111111a111111111
19627,harshil,1
19628,harshil,1
19629,harshil,1
19630,harshil,111111111111111111111111111111111111111111@1111111111111111111111111111a1111111111111111111a111111111
19631,harshil,111
19632,harshil,111111111111111111111111111111111111111111@1111111111111111111111111111a1111111111111111111a111111111
19633,harshil,1
19634,harshil,1
19635,harshil,1
19636,harshil,111111111111111111111111111111111111111111@1111111111111111111111111111a1111111111111111111a111111111
19637,harshil,111
19638,harshil,111111111111111111111111111111111111111111@1111111111111111111111111111a1111111111111111111a111111111
19639,harshil,1
19640,harshil,1
19641,harshil,1
19642,harshil,111111111111111111111111111111111111111111@1111111111111111111111111111a1111111111111111111a111111111
19643,harshil,111
19644,harshil,111111111111111111111111111111111111111111@1111111111111111111111111111a1111111111111111111a111111111
19645,harshil,1
19646,harshil,1
19647,harshil,1
19648,harshil,111111111111111111111111111111111111111111@1111111111111111111111111111a1111111111111111111a111111111
19649,harshil,111
19650,harshil,111111111111111111111111111111111111111111@1111111111111111111111111111a1111111111111111111a111111111
19651,harshil,1
19652,harshil,1
19653,harshil,1
19654,harshil,111111111111111111111111111111111111111111@1111111111111111111111111111a1111111111111111111a111111111
19655,harshil,111
19656,harshil,111111111111111111111111111111111111111111@1111111111111111111111111111a1111111111111111111a111111111
19657,harshil,1
19658,harshil,1
19659,harshil,1
19660,harshil,111111111111111111111111111111111111111111@1111111111111111111111111111a1111111111111111111a111111111
19661,harshil,111
19662,harshil,111111111111111111111111111111111111111111@1111111111111111111111111111a1111111111111111111a111111111
19663,harshil,1
19664,harshil,1
19665,harshil,1
19666,harshil,111111111111111111111111111111111111111111@1111111111111111111111111111a1111111111111111111a111111111
19667,harshil,111
19668,harshil,111111111111111111111111111111111111111111@1111111111111111111111111111a1111111111111111111a111111111
19669,harshil,1
19670,harshil,1
19671,harshil,1
19672,harshil,111111111111111111111111111111111111111111@1111111111111111111111111111a1111111111111111111a111111111
19673,harshil,111
19674,harshil,111111111111111111111111111111111111111111@1111111111111111111111111111a1111111111111111111a111111111
19675,harshil,1
19676,harshil,1
19677,harshil,1
19678,harshil,111111111111111111111111111111111111111111@1111111111111111111111111111a1111111111111111111a111111111
19679,harshil,111
19680,harshil,111111111111111111111111111111111111111111@1111111111111111111111111111a1111111111111111111a111111111
19681,harshil,1
19682,harshil,1
19683,harshil,1
19684,harshil,111111111111111111111111111111111111111111@1111111111111111111111111111a1111111111111111111a111111111
19685,harshil,111
19686,harshil,111111111111111111111111111111111111111111@1111111111111111111111111111a1111111111111111111a111111111
19687,harshil,1
19688,harshil,1
19689,harshil,1
19690,harshil,111111111111111111111111111111111111111111@1111111111111111111111111111a1111111111111111111a111111111
19691,harshil,111
19692,harshil,111111111111111111111111111111111111111111@1111111111111111111111111111a1111111111111111111a111111111
19693,harshil,1
19694,harshil,1
19695,harshil,1
19696,harshil,111111111111111111111111111111111111111111@1111111111111111111111111111a1111111111111111111a111111111
19697,harshil,111
19698,harshil,111111111111111111111111111111111111111111@1111111111111111111111111111a1111111111111111111a111111111
19699,harshil,1
19700,harshil,1
19701,harshil,1
19702,harshil,111111111111111111111111111111111111111111@1111111111111111111111111111a1111111111111111111a111111111
19703,harshil,111
19704,harshil,111111111111111111111111111111111111111111@1111111111111111111111111111a1111111111111111111a111111111
19705,harshil,1
19706,harshil,1
19707,harshil,1
19708,harshil,111111111111111111111111111111111111111111@1111111111111111111111111111a1111111111111111111a111111111
19709,harshil,111
19710,harshil,111111111111111111111111111111111111111111@1111111111111111111111111111a1111111111111111111a111111111
19711,harshil,1
19712,harshil,1
19713,harshil,1
19714,harshil,111111111111111111111111111111111111111111@1111111111111111111111111111a1111111111111111111a111111111
19715,harshil,111
19716,harshil,111111111111111111111111111111111111111111@1111111111111111111111111111a1111111111111111111a111111111
19717,harshil,1
19718,harshil,1
19719,harshil,1
19720,harshil,111111111111111111111111111111111111111111@1111111111111111111111111111a1111111111111111111a111111111
19721,harshil,111
19722,harshil,111111111111111111111111111111111111111111@1111111111111111111111111111a1111111111111111111a111111111
19723,harshil,1
19724,harshil,1
19725,harshil,1
19726,harshil,111111111111111111111111111111111111111111@1111111111111111111111111111a1111111111111111111a111111111
19727,harshil,111
19728,harshil,111111111111111111111111111111111111111111@1111111111111111111111111111a1111111111111111111a111111111
19729,harshil,1
19730,harshil,1
19731,harshil,1
19732,harshil,111111111111111111111111111111111111111111@1111111111111111111111111111a1111111111111111111a111111111
19733,harshil,111
19734,harshil,111111111111111111111111111111111111111111@1111111111111111111111111111a1111111111111111111a111111111
19735,harshil,1
19736,harshil,1
19737,harshil,1
19738,harshil,111111111111111111111111111111111111111111@1111111111111111111111111111a1111111111111111111a111111111
19739,harshil,111
19740,harshil,111111111111111111111111111111111111111111@1111111111111111111111111111a1111111111111111111a111111111
19741,harshil,1
19742,harshil,1
19743,harshil,1
19744,harshil,111111111111111111111111111111111111111111@1111111111111111111111111111a1111111111111111111a111111111
19745,harshil,111
19746,harshil,111111111111111111111111111111111111111111@1111111111111111111111111111a1111111111111111111a111111111
19747,harshil,1
19748,harshil,1
19749,harshil,1
19750,harshil,111111111111111111111111111111111111111111@1111111111111111111111111111a1111111111111111111a111111111
19751,harshil,111
19752,harshil,111111111111111111111111111111111111111111@1111111111111111111111111111a1111111111111111111a111111111
19753,harshil,1
19754,harshil,1
19755,harshil,1
19756,harshil,111111111111111111111111111111111111111111@1111111111111111111111111111a1111111111111111111a111111111
19757,harshil,111
19758,harshil,111111111111111111111111111111111111111111@1111111111111111111111111111a1111111111111111111a111111111
19759,harshil,1
19760,harshil,1
19761,harshil,1
19762,harshil,111111111111111111111111111111111111111111@1111111111111111111111111111a1111111111111111111a111111111
19763,harshil,111
19764,harshil,111111111111111111111111111111111111111111@1111111111111111111111111111a1111111111111111111a111111111
19765,harshil,1
19766,harshil,1
19767,harshil,1
19768,harshil,111111111111111111111111111111111111111111@1111111111111111111111111111a1111111111111111111a111111111
19769,harshil,111
19770,harshil,111111111111111111111111111111111111111111@1111111111111111111111111111a1111111111111111111a111111111
19771,harshil,1
19772,harshil,1
19773,harshil,1
19774,harshil,111111111111111111111111111111111111111111@1111111111111111111111111111a1111111111111111111a111111111
19775,harshil,111
19776,harshil,111111111111111111111111111111111111111111@1111111111111111111111111111a1111111111111111111a111111111
19777,harshil,1
19778,harshil,1
19779,harshil,1
19780,harshil,111111111111111111111111111111111111111111@1111111111111111111111111111a1111111111111111111a111111111
19781,harshil,111
19782,harshil,111111111111111111111111111111111111111111@1111111111111111111111111111a1111111111111111111a111111111
19783,harshil,1
19784,harshil,1
19785,harshil,1
19786,harshil,111111111111111111111111111111111111111111@1111111111111111111111111111a1111111111111111111a111111111
19787,harshil,111
19788,harshil,111111111111111111111111111111111111111111@1111111111111111111111111111a1111111111111111111a111111111
19789,harshil,1
19790,harshil,1
19791,harshil,1
19792,harshil,111111111111111111111111111111111111111111@1111111111111111111111111111a1111111111111111111a111111111
19793,harshil,111
19794,harshil,111111111111111111111111111111111111111111@1111111111111111111111111111a1111111111111111111a111111111
19795,harshil,1
19796,harshil,1
19797,harshil,1
19798,harshil,111111111111111111111111111111111111111111@1111111111111111111111111111a1111111111111111111a111111111
19799,harshil,111
19800,harshil,111111111111111111111111111111111111111111@1111111111111111111111111111a1111111111111111111a111111111
19801,harshil,1
19802,harshil,1
19803,harshil,1
19804,harshil,111111111111111111111111111111111111111111@1111111111111111111111111111a1111111111111111111a111111111
19805,harshil,111
19806,harshil,111111111111111111111111111111111111111111@1111111111111111111111111111a1111111111111111111a111111111
19807,harshil,1
19808,harshil,1
19809,harshil,1
19810,harshil,111111111111111111111111111111111111111111@1111111111111111111111111111a1111111111111111111a111111111
19811,harshil,111
19812,harshil,111111111111111111111111111111111111111111@1111111111111111111111111111a1111111111111111111a111111111
19813,harshil,1
19814,harshil,1
19815,harshil,1
19816,harshil,111111111111111111111111111111111111111111@1111111111111111111111111111a1111111111111111111a111111111
19817,harshil,111
19818,harshil,111111111111111111111111111111111111111111@1111111111111111111111111111a1111111111111111111a111111111
19819,harshil,1
19820,harshil,1
19821,harshil,1
19822,harshil,111111111111111111111111111111111111111111@1111111111111111111111111111a1111111111111111111a111111111
19823,harshil,111
19824,harshil,111111111111111111111111111111111111111111@1111111111111111111111111111a1111111111111111111a111111111
19825,harshil,1
19826,harshil,1
19827,harshil,1
19828,harshil,111111111111111111111111111111111111111111@1111111111111111111111111111a1111111111111111111a111111111
19829,harshil,111
19830,harshil,111111111111111111111111111111111111111111@1111111111111111111111111111a1111111111111111111a111111111
19831,harshil,1
19832,harshil,1
19833,harshil,1
19834,harshil,111111111111111111111111111111111111111111@1111111111111111111111111111a1111111111111111111a111111111
19835,harshil,111
19836,harshil,111111111111111111111111111111111111111111@1111111111111111111111111111a1111111111111111111a111111111
19837,harshil,1
19838,harshil,1
19839,harshil,1
19840,harshil,111111111111111111111111111111111111111111@1111111111111111111111111111a1111111111111111111a111111111
19841,harshil,111
19842,harshil,111111111111111111111111111111111111111111@1111111111111111111111111111a1111111111111111111a111111111
19843,harshil,1
19844,harshil,1
19845,harshil,1
19846,harshil,111111111111111111111111111111111111111111@1111111111111111111111111111a1111111111111111111a111111111
19847,harshil,111
19848,harshil,111111111111111111111111111111111111111111@1111111111111111111111111111a1111111111111111111a111111111
19849,harshil,1
19850,harshil,1
19851,harshil,1
19852,harshil,111111111111111111111111111111111111111111@1111111111111111111111111111a1111111111111111111a111111111
19853,harshil,111
19854,harshil,111111111111111111111111111111111111111111@1111111111111111111111111111a1111111111111111111a111111111
19855,harshil,1
19856,harshil,1
19857,harshil,1
19858,harshil,111111111111111111111111111111111111111111@1111111111111111111111111111a1111111111111111111a111111111
19859,harshil,111
19860,harshil,111111111111111111111111111111111111111111@1111111111111111111111111111a1111111111111111111a111111111
19861,harshil,1
19862,harshil,1
19863,harshil,1
19864,harshil,111111111111111111111111111111111111111111@1111111111111111111111111111a1111111111111111111a111111111
19865,harshil,111
19866,harshil,111111111111111111111111111111111111111111@1111111111111111111111111111a1111111111111111111a111111111
19867,harshil,1
19868,harshil,1
19869,harshil,1
19870,harshil,111111111111111111111111111111111111111111@1111111111111111111111111111a1111111111111111111a111111111
19871,harshil,111
19872,harshil,111111111111111111111111111111111111111111@1111111111111111111111111111a1111111111111111111a111111111
19873,harshil,1
19874,harshil,1
19875,harshil,1
19876,harshil,111111111111111111111111111111111111111111@1111111111111111111111111111a1111111111111111111a111111111
19877,harshil,111
19878,harshil,111111111111111111111111111111111111111111@1111111111111111111111111111a1111111111111111111a111111111
19879,harshil,1
19880,harshil,1
19881,harshil,1
19882,harshil,111111111111111111111111111111111111111111@1111111111111111111111111111a1111111111111111111a111111111
19883,harshil,111
19884,harshil,111111111111111111111111111111111111111111@1111111111111111111111111111a1111111111111111111a111111111
19885,harshil,1
19886,harshil,1
19887,harshil,1
19888,harshil,111111111111111111111111111111111111111111@1111111111111111111111111111a1111111111111111111a111111111
19889,harshil,111
19890,harshil,111111111111111111111111111111111111111111@1111111111111111111111111111a1111111111111111111a111111111
19891,harshil,1
19892,harshil,1
19893,harshil,1
19894,harshil,111111111111111111111111111111111111111111@1111111111111111111111111111a1111111111111111111a111111111
19895,harshil,111
19896,harshil,111111111111111111111111111111111111111111@1111111111111111111111111111a1111111111111111111a111111111
19897,harshil,1
19898,harshil,1
19899,harshil,1
19900,harshil,111111111111111111111111111111111111111111@1111111111111111111111111111a1111111111111111111a111111111
19901,harshil,111
19902,harshil,111111111111111111111111111111111111111111@1111111111111111111111111111a1111111111111111111a111111111
19903,harshil,1
19904,harshil,1
19905,harshil,1
19906,harshil,111111111111111111111111111111111111111111@1111111111111111111111111111a1111111111111111111a111111111
19907,harshil,111
19908,harshil,111111111111111111111111111111111111111111@1111111111111111111111111111a1111111111111111111a111111111
19909,harshil,1
19910,harshil,1
19911,harshil,1
19912,harshil,111111111111111111111111111111111111111111@1111111111111111111111111111a1111111111111111111a111111111
19913,harshil,111
19914,harshil,111111111111111111111111111111111111111111@1111111111111111111111111111a1111111111111111111a111111111
19915,harshil,1
19916,harshil,1
19917,harshil,1
19918,harshil,111111111111111111111111111111111111111111@1111111111111111111111111111a1111111111111111111a111111111
19919,harshil,111
19920,harshil,111111111111111111111111111111111111111111@1111111111111111111111111111a1111111111111111111a111111111
19921,harshil,1
19922,harshil,1
19923,harshil,1
19924,harshil,111111111111111111111111111111111111111111@1111111111111111111111111111a1111111111111111111a111111111
19925,harshil,111
19926,harshil,111111111111111111111111111111111111111111@1111111111111111111111111111a1111111111111111111a111111111
19927,harshil,1
19928,harshil,1
19929,harshil,1
19930,harshil,111111111111111111111111111111111111111111@1111111111111111111111111111a1111111111111111111a111111111
19931,harshil,111
19932,harshil,111111111111111111111111111111111111111111@1111111111111111111111111111a1111111111111111111a111111111
19933,harshil,1
19934,harshil,1
19935,harshil,1
19936,harshil,111111111111111111111111111111111111111111@1111111111111111111111111111a1111111111111111111a111111111
19937,harshil,111
19938,harshil,111111111111111111111111111111111111111111@1111111111111111111111111111a1111111111111111111a111111111
19939,harshil,1
19940,harshil,1
19941,harshil,1
19942,harshil,111111111111111111111111111111111111111111@1111111111111111111111111111a1111111111111111111a111111111
19943,harshil,111
19944,harshil,111111111111111111111111111111111111111111@1111111111111111111111111111a1111111111111111111a111111111
19945,harshil,1
19946,harshil,1
19947,harshil,1
19948,harshil,111111111111111111111111111111111111111111@1111111111111111111111111111a1111111111111111111a111111111
19949,harshil,111
19950,harshil,111111111111111111111111111111111111111111@1111111111111111111111111111a1111111111111111111a111111111
19951,harshil,1
19952,harshil,1
19953,harshil,1
19954,harshil,111111111111111111111111111111111111111111@1111111111111111111111111111a1111111111111111111a111111111
19955,harshil,111
19956,harshil,111111111111111111111111111111111111111111@1111111111111111111111111111a1111111111111111111a111111111
19957,harshil,1
19958,harshil,1
19959,harshil,1
19960,harshil,111111111111111111111111111111111111111111@1111111111111111111111111111a1111111111111111111a111111111
19961,harshil,111
19962,harshil,111111111111111111111111111111111111111111@1111111111111111111111111111a1111111111111111111a111111111
19963,harshil,1
19964,harshil,1
19965,harshil,1
19966,harshil,111111111111111111111111111111111111111111@1111111111111111111111111111a1111111111111111111a111111111
19967,harshil,111
19968,harshil,111111111111111111111111111111111111111111@1111111111111111111111111111a1111111111111111111a111111111
19969,harshil,1
19970,harshil,1
19971,harshil,1
19972,harshil,111111111111111111111111111111111111111111@1111111111111111111111111111a1111111111111111111a111111111
19973,harshil,111
19974,harshil,111111111111111111111111111111111111111111@1111111111111111111111111111a1111111111111111111a111111111
19975,harshil,1
19976,harshil,1
19977,harshil,1
19978,harshil,111111111111111111111111111111111111111111@1111111111111111111111111111a1111111111111111111a111111111
19979,harshil,111
19980,harshil,111111111111111111111111111111111111111111@1111111111111111111111111111a1111111111111111111a111111111
19981,harshil,1
19982,harshil,1
19983,harshil,1
19984,harshil,111111111111111111111111111111111111111111@1111111111111111111111111111a1111111111111111111a111111111
19985,harshil,111
19986,harshil,111111111111111111111111111111111111111111@1111111111111111111111111111a1111111111111111111a111111111
19987,harshil,1
19988,harshil,1
19989,harshil,1
19990,harshil,111111111111111111111111111111111111111111@1111111111111111111111111111a1111111111111111111a111111111
19991,harshil,111
19992,harshil,111111111111111111111111111111111111111111@1111111111111111111111111111a1111111111111111111a111111111
19993,harshil,1
19994,harshil,1
19995,harshil,1
19996,harshil,111111111111111111111111111111111111111111@1111111111111111111111111111a1111111111111111111a111111111
19997,harshil,111
19998,harshil,111111111111111111111111111111111111111111@1111111111111111111111111111a1111111111111111111a111111111
19999,harshil,1
20000,harshil,1
20001,harshil,1
20002,harshil,111111111111111111111111111111111111111111@1111111111111111111111111111a1111111111111111111a111111111
20003,harshil,111
20004,harshil,111111111111111111111111111111111111111111@1111111111111111111111111111a1111111111111111111a111111111
20005,harshil,1
20006,harshil,1
20007,harshil,1
20008,harshil,111111111111111111111111111111111111111111@1111111111111111111111111111a1111111111111111111a111111111
20009,harshil,111
20010,harshil,111111111111111111111111111111111111111111@1111111111111111111111111111a1111111111111111111a111111111
20011,harshil,1
20012,harshil,1
20013,harshil,1
20014,harshil,111111111111111111111111111111111111111111@1111111111111111111111111111a1111111111111111111a111111111
20015,harshil,111
20016,harshil,111111111111111111111111111111111111111111@1111111111111111111111111111a1111111111111111111a111111111
20017,harshil,1
20018,harshil,1
20019,harshil,1
20020,harshil,111111111111111111111111111111111111111111@1111111111111111111111111111a1111111111111111111a111111111
20021,harshil,111
20022,harshil,111111111111111111111111111111111111111111@1111111111111111111111111111a1111111111111111111a111111111
20023,harshil,1
20024,harshil,1
20025,harshil,1
20026,harshil,111111111111111111111111111111111111111111@1111111111111111111111111111a1111111111111111111a111111111
20027,harshil,111
20028,harshil,111111111111111111111111111111111111111111@1111111111111111111111111111a1111111111111111111a111111111
20029,harshil,1
20030,harshil,1
20031,harshil,1
20032,harshil,111111111111111111111111111111111111111111@1111111111111111111111111111a1111111111111111111a111111111
20033,harshil,111
20034,harshil,111111111111111111111111111111111111111111@1111111111111111111111111111a1111111111111111111a111111111
20035,harshil,1
20036,harshil,1
20037,harshil,1
20038,harshil,111111111111111111111111111111111111111111@1111111111111111111111111111a1111111111111111111a111111111
20039,harshil,111
20040,harshil,111111111111111111111111111111111111111111@1111111111111111111111111111a1111111111111111111a111111111
20041,harshil,1
20042,harshil,1
20043,harshil,1
20044,harshil,111111111111111111111111111111111111111111@1111111111111111111111111111a1111111111111111111a111111111
20045,harshil,111
20046,harshil,111111111111111111111111111111111111111111@1111111111111111111111111111a1111111111111111111a111111111
20047,harshil,1
20048,harshil,1
20049,harshil,1
20050,harshil,111111111111111111111111111111111111111111@1111111111111111111111111111a1111111111111111111a111111111
20051,harshil,111
20052,harshil,111111111111111111111111111111111111111111@1111111111111111111111111111a1111111111111111111a111111111
20053,harshil,1
20054,harshil,1
20055,harshil,1
20056,harshil,111111111111111111111111111111111111111111@1111111111111111111111111111a1111111111111111111a111111111
20057,harshil,111
20058,harshil,111111111111111111111111111111111111111111@1111111111111111111111111111a1111111111111111111a111111111
20059,harshil,1
20060,harshil,1
20061,harshil,1
20062,harshil,111111111111111111111111111111111111111111@1111111111111111111111111111a1111111111111111111a111111111
20063,harshil,111
20064,harshil,111111111111111111111111111111111111111111@1111111111111111111111111111a1111111111111111111a111111111
20065,harshil,1
20066,harshil,1
20067,harshil,1
20068,harshil,111111111111111111111111111111111111111111@1111111111111111111111111111a1111111111111111111a111111111
20069,harshil,111
20070,harshil,111111111111111111111111111111111111111111@1111111111111111111111111111a1111111111111111111a111111111
20071,harshil,1
20072,harshil,1
20073,harshil,1
20074,harshil,111111111111111111111111111111111111111111@1111111111111111111111111111a1111111111111111111a111111111
20075,harshil,111
20076,harshil,111111111111111111111111111111111111111111@1111111111111111111111111111a1111111111111111111a111111111
20077,harshil,1
20078,harshil,1
20079,harshil,1
20080,harshil,111111111111111111111111111111111111111111@1111111111111111111111111111a1111111111111111111a111111111
20081,harshil,111
20082,harshil,111111111111111111111111111111111111111111@1111111111111111111111111111a1111111111111111111a111111111
20083,harshil,1
20084,harshil,1
20085,harshil,1
20086,harshil,111111111111111111111111111111111111111111@1111111111111111111111111111a1111111111111111111a111111111
20087,harshil,111
20088,harshil,111111111111111111111111111111111111111111@1111111111111111111111111111a1111111111111111111a111111111
20089,harshil,1
20090,harshil,1
20091,harshil,1
20092,harshil,111111111111111111111111111111111111111111@1111111111111111111111111111a1111111111111111111a111111111
20093,harshil,111
20094,harshil,111111111111111111111111111111111111111111@1111111111111111111111111111a1111111111111111111a111111111
20095,harshil,1
20096,harshil,1
20097,harshil,1
20098,harshil,111111111111111111111111111111111111111111@1111111111111111111111111111a1111111111111111111a111111111
20099,harshil,111
20100,harshil,111111111111111111111111111111111111111111@1111111111111111111111111111a1111111111111111111a111111111
20101,harshil,1
20102,harshil,1
20103,harshil,1
20104,harshil,111111111111111111111111111111111111111111@1111111111111111111111111111a1111111111111111111a111111111
20105,harshil,111
20106,harshil,111111111111111111111111111111111111111111@1111111111111111111111111111a1111111111111111111a111111111
20107,harshil,1
20108,harshil,1
20109,harshil,1
20110,harshil,111111111111111111111111111111111111111111@1111111111111111111111111111a1111111111111111111a111111111
20111,harshil,111
20112,harshil,111111111111111111111111111111111111111111@1111111111111111111111111111a1111111111111111111a111111111
20113,harshil,1
20114,harshil,1
20115,harshil,1
20116,harshil,111111111111111111111111111111111111111111@1111111111111111111111111111a1111111111111111111a111111111
20117,harshil,111
20118,harshil,111111111111111111111111111111111111111111@1111111111111111111111111111a1111111111111111111a111111111
20119,harshil,1
20120,harshil,1
20121,harshil,1
20122,harshil,111111111111111111111111111111111111111111@1111111111111111111111111111a1111111111111111111a111111111
20123,harshil,111
20124,harshil,111111111111111111111111111111111111111111@1111111111111111111111111111a1111111111111111111a111111111
20125,harshil,1
20126,harshil,1
20127,harshil,1
20128,harshil,111111111111111111111111111111111111111111@1111111111111111111111111111a1111111111111111111a111111111
20129,harshil,111
20130,harshil,111111111111111111111111111111111111111111@1111111111111111111111111111a1111111111111111111a111111111
20131,harshil,1
20132,harshil,1
20133,harshil,1
20134,harshil,111111111111111111111111111111111111111111@1111111111111111111111111111a1111111111111111111a111111111
20135,harshil,111
20136,harshil,111111111111111111111111111111111111111111@1111111111111111111111111111a1111111111111111111a111111111
20137,harshil,1
20138,harshil,1
20139,harshil,1
20140,harshil,111111111111111111111111111111111111111111@1111111111111111111111111111a1111111111111111111a111111111
20141,harshil,111
20142,harshil,111111111111111111111111111111111111111111@1111111111111111111111111111a1111111111111111111a111111111
20143,harshil,1
20144,harshil,1
20145,harshil,1
20146,harshil,111111111111111111111111111111111111111111@1111111111111111111111111111a1111111111111111111a111111111
20147,harshil,111
20148,harshil,111111111111111111111111111111111111111111@1111111111111111111111111111a1111111111111111111a111111111
20149,harshil,1
20150,harshil,1
20151,harshil,1
20152,harshil,111111111111111111111111111111111111111111@1111111111111111111111111111a1111111111111111111a111111111
20153,harshil,111
20154,harshil,111111111111111111111111111111111111111111@1111111111111111111111111111a1111111111111111111a111111111
20155,harshil,1
20156,harshil,1
20157,harshil,1
20158,harshil,111111111111111111111111111111111111111111@1111111111111111111111111111a1111111111111111111a111111111
20159,harshil,111
20160,harshil,111111111111111111111111111111111111111111@1111111111111111111111111111a1111111111111111111a111111111
20161,harshil,1
20162,harshil,1
20163,harshil,1
20164,harshil,111111111111111111111111111111111111111111@1111111111111111111111111111a1111111111111111111a111111111
20165,harshil,111
20166,harshil,111111111111111111111111111111111111111111@1111111111111111111111111111a1111111111111111111a111111111
20167,harshil,1
20168,harshil,1
20169,harshil,1
20170,harshil,111111111111111111111111111111111111111111@1111111111111111111111111111a1111111111111111111a111111111
20171,harshil,111
20172,harshil,111111111111111111111111111111111111111111@1111111111111111111111111111a1111111111111111111a111111111
20173,harshil,1
20174,harshil,1
20175,harshil,1
20176,harshil,111111111111111111111111111111111111111111@1111111111111111111111111111a1111111111111111111a111111111
20177,harshil,111
20178,harshil,111111111111111111111111111111111111111111@1111111111111111111111111111a1111111111111111111a111111111
20179,harshil,1
20180,harshil,1
20181,harshil,1
20182,harshil,111111111111111111111111111111111111111111@1111111111111111111111111111a1111111111111111111a111111111
20183,harshil,111
20184,harshil,111111111111111111111111111111111111111111@1111111111111111111111111111a1111111111111111111a111111111
20185,harshil,1
20186,harshil,1
20187,harshil,1
20188,harshil,111111111111111111111111111111111111111111@1111111111111111111111111111a1111111111111111111a111111111
20189,harshil,111
20190,harshil,111111111111111111111111111111111111111111@1111111111111111111111111111a1111111111111111111a111111111
20191,harshil,1
20192,harshil,1
20193,harshil,1
20194,harshil,111111111111111111111111111111111111111111@1111111111111111111111111111a1111111111111111111a111111111
20195,harshil,111
20196,harshil,111111111111111111111111111111111111111111@1111111111111111111111111111a1111111111111111111a111111111
20197,harshil,1
20198,harshil,1
20199,harshil,1
20200,harshil,111111111111111111111111111111111111111111@1111111111111111111111111111a1111111111111111111a111111111
20201,harshil,111
20202,harshil,111111111111111111111111111111111111111111@1111111111111111111111111111a1111111111111111111a111111111
20203,harshil,1
20204,harshil,1
20205,harshil,1
20206,harshil,111111111111111111111111111111111111111111@1111111111111111111111111111a1111111111111111111a111111111
20207,harshil,111
20208,harshil,111111111111111111111111111111111111111111@1111111111111111111111111111a1111111111111111111a111111111
20209,harshil,1
20210,harshil,1
20211,harshil,1
20212,harshil,111111111111111111111111111111111111111111@1111111111111111111111111111a1111111111111111111a111111111
20213,harshil,111
20214,harshil,111111111111111111111111111111111111111111@1111111111111111111111111111a1111111111111111111a111111111
20215,harshil,1
20216,harshil,1
20217,harshil,1
20218,harshil,111111111111111111111111111111111111111111@1111111111111111111111111111a1111111111111111111a111111111
20219,harshil,111
20220,harshil,111111111111111111111111111111111111111111@1111111111111111111111111111a1111111111111111111a111111111
20221,harshil,1
20222,harshil,1
20223,harshil,1
20224,harshil,111111111111111111111111111111111111111111@1111111111111111111111111111a1111111111111111111a111111111
20225,harshil,111
20226,harshil,111111111111111111111111111111111111111111@1111111111111111111111111111a1111111111111111111a111111111
20227,harshil,1
20228,harshil,1
20229,harshil,1
20230,harshil,111111111111111111111111111111111111111111@1111111111111111111111111111a1111111111111111111a111111111
20231,harshil,111
20232,harshil,111111111111111111111111111111111111111111@1111111111111111111111111111a1111111111111111111a111111111
20233,harshil,1
20234,harshil,1
20235,harshil,1
20236,harshil,111111111111111111111111111111111111111111@1111111111111111111111111111a1111111111111111111a111111111
20237,harshil,111
20238,harshil,111111111111111111111111111111111111111111@1111111111111111111111111111a1111111111111111111a111111111
20239,harshil,1
20240,harshil,1
20241,harshil,1
20242,harshil,111111111111111111111111111111111111111111@1111111111111111111111111111a1111111111111111111a111111111
20243,harshil,111
20244,harshil,111111111111111111111111111111111111111111@1111111111111111111111111111a1111111111111111111a111111111
20245,harshil,1
20246,harshil,1
20247,harshil,1
20248,harshil,111111111111111111111111111111111111111111@1111111111111111111111111111a1111111111111111111a111111111
20249,harshil,111
20250,harshil,111111111111111111111111111111111111111111@1111111111111111111111111111a1111111111111111111a111111111
20251,harshil,1
20252,harshil,1
20253,harshil,1
20254,harshil,111111111111111111111111111111111111111111@1111111111111111111111111111a1111111111111111111a111111111
20255,harshil,111
20256,harshil,111111111111111111111111111111111111111111@1111111111111111111111111111a1111111111111111111a111111111
20257,harshil,1
20258,harshil,1
20259,harshil,1
20260,harshil,111111111111111111111111111111111111111111@1111111111111111111111111111a1111111111111111111a111111111
20261,harshil,111
20262,harshil,111111111111111111111111111111111111111111@1111111111111111111111111111a1111111111111111111a111111111
20263,harshil,1
20264,harshil,1
20265,harshil,1
20266,harshil,111111111111111111111111111111111111111111@1111111111111111111111111111a1111111111111111111a111111111
20267,harshil,111
20268,harshil,111111111111111111111111111111111111111111@1111111111111111111111111111a1111111111111111111a111111111
20269,harshil,1
20270,harshil,1
20271,harshil,1
20272,harshil,111111111111111111111111111111111111111111@1111111111111111111111111111a1111111111111111111a111111111
20273,harshil,111
20274,harshil,111111111111111111111111111111111111111111@1111111111111111111111111111a1111111111111111111a111111111
20275,harshil,1
20276,harshil,1
20277,harshil,1
20278,harshil,111111111111111111111111111111111111111111@1111111111111111111111111111a1111111111111111111a111111111
20279,harshil,111
20280,harshil,111111111111111111111111111111111111111111@1111111111111111111111111111a1111111111111111111a111111111
20281,harshil,1
20282,harshil,1
20283,harshil,1
20284,harshil,111111111111111111111111111111111111111111@1111111111111111111111111111a1111111111111111111a111111111
20285,harshil,111
20286,harshil,111111111111111111111111111111111111111111@1111111111111111111111111111a1111111111111111111a111111111
20287,harshil,1
20288,harshil,1
20289,harshil,1
20290,harshil,111111111111111111111111111111111111111111@1111111111111111111111111111a1111111111111111111a111111111
20291,harshil,111
20292,harshil,111111111111111111111111111111111111111111@1111111111111111111111111111a1111111111111111111a111111111
20293,harshil,1
20294,harshil,1
20295,harshil,1
20296,harshil,111111111111111111111111111111111111111111@1111111111111111111111111111a1111111111111111111a111111111
20297,harshil,111
20298,harshil,111111111111111111111111111111111111111111@1111111111111111111111111111a1111111111111111111a111111111
20299,harshil,1
20300,harshil,1
20301,harshil,1
20302,harshil,111111111111111111111111111111111111111111@1111111111111111111111111111a1111111111111111111a111111111
20303,harshil,111
20304,harshil,111111111111111111111111111111111111111111@1111111111111111111111111111a1111111111111111111a111111111
20305,harshil,1
20306,harshil,1
20307,harshil,1
20308,harshil,111111111111111111111111111111111111111111@1111111111111111111111111111a1111111111111111111a111111111
20309,harshil,111
20310,harshil,111111111111111111111111111111111111111111@1111111111111111111111111111a1111111111111111111a111111111
20311,harshil,1
20312,harshil,1
20313,harshil,1
20314,harshil,111111111111111111111111111111111111111111@1111111111111111111111111111a1111111111111111111a111111111
20315,harshil,111
20316,harshil,111111111111111111111111111111111111111111@1111111111111111111111111111a1111111111111111111a111111111
20317,harshil,1
20318,harshil,1
20319,harshil,1
20320,harshil,111111111111111111111111111111111111111111@1111111111111111111111111111a1111111111111111111a111111111
20321,harshil,111
20322,harshil,111111111111111111111111111111111111111111@1111111111111111111111111111a1111111111111111111a111111111
20323,harshil,1
20324,harshil,1
20325,harshil,1
20326,harshil,111111111111111111111111111111111111111111@1111111111111111111111111111a1111111111111111111a111111111
20327,harshil,111
20328,harshil,111111111111111111111111111111111111111111@1111111111111111111111111111a1111111111111111111a111111111
20329,harshil,1
20330,harshil,1
20331,harshil,1
20332,harshil,111111111111111111111111111111111111111111@1111111111111111111111111111a1111111111111111111a111111111
20333,harshil,111
20334,harshil,111111111111111111111111111111111111111111@1111111111111111111111111111a1111111111111111111a111111111
20335,harshil,1
20336,harshil,1
20337,harshil,1
20338,harshil,111111111111111111111111111111111111111111@1111111111111111111111111111a1111111111111111111a111111111
20339,harshil,111
20340,harshil,111111111111111111111111111111111111111111@1111111111111111111111111111a1111111111111111111a111111111
20341,harshil,1
20342,harshil,1
20343,harshil,1
20344,harshil,111111111111111111111111111111111111111111@1111111111111111111111111111a1111111111111111111a111111111
20345,harshil,111
20346,harshil,111111111111111111111111111111111111111111@1111111111111111111111111111a1111111111111111111a111111111
20347,harshil,1
20348,harshil,1
20349,harshil,1
20350,harshil,111111111111111111111111111111111111111111@1111111111111111111111111111a1111111111111111111a111111111
20351,harshil,111
20352,harshil,111111111111111111111111111111111111111111@1111111111111111111111111111a1111111111111111111a111111111
20353,harshil,1
20354,harshil,1
20355,harshil,1
20356,harshil,111111111111111111111111111111111111111111@1111111111111111111111111111a1111111111111111111a111111111
20357,harshil,111
20358,harshil,111111111111111111111111111111111111111111@1111111111111111111111111111a1111111111111111111a111111111
20359,harshil,1
20360,harshil,1
20361,harshil,1
20362,harshil,111111111111111111111111111111111111111111@1111111111111111111111111111a1111111111111111111a111111111
20363,harshil,111
20364,harshil,111111111111111111111111111111111111111111@1111111111111111111111111111a1111111111111111111a111111111
20365,harshil,1
20366,harshil,1
20367,harshil,1
20368,harshil,111111111111111111111111111111111111111111@1111111111111111111111111111a1111111111111111111a111111111
20369,harshil,111
20370,harshil,111111111111111111111111111111111111111111@1111111111111111111111111111a1111111111111111111a111111111
20371,harshil,1
20372,harshil,1
20373,harshil,1
20374,harshil,111111111111111111111111111111111111111111@1111111111111111111111111111a1111111111111111111a111111111
20375,harshil,111
20376,harshil,111111111111111111111111111111111111111111@1111111111111111111111111111a1111111111111111111a111111111
20377,harshil,1
20378,harshil,1
20379,harshil,1
20380,harshil,111111111111111111111111111111111111111111@1111111111111111111111111111a1111111111111111111a111111111
20381,harshil,111
20382,harshil,111111111111111111111111111111111111111111@1111111111111111111111111111a1111111111111111111a111111111
20383,harshil,1
20384,harshil,1
20385,harshil,1
20386,harshil,111111111111111111111111111111111111111111@1111111111111111111111111111a1111111111111111111a111111111
20387,harshil,111
20388,harshil,111111111111111111111111111111111111111111@1111111111111111111111111111a1111111111111111111a111111111
20389,harshil,1
20390,harshil,1
20391,harshil,1
20392,harshil,111111111111111111111111111111111111111111@1111111111111111111111111111a1111111111111111111a111111111
20393,harshil,111
20394,harshil,111111111111111111111111111111111111111111@1111111111111111111111111111a1111111111111111111a111111111
20395,harshil,1
20396,harshil,1
20397,harshil,1
20398,harshil,111111111111111111111111111111111111111111@1111111111111111111111111111a1111111111111111111a111111111
20399,harshil,111
20400,harshil,111111111111111111111111111111111111111111@1111111111111111111111111111a1111111111111111111a111111111
20401,harshil,1
20402,harshil,1
20403,harshil,1
20404,harshil,111111111111111111111111111111111111111111@1111111111111111111111111111a1111111111111111111a111111111
20405,harshil,111
20406,harshil,111111111111111111111111111111111111111111@1111111111111111111111111111a1111111111111111111a111111111
20407,harshil,1
20408,harshil,1
20409,harshil,1
20410,harshil,111111111111111111111111111111111111111111@1111111111111111111111111111a1111111111111111111a111111111
20411,harshil,111
20412,harshil,111111111111111111111111111111111111111111@1111111111111111111111111111a1111111111111111111a111111111
20413,harshil,1
20414,harshil,1
20415,harshil,1
20416,harshil,111111111111111111111111111111111111111111@1111111111111111111111111111a1111111111111111111a111111111
20417,harshil,111
20418,harshil,111111111111111111111111111111111111111111@1111111111111111111111111111a1111111111111111111a111111111
20419,harshil,1
20420,harshil,1
20421,harshil,1
20422,harshil,111111111111111111111111111111111111111111@1111111111111111111111111111a1111111111111111111a111111111
20423,harshil,111
20424,harshil,111111111111111111111111111111111111111111@1111111111111111111111111111a1111111111111111111a111111111
20425,harshil,1
20426,harshil,1
20427,harshil,1
20428,harshil,111111111111111111111111111111111111111111@1111111111111111111111111111a1111111111111111111a111111111
20429,harshil,111
20430,harshil,111111111111111111111111111111111111111111@1111111111111111111111111111a1111111111111111111a111111111
20431,harshil,1
20432,harshil,1
20433,harshil,1
20434,harshil,111111111111111111111111111111111111111111@1111111111111111111111111111a1111111111111111111a111111111
20435,harshil,111
20436,harshil,111111111111111111111111111111111111111111@1111111111111111111111111111a1111111111111111111a111111111
20437,harshil,1
20438,harshil,1
20439,harshil,1
20440,harshil,111111111111111111111111111111111111111111@1111111111111111111111111111a1111111111111111111a111111111
20441,harshil,111
20442,harshil,111111111111111111111111111111111111111111@1111111111111111111111111111a1111111111111111111a111111111
20443,harshil,1
20444,harshil,1
20445,harshil,1
20446,harshil,111111111111111111111111111111111111111111@1111111111111111111111111111a1111111111111111111a111111111
20447,harshil,111
20448,harshil,111111111111111111111111111111111111111111@1111111111111111111111111111a1111111111111111111a111111111
20449,harshil,1
20450,harshil,1
20451,harshil,1
20452,harshil,111111111111111111111111111111111111111111@1111111111111111111111111111a1111111111111111111a111111111
20453,harshil,111
20454,harshil,111111111111111111111111111111111111111111@1111111111111111111111111111a1111111111111111111a111111111
20455,harshil,1
20456,harshil,1
20457,harshil,1
20458,harshil,111111111111111111111111111111111111111111@1111111111111111111111111111a1111111111111111111a111111111
20459,harshil,111
20460,harshil,111111111111111111111111111111111111111111@1111111111111111111111111111a1111111111111111111a111111111
20461,harshil,1
20462,harshil,1
20463,harshil,1
20464,harshil,111111111111111111111111111111111111111111@1111111111111111111111111111a1111111111111111111a111111111
20465,harshil,111
20466,harshil,111111111111111111111111111111111111111111@1111111111111111111111111111a1111111111111111111a111111111
20467,harshil,1
20468,harshil,1
20469,harshil,1
20470,harshil,111111111111111111111111111111111111111111@1111111111111111111111111111a1111111111111111111a111111111
20471,harshil,111
20472,harshil,111111111111111111111111111111111111111111@1111111111111111111111111111a1111111111111111111a111111111
20473,harshil,1
20474,harshil,1
20475,harshil,1
20476,harshil,111111111111111111111111111111111111111111@1111111111111111111111111111a1111111111111111111a111111111
20477,harshil,111
20478,harshil,111111111111111111111111111111111111111111@1111111111111111111111111111a1111111111111111111a111111111
20479,harshil,1
20480,harshil,1
20481,harshil,1
20482,harshil,111111111111111111111111111111111111111111@1111111111111111111111111111a1111111111111111111a111111111
20483,harshil,111
20484,harshil,111111111111111111111111111111111111111111@1111111111111111111111111111a1111111111111111111a111111111
20485,harshil,1
20486,harshil,1
20487,harshil,1
20488,harshil,111111111111111111111111111111111111111111@1111111111111111111111111111a1111111111111111111a111111111
20489,harshil,111
20490,harshil,111111111111111111111111111111111111111111@1111111111111111111111111111a1111111111111111111a111111111
20491,harshil,1
20492,harshil,1
20493,harshil,1
20494,harshil,111111111111111111111111111111111111111111@1111111111111111111111111111a1111111111111111111a111111111
20495,harshil,111
20496,harshil,111111111111111111111111111111111111111111@1111111111111111111111111111a1111111111111111111a111111111
20497,harshil,1
20498,harshil,1
20499,harshil,1
20500,harshil,111111111111111111111111111111111111111111@1111111111111111111111111111a1111111111111111111a111111111
20501,harshil,111
20502,harshil,111111111111111111111111111111111111111111@1111111111111111111111111111a1111111111111111111a111111111
20503,harshil,1
20504,harshil,1
20505,harshil,1
20506,harshil,111111111111111111111111111111111111111111@1111111111111111111111111111a1111111111111111111a111111111
20507,harshil,111
20508,harshil,111111111111111111111111111111111111111111@1111111111111111111111111111a1111111111111111111a111111111
20509,harshil,1
20510,harshil,1
20511,harshil,1
20512,harshil,111111111111111111111111111111111111111111@1111111111111111111111111111a1111111111111111111a111111111
20513,harshil,111
20514,harshil,111111111111111111111111111111111111111111@1111111111111111111111111111a1111111111111111111a111111111
20515,harshil,1
20516,harshil,1
20517,harshil,1
20518,harshil,111111111111111111111111111111111111111111@1111111111111111111111111111a1111111111111111111a111111111
20519,harshil,111
20520,harshil,111111111111111111111111111111111111111111@1111111111111111111111111111a1111111111111111111a111111111
20521,harshil,1
20522,harshil,1
20523,harshil,1
20524,harshil,111111111111111111111111111111111111111111@1111111111111111111111111111a1111111111111111111a111111111
20525,harshil,111
20526,harshil,111111111111111111111111111111111111111111@1111111111111111111111111111a1111111111111111111a111111111
20527,harshil,1
20528,harshil,1
20529,harshil,1
20530,harshil,111111111111111111111111111111111111111111@1111111111111111111111111111a1111111111111111111a111111111
20531,harshil,111
20532,harshil,111111111111111111111111111111111111111111@1111111111111111111111111111a1111111111111111111a111111111
20533,harshil,1
20534,harshil,1
20535,harshil,1
20536,harshil,111111111111111111111111111111111111111111@1111111111111111111111111111a1111111111111111111a111111111
20537,harshil,111
20538,harshil,111111111111111111111111111111111111111111@1111111111111111111111111111a1111111111111111111a111111111
20539,harshil,1
20540,harshil,1
20541,harshil,1
20542,harshil,111111111111111111111111111111111111111111@1111111111111111111111111111a1111111111111111111a111111111
20543,harshil,111
20544,harshil,111111111111111111111111111111111111111111@1111111111111111111111111111a1111111111111111111a111111111
20545,harshil,1
20546,harshil,1
20547,harshil,1
20548,harshil,111111111111111111111111111111111111111111@1111111111111111111111111111a1111111111111111111a111111111
20549,harshil,111
20550,harshil,111111111111111111111111111111111111111111@1111111111111111111111111111a1111111111111111111a111111111
20551,harshil,1
20552,harshil,1
20553,harshil,1
20554,harshil,111111111111111111111111111111111111111111@1111111111111111111111111111a1111111111111111111a111111111
20555,harshil,111
20556,harshil,111111111111111111111111111111111111111111@1111111111111111111111111111a1111111111111111111a111111111
20557,harshil,1
20558,harshil,1
20559,harshil,1
20560,harshil,111111111111111111111111111111111111111111@1111111111111111111111111111a1111111111111111111a111111111
20561,harshil,111
20562,harshil,111111111111111111111111111111111111111111@1111111111111111111111111111a1111111111111111111a111111111
20563,harshil,1
20564,harshil,1
20565,harshil,1
20566,harshil,111111111111111111111111111111111111111111@1111111111111111111111111111a1111111111111111111a111111111
20567,harshil,111
20568,harshil,111111111111111111111111111111111111111111@1111111111111111111111111111a1111111111111111111a111111111
20569,harshil,1
20570,harshil,1
20571,harshil,1
20572,harshil,111111111111111111111111111111111111111111@1111111111111111111111111111a1111111111111111111a111111111
20573,harshil,111
20574,harshil,111111111111111111111111111111111111111111@1111111111111111111111111111a1111111111111111111a111111111
20575,harshil,1
20576,harshil,1
20577,harshil,1
20578,harshil,111111111111111111111111111111111111111111@1111111111111111111111111111a1111111111111111111a111111111
20579,harshil,111
20580,harshil,111111111111111111111111111111111111111111@1111111111111111111111111111a1111111111111111111a111111111
20581,harshil,1
20582,harshil,1
20583,harshil,1
20584,harshil,111111111111111111111111111111111111111111@1111111111111111111111111111a1111111111111111111a111111111
20585,harshil,111
20586,harshil,111111111111111111111111111111111111111111@1111111111111111111111111111a1111111111111111111a111111111
20587,harshil,1
20588,harshil,1
20589,harshil,1
20590,harshil,111111111111111111111111111111111111111111@1111111111111111111111111111a1111111111111111111a111111111
20591,harshil,111
20592,harshil,111111111111111111111111111111111111111111@1111111111111111111111111111a1111111111111111111a111111111
20593,harshil,1
20594,harshil,1
20595,harshil,1
20596,harshil,111111111111111111111111111111111111111111@1111111111111111111111111111a1111111111111111111a111111111
20597,harshil,111
20598,harshil,111111111111111111111111111111111111111111@1111111111111111111111111111a1111111111111111111a111111111
20599,harshil,1
20600,harshil,1
20601,harshil,1
20602,harshil,111111111111111111111111111111111111111111@1111111111111111111111111111a1111111111111111111a111111111
20603,harshil,111
20604,harshil,111111111111111111111111111111111111111111@1111111111111111111111111111a1111111111111111111a111111111
20605,harshil,1
20606,harshil,1
20607,harshil,1
20608,harshil,111111111111111111111111111111111111111111@1111111111111111111111111111a1111111111111111111a111111111
20609,harshil,111
20610,harshil,111111111111111111111111111111111111111111@1111111111111111111111111111a1111111111111111111a111111111
20611,harshil,1
20612,harshil,1
20613,harshil,1
20614,harshil,111111111111111111111111111111111111111111@1111111111111111111111111111a1111111111111111111a111111111
20615,harshil,111
20616,harshil,111111111111111111111111111111111111111111@1111111111111111111111111111a1111111111111111111a111111111
20617,harshil,1
20618,harshil,1
20619,harshil,1
20620,harshil,111111111111111111111111111111111111111111@1111111111111111111111111111a1111111111111111111a111111111
20621,harshil,111
20622,harshil,111111111111111111111111111111111111111111@1111111111111111111111111111a1111111111111111111a111111111
20623,harshil,1
20624,harshil,1
20625,harshil,1
20626,harshil,111111111111111111111111111111111111111111@1111111111111111111111111111a1111111111111111111a111111111
20627,harshil,111
20628,harshil,111111111111111111111111111111111111111111@1111111111111111111111111111a1111111111111111111a111111111
20629,harshil,1
20630,harshil,1
20631,harshil,1
20632,harshil,111111111111111111111111111111111111111111@1111111111111111111111111111a1111111111111111111a111111111
20633,harshil,111
20634,harshil,111111111111111111111111111111111111111111@1111111111111111111111111111a1111111111111111111a111111111
20635,harshil,1
20636,harshil,1
20637,harshil,1
20638,harshil,111111111111111111111111111111111111111111@1111111111111111111111111111a1111111111111111111a111111111
20639,harshil,111
20640,harshil,111111111111111111111111111111111111111111@1111111111111111111111111111a1111111111111111111a111111111
20641,harshil,1
20642,harshil,1
20643,harshil,1
20644,harshil,111111111111111111111111111111111111111111@1111111111111111111111111111a1111111111111111111a111111111
20645,harshil,111
20646,harshil,111111111111111111111111111111111111111111@1111111111111111111111111111a1111111111111111111a111111111
20647,harshil,1
20648,harshil,1
20649,harshil,1
20650,harshil,111111111111111111111111111111111111111111@1111111111111111111111111111a1111111111111111111a111111111
20651,harshil,111
20652,harshil,111111111111111111111111111111111111111111@1111111111111111111111111111a1111111111111111111a111111111
20653,harshil,1
20654,harshil,1
20655,harshil,1
20656,harshil,111111111111111111111111111111111111111111@1111111111111111111111111111a1111111111111111111a111111111
20657,harshil,111
20658,harshil,111111111111111111111111111111111111111111@1111111111111111111111111111a1111111111111111111a111111111
20659,harshil,1
20660,harshil,1
20661,harshil,1
20662,harshil,111111111111111111111111111111111111111111@1111111111111111111111111111a1111111111111111111a111111111
20663,harshil,111
20664,harshil,111111111111111111111111111111111111111111@1111111111111111111111111111a1111111111111111111a111111111
20665,harshil,1
20666,harshil,1
20667,harshil,1
20668,harshil,111111111111111111111111111111111111111111@1111111111111111111111111111a1111111111111111111a111111111
20669,harshil,111
20670,harshil,111111111111111111111111111111111111111111@1111111111111111111111111111a1111111111111111111a111111111
20671,harshil,1
20672,harshil,1
20673,harshil,1
20674,harshil,111111111111111111111111111111111111111111@1111111111111111111111111111a1111111111111111111a111111111
20675,harshil,111
20676,harshil,111111111111111111111111111111111111111111@1111111111111111111111111111a1111111111111111111a111111111
20677,harshil,1
20678,harshil,1
20679,harshil,1
20680,harshil,111111111111111111111111111111111111111111@1111111111111111111111111111a1111111111111111111a111111111
20681,harshil,111
20682,harshil,111111111111111111111111111111111111111111@1111111111111111111111111111a1111111111111111111a111111111
20683,harshil,1
20684,harshil,1
20685,harshil,1
20686,harshil,111111111111111111111111111111111111111111@1111111111111111111111111111a1111111111111111111a111111111
20687,harshil,111
20688,harshil,111111111111111111111111111111111111111111@1111111111111111111111111111a1111111111111111111a111111111
20689,harshil,1
20690,harshil,1
20691,harshil,1
20692,harshil,111111111111111111111111111111111111111111@1111111111111111111111111111a1111111111111111111a111111111
20693,harshil,111
20694,harshil,111111111111111111111111111111111111111111@1111111111111111111111111111a1111111111111111111a111111111
20695,harshil,1
20696,harshil,1
20697,harshil,1
20698,harshil,111111111111111111111111111111111111111111@1111111111111111111111111111a1111111111111111111a111111111
20699,harshil,111
20700,harshil,111111111111111111111111111111111111111111@1111111111111111111111111111a1111111111111111111a111111111
20701,harshil,1
20702,harshil,1
20703,harshil,1
20704,harshil,111111111111111111111111111111111111111111@1111111111111111111111111111a1111111111111111111a111111111
20705,harshil,111
20706,harshil,111111111111111111111111111111111111111111@1111111111111111111111111111a1111111111111111111a111111111
20707,harshil,1
20708,harshil,1
20709,harshil,1
20710,harshil,111111111111111111111111111111111111111111@1111111111111111111111111111a1111111111111111111a111111111
20711,harshil,111
20712,harshil,111111111111111111111111111111111111111111@1111111111111111111111111111a1111111111111111111a111111111
20713,harshil,1
20714,harshil,1
20715,harshil,1
20716,harshil,111111111111111111111111111111111111111111@1111111111111111111111111111a1111111111111111111a111111111
20717,harshil,111
20718,harshil,111111111111111111111111111111111111111111@1111111111111111111111111111a1111111111111111111a111111111
20719,harshil,1
20720,harshil,1
20721,harshil,1
20722,harshil,111111111111111111111111111111111111111111@1111111111111111111111111111a1111111111111111111a111111111
20723,harshil,111
20724,harshil,111111111111111111111111111111111111111111@1111111111111111111111111111a1111111111111111111a111111111
20725,harshil,1
20726,harshil,1
20727,harshil,1
20728,harshil,111111111111111111111111111111111111111111@1111111111111111111111111111a1111111111111111111a111111111
20729,harshil,111
20730,harshil,111111111111111111111111111111111111111111@1111111111111111111111111111a1111111111111111111a111111111
20731,harshil,1
20732,harshil,1
20733,harshil,1
20734,harshil,111111111111111111111111111111111111111111@1111111111111111111111111111a1111111111111111111a111111111
20735,harshil,111
20736,harshil,111111111111111111111111111111111111111111@1111111111111111111111111111a1111111111111111111a111111111
20737,harshil,1
20738,harshil,1
20739,harshil,1
20740,harshil,111111111111111111111111111111111111111111@1111111111111111111111111111a1111111111111111111a111111111
20741,harshil,111
20742,harshil,111111111111111111111111111111111111111111@1111111111111111111111111111a1111111111111111111a111111111
20743,harshil,1
20744,harshil,1
20745,harshil,1
20746,harshil,111111111111111111111111111111111111111111@1111111111111111111111111111a1111111111111111111a111111111
20747,harshil,111
20748,harshil,111111111111111111111111111111111111111111@1111111111111111111111111111a1111111111111111111a111111111
20749,harshil,1
20750,harshil,1
20751,harshil,1
20752,harshil,111111111111111111111111111111111111111111@1111111111111111111111111111a1111111111111111111a111111111
20753,harshil,111
20754,harshil,111111111111111111111111111111111111111111@1111111111111111111111111111a1111111111111111111a111111111
20755,harshil,1
20756,harshil,1
20757,harshil,1
20758,harshil,111111111111111111111111111111111111111111@1111111111111111111111111111a1111111111111111111a111111111
20759,harshil,111
20760,harshil,111111111111111111111111111111111111111111@1111111111111111111111111111a1111111111111111111a111111111
20761,harshil,1
20762,harshil,1
20763,harshil,1
20764,harshil,111111111111111111111111111111111111111111@1111111111111111111111111111a1111111111111111111a111111111
20765,harshil,111
20766,harshil,111111111111111111111111111111111111111111@1111111111111111111111111111a1111111111111111111a111111111
20767,harshil,1
20768,harshil,1
20769,harshil,1
20770,harshil,111111111111111111111111111111111111111111@1111111111111111111111111111a1111111111111111111a111111111
20771,harshil,111
20772,harshil,111111111111111111111111111111111111111111@1111111111111111111111111111a1111111111111111111a111111111
20773,harshil,1
20774,harshil,1
20775,harshil,1
20776,harshil,111111111111111111111111111111111111111111@1111111111111111111111111111a1111111111111111111a111111111
20777,harshil,111
20778,harshil,111111111111111111111111111111111111111111@1111111111111111111111111111a1111111111111111111a111111111
20779,harshil,1
20780,harshil,1
20781,harshil,1
20782,harshil,111111111111111111111111111111111111111111@1111111111111111111111111111a1111111111111111111a111111111
20783,harshil,111
20784,harshil,111111111111111111111111111111111111111111@1111111111111111111111111111a1111111111111111111a111111111
20785,harshil,1
20786,harshil,1
20787,harshil,1
20788,harshil,111111111111111111111111111111111111111111@1111111111111111111111111111a1111111111111111111a111111111
20789,harshil,111
20790,harshil,111111111111111111111111111111111111111111@1111111111111111111111111111a1111111111111111111a111111111
20791,harshil,1
20792,harshil,1
20793,harshil,1
20794,harshil,111111111111111111111111111111111111111111@1111111111111111111111111111a1111111111111111111a111111111
20795,harshil,111
20796,harshil,111111111111111111111111111111111111111111@1111111111111111111111111111a1111111111111111111a111111111
20797,harshil,1
20798,harshil,1
20799,harshil,1
20800,harshil,111111111111111111111111111111111111111111@1111111111111111111111111111a1111111111111111111a111111111
20801,harshil,111
20802,harshil,111111111111111111111111111111111111111111@1111111111111111111111111111a1111111111111111111a111111111
20803,harshil,1
20804,harshil,1
20805,harshil,1
20806,harshil,111111111111111111111111111111111111111111@1111111111111111111111111111a1111111111111111111a111111111
20807,harshil,111
20808,harshil,111111111111111111111111111111111111111111@1111111111111111111111111111a1111111111111111111a111111111
20809,harshil,1
20810,harshil,1
20811,harshil,1
20812,harshil,111111111111111111111111111111111111111111@1111111111111111111111111111a1111111111111111111a111111111
20813,harshil,111
20814,harshil,111111111111111111111111111111111111111111@1111111111111111111111111111a1111111111111111111a111111111
20815,harshil,1
20816,harshil,1
20817,harshil,1
20818,harshil,111111111111111111111111111111111111111111@1111111111111111111111111111a1111111111111111111a111111111
20819,harshil,111
20820,harshil,111111111111111111111111111111111111111111@1111111111111111111111111111a1111111111111111111a111111111
20821,harshil,1
20822,harshil,1
20823,harshil,1
20824,harshil,111111111111111111111111111111111111111111@1111111111111111111111111111a1111111111111111111a111111111
20825,harshil,111
20826,harshil,111111111111111111111111111111111111111111@1111111111111111111111111111a1111111111111111111a111111111
20827,harshil,1
20828,harshil,1
20829,harshil,1
20830,harshil,111111111111111111111111111111111111111111@1111111111111111111111111111a1111111111111111111a111111111
20831,harshil,111
20832,harshil,111111111111111111111111111111111111111111@1111111111111111111111111111a1111111111111111111a111111111
20833,harshil,1
20834,harshil,1
20835,harshil,1
20836,harshil,111111111111111111111111111111111111111111@1111111111111111111111111111a1111111111111111111a111111111
20837,harshil,111
20838,harshil,111111111111111111111111111111111111111111@1111111111111111111111111111a1111111111111111111a111111111
20839,harshil,1
20840,harshil,1
20841,harshil,1
20842,harshil,111111111111111111111111111111111111111111@1111111111111111111111111111a1111111111111111111a111111111
20843,harshil,111
20844,harshil,111111111111111111111111111111111111111111@1111111111111111111111111111a1111111111111111111a111111111
20845,harshil,1
20846,harshil,1
20847,harshil,1
20848,harshil,111111111111111111111111111111111111111111@1111111111111111111111111111a1111111111111111111a111111111
20849,harshil,111
20850,harshil,111111111111111111111111111111111111111111@1111111111111111111111111111a1111111111111111111a111111111
20851,harshil,1
20852,harshil,1
20853,harshil,1
20854,harshil,111111111111111111111111111111111111111111@1111111111111111111111111111a1111111111111111111a111111111
20855,harshil,111
20856,harshil,111111111111111111111111111111111111111111@1111111111111111111111111111a1111111111111111111a111111111
20857,harshil,1
20858,harshil,1
20859,harshil,1
20860,harshil,111111111111111111111111111111111111111111@1111111111111111111111111111a1111111111111111111a111111111
20861,harshil,111
20862,harshil,111111111111111111111111111111111111111111@1111111111111111111111111111a1111111111111111111a111111111
20863,harshil,1
20864,harshil,1
20865,harshil,1
20866,harshil,111111111111111111111111111111111111111111@1111111111111111111111111111a1111111111111111111a111111111
20867,harshil,111
20868,harshil,111111111111111111111111111111111111111111@1111111111111111111111111111a1111111111111111111a111111111
20869,harshil,1
20870,harshil,1
20871,harshil,1
20872,harshil,111111111111111111111111111111111111111111@1111111111111111111111111111a1111111111111111111a111111111
20873,harshil,111
20874,harshil,111111111111111111111111111111111111111111@1111111111111111111111111111a1111111111111111111a111111111
20875,harshil,1
20876,harshil,1
20877,harshil,1
20878,harshil,111111111111111111111111111111111111111111@1111111111111111111111111111a1111111111111111111a111111111
20879,harshil,111
20880,harshil,111111111111111111111111111111111111111111@1111111111111111111111111111a1111111111111111111a111111111
20881,harshil,1
20882,harshil,1
20883,harshil,1
20884,harshil,111111111111111111111111111111111111111111@1111111111111111111111111111a1111111111111111111a111111111
20885,harshil,111
20886,harshil,111111111111111111111111111111111111111111@1111111111111111111111111111a1111111111111111111a111111111
20887,harshil,1
20888,harshil,1
20889,harshil,1
20890,harshil,111111111111111111111111111111111111111111@1111111111111111111111111111a1111111111111111111a111111111
20891,harshil,111
20892,harshil,111111111111111111111111111111111111111111@1111111111111111111111111111a1111111111111111111a111111111
20893,harshil,1
20894,harshil,1
20895,harshil,1
20896,harshil,111111111111111111111111111111111111111111@1111111111111111111111111111a1111111111111111111a111111111
20897,harshil,111
20898,harshil,111111111111111111111111111111111111111111@1111111111111111111111111111a1111111111111111111a111111111
20899,harshil,1
20900,harshil,1
20901,harshil,1
20902,harshil,111111111111111111111111111111111111111111@1111111111111111111111111111a1111111111111111111a111111111
20903,harshil,111
20904,harshil,111111111111111111111111111111111111111111@1111111111111111111111111111a1111111111111111111a111111111
20905,harshil,1
20906,harshil,1
20907,harshil,1
20908,harshil,111111111111111111111111111111111111111111@1111111111111111111111111111a1111111111111111111a111111111
20909,harshil,111
20910,harshil,111111111111111111111111111111111111111111@1111111111111111111111111111a1111111111111111111a111111111
20911,harshil,1
20912,harshil,1
20913,harshil,1
20914,harshil,111111111111111111111111111111111111111111@1111111111111111111111111111a1111111111111111111a111111111
20915,harshil,111
20916,harshil,111111111111111111111111111111111111111111@1111111111111111111111111111a1111111111111111111a111111111
20917,harshil,1
20918,harshil,1
20919,harshil,1
20920,harshil,111111111111111111111111111111111111111111@1111111111111111111111111111a1111111111111111111a111111111
20921,harshil,111
20922,harshil,111111111111111111111111111111111111111111@1111111111111111111111111111a1111111111111111111a111111111
20923,harshil,1
20924,harshil,1
20925,harshil,1
20926,harshil,111111111111111111111111111111111111111111@1111111111111111111111111111a1111111111111111111a111111111
20927,harshil,111
20928,harshil,111111111111111111111111111111111111111111@1111111111111111111111111111a1111111111111111111a111111111
20929,harshil,1
20930,harshil,1
20931,harshil,1
20932,harshil,111111111111111111111111111111111111111111@1111111111111111111111111111a1111111111111111111a111111111
20933,harshil,111
20934,harshil,111111111111111111111111111111111111111111@1111111111111111111111111111a1111111111111111111a111111111
20935,harshil,1
20936,harshil,1
20937,harshil,1
20938,harshil,111111111111111111111111111111111111111111@1111111111111111111111111111a1111111111111111111a111111111
20939,harshil,111
20940,harshil,111111111111111111111111111111111111111111@1111111111111111111111111111a1111111111111111111a111111111
20941,harshil,1
20942,harshil,1
20943,harshil,1
20944,harshil,111111111111111111111111111111111111111111@1111111111111111111111111111a1111111111111111111a111111111
20945,harshil,111
20946,harshil,111111111111111111111111111111111111111111@1111111111111111111111111111a1111111111111111111a111111111
20947,harshil,1
20948,harshil,1
20949,harshil,1
20950,harshil,111111111111111111111111111111111111111111@1111111111111111111111111111a1111111111111111111a111111111
20951,harshil,111
20952,harshil,111111111111111111111111111111111111111111@1111111111111111111111111111a1111111111111111111a111111111
20953,harshil,1
20954,harshil,1
20955,harshil,1
20956,harshil,111111111111111111111111111111111111111111@1111111111111111111111111111a1111111111111111111a111111111
20957,harshil,111
20958,harshil,111111111111111111111111111111111111111111@1111111111111111111111111111a1111111111111111111a111111111
20959,harshil,1
20960,harshil,1
20961,harshil,1
20962,harshil,111111111111111111111111111111111111111111@1111111111111111111111111111a1111111111111111111a111111111
20963,harshil,111
20964,harshil,111111111111111111111111111111111111111111@1111111111111111111111111111a1111111111111111111a111111111
20965,harshil,1
20966,harshil,1
20967,harshil,1
20968,harshil,111111111111111111111111111111111111111111@1111111111111111111111111111a1111111111111111111a111111111
20969,harshil,111
20970,harshil,111111111111111111111111111111111111111111@1111111111111111111111111111a1111111111111111111a111111111
20971,harshil,1
20972,harshil,1
20973,harshil,1
20974,harshil,111111111111111111111111111111111111111111@1111111111111111111111111111a1111111111111111111a111111111
20975,harshil,111
20976,harshil,111111111111111111111111111111111111111111@1111111111111111111111111111a1111111111111111111a111111111
20977,harshil,1
20978,harshil,1
20979,harshil,1
20980,harshil,111111111111111111111111111111111111111111@1111111111111111111111111111a1111111111111111111a111111111
20981,harshil,111
20982,harshil,111111111111111111111111111111111111111111@1111111111111111111111111111a1111111111111111111a111111111
20983,harshil,1
20984,harshil,1
20985,harshil,1
20986,harshil,111111111111111111111111111111111111111111@1111111111111111111111111111a1111111111111111111a111111111
20987,harshil,111
20988,harshil,111111111111111111111111111111111111111111@1111111111111111111111111111a1111111111111111111a111111111
20989,harshil,1
20990,harshil,1
20991,harshil,1
20992,harshil,111111111111111111111111111111111111111111@1111111111111111111111111111a1111111111111111111a111111111
20993,harshil,111
20994,harshil,111111111111111111111111111111111111111111@1111111111111111111111111111a1111111111111111111a111111111
20995,harshil,1
20996,harshil,1
20997,harshil,1
20998,harshil,111111111111111111111111111111111111111111@1111111111111111111111111111a1111111111111111111a111111111
20999,harshil,111
21000,harshil,111111111111111111111111111111111111111111@1111111111111111111111111111a1111111111111111111a111111111
21001,harshil,1
21002,harshil,1
21003,harshil,1
21004,harshil,111111111111111111111111111111111111111111@1111111111111111111111111111a1111111111111111111a111111111
21005,harshil,111
21006,harshil,111111111111111111111111111111111111111111@1111111111111111111111111111a1111111111111111111a111111111
21007,harshil,1
21008,harshil,1
21009,harshil,1
21010,harshil,111111111111111111111111111111111111111111@1111111111111111111111111111a1111111111111111111a111111111
21011,harshil,111
21012,harshil,111111111111111111111111111111111111111111@1111111111111111111111111111a1111111111111111111a111111111
21013,harshil,1
21014,harshil,1
21015,harshil,1
21016,harshil,111111111111111111111111111111111111111111@1111111111111111111111111111a1111111111111111111a111111111
21017,harshil,111
21018,harshil,111111111111111111111111111111111111111111@1111111111111111111111111111a1111111111111111111a111111111
21019,harshil,1
21020,harshil,1
21021,harshil,1
21022,harshil,111111111111111111111111111111111111111111@1111111111111111111111111111a1111111111111111111a111111111
21023,harshil,111
21024,harshil,111111111111111111111111111111111111111111@1111111111111111111111111111a1111111111111111111a111111111
21025,harshil,1
21026,harshil,1
21027,harshil,1
21028,harshil,111111111111111111111111111111111111111111@1111111111111111111111111111a1111111111111111111a111111111
21029,harshil,111
21030,harshil,111111111111111111111111111111111111111111@1111111111111111111111111111a1111111111111111111a111111111
21031,harshil,1
21032,harshil,1
21033,harshil,1
21034,harshil,111111111111111111111111111111111111111111@1111111111111111111111111111a1111111111111111111a111111111
21035,harshil,111
21036,harshil,111111111111111111111111111111111111111111@1111111111111111111111111111a1111111111111111111a111111111
21037,harshil,1
21038,harshil,1
21039,harshil,1
21040,harshil,111111111111111111111111111111111111111111@1111111111111111111111111111a1111111111111111111a111111111
21041,harshil,111
21042,harshil,111111111111111111111111111111111111111111@1111111111111111111111111111a1111111111111111111a111111111
21043,harshil,1
21044,harshil,1
21045,harshil,1
21046,harshil,111111111111111111111111111111111111111111@1111111111111111111111111111a1111111111111111111a111111111
21047,harshil,111
21048,harshil,111111111111111111111111111111111111111111@1111111111111111111111111111a1111111111111111111a111111111
21049,harshil,1
21050,harshil,1
21051,harshil,1
21052,harshil,111111111111111111111111111111111111111111@1111111111111111111111111111a1111111111111111111a111111111
21053,harshil,111
21054,harshil,111111111111111111111111111111111111111111@1111111111111111111111111111a1111111111111111111a111111111
21055,harshil,1
21056,harshil,1
21057,harshil,1
21058,harshil,111111111111111111111111111111111111111111@1111111111111111111111111111a1111111111111111111a111111111
21059,harshil,111
21060,harshil,111111111111111111111111111111111111111111@1111111111111111111111111111a1111111111111111111a111111111
21061,harshil,1
21062,harshil,1
21063,harshil,1
21064,harshil,111111111111111111111111111111111111111111@1111111111111111111111111111a1111111111111111111a111111111
21065,harshil,111
21066,harshil,111111111111111111111111111111111111111111@1111111111111111111111111111a1111111111111111111a111111111
21067,harshil,1
21068,harshil,1
21069,harshil,1
21070,harshil,111111111111111111111111111111111111111111@1111111111111111111111111111a1111111111111111111a111111111
21071,harshil,111
21072,harshil,111111111111111111111111111111111111111111@1111111111111111111111111111a1111111111111111111a111111111
21073,harshil,1
21074,harshil,1
21075,harshil,1
21076,harshil,111111111111111111111111111111111111111111@1111111111111111111111111111a1111111111111111111a111111111
21077,harshil,111
21078,harshil,111111111111111111111111111111111111111111@1111111111111111111111111111a1111111111111111111a111111111
21079,harshil,1
21080,harshil,1
21081,harshil,1
21082,harshil,111111111111111111111111111111111111111111@1111111111111111111111111111a1111111111111111111a111111111
21083,harshil,111
21084,harshil,111111111111111111111111111111111111111111@1111111111111111111111111111a1111111111111111111a111111111
21085,harshil,1
21086,harshil,1
21087,harshil,1
21088,harshil,111111111111111111111111111111111111111111@1111111111111111111111111111a1111111111111111111a111111111
21089,harshil,111
21090,harshil,111111111111111111111111111111111111111111@1111111111111111111111111111a1111111111111111111a111111111
21091,harshil,1
21092,harshil,1
21093,harshil,1
21094,harshil,111111111111111111111111111111111111111111@1111111111111111111111111111a1111111111111111111a111111111
21095,harshil,111
21096,harshil,111111111111111111111111111111111111111111@1111111111111111111111111111a1111111111111111111a111111111
21097,harshil,1
21098,harshil,1
21099,harshil,1
21100,harshil,111111111111111111111111111111111111111111@1111111111111111111111111111a1111111111111111111a111111111
21101,harshil,111
21102,harshil,111111111111111111111111111111111111111111@1111111111111111111111111111a1111111111111111111a111111111
21103,harshil,1
21104,harshil,1
21105,harshil,1
21106,harshil,111111111111111111111111111111111111111111@1111111111111111111111111111a1111111111111111111a111111111
21107,harshil,111
21108,harshil,111111111111111111111111111111111111111111@1111111111111111111111111111a1111111111111111111a111111111
21109,harshil,1
21110,harshil,1
21111,harshil,1
21112,harshil,111111111111111111111111111111111111111111@1111111111111111111111111111a1111111111111111111a111111111
21113,harshil,111
21114,harshil,111111111111111111111111111111111111111111@1111111111111111111111111111a1111111111111111111a111111111
21115,harshil,1
21116,harshil,1
21117,harshil,1
21118,harshil,111111111111111111111111111111111111111111@1111111111111111111111111111a1111111111111111111a111111111
21119,harshil,111
21120,harshil,111111111111111111111111111111111111111111@1111111111111111111111111111a1111111111111111111a111111111
21121,harshil,1
21122,harshil,1
21123,harshil,1
21124,harshil,111111111111111111111111111111111111111111@1111111111111111111111111111a1111111111111111111a111111111
21125,harshil,111
21126,harshil,111111111111111111111111111111111111111111@1111111111111111111111111111a1111111111111111111a111111111
21127,harshil,1
21128,harshil,1
21129,harshil,1
21130,harshil,111111111111111111111111111111111111111111@1111111111111111111111111111a1111111111111111111a111111111
21131,harshil,111
21132,harshil,111111111111111111111111111111111111111111@1111111111111111111111111111a1111111111111111111a111111111
21133,harshil,1
21134,harshil,1
21135,harshil,1
21136,harshil,111111111111111111111111111111111111111111@1111111111111111111111111111a1111111111111111111a111111111
21137,harshil,111
21138,harshil,111111111111111111111111111111111111111111@1111111111111111111111111111a1111111111111111111a111111111
21139,harshil,1
21140,harshil,1
21141,harshil,1
21142,harshil,111111111111111111111111111111111111111111@1111111111111111111111111111a1111111111111111111a111111111
21143,harshil,111
21144,harshil,111111111111111111111111111111111111111111@1111111111111111111111111111a1111111111111111111a111111111
21145,harshil,1
21146,harshil,1
21147,harshil,1
21148,harshil,111111111111111111111111111111111111111111@1111111111111111111111111111a1111111111111111111a111111111
21149,harshil,111
21150,harshil,111111111111111111111111111111111111111111@1111111111111111111111111111a1111111111111111111a111111111
21151,harshil,1
21152,harshil,1
21153,harshil,1
21154,harshil,111111111111111111111111111111111111111111@1111111111111111111111111111a1111111111111111111a111111111
21155,harshil,111
21156,harshil,111111111111111111111111111111111111111111@1111111111111111111111111111a1111111111111111111a111111111
21157,harshil,1
21158,harshil,1
21159,harshil,1
21160,harshil,111111111111111111111111111111111111111111@1111111111111111111111111111a1111111111111111111a111111111
21161,harshil,111
21162,harshil,111111111111111111111111111111111111111111@1111111111111111111111111111a1111111111111111111a111111111
21163,harshil,1
21164,harshil,1
21165,harshil,1
21166,harshil,111111111111111111111111111111111111111111@1111111111111111111111111111a1111111111111111111a111111111
21167,harshil,111
21168,harshil,111111111111111111111111111111111111111111@1111111111111111111111111111a1111111111111111111a111111111
21169,harshil,1
21170,harshil,1
21171,harshil,1
21172,harshil,111111111111111111111111111111111111111111@1111111111111111111111111111a1111111111111111111a111111111
21173,harshil,111
21174,harshil,111111111111111111111111111111111111111111@1111111111111111111111111111a1111111111111111111a111111111
21175,harshil,1
21176,harshil,1
21177,harshil,1
21178,harshil,111111111111111111111111111111111111111111@1111111111111111111111111111a1111111111111111111a111111111
21179,harshil,111
21180,harshil,111111111111111111111111111111111111111111@1111111111111111111111111111a1111111111111111111a111111111
21181,harshil,1
21182,harshil,1
21183,harshil,1
21184,harshil,111111111111111111111111111111111111111111@1111111111111111111111111111a1111111111111111111a111111111
21185,harshil,111
21186,harshil,111111111111111111111111111111111111111111@1111111111111111111111111111a1111111111111111111a111111111
21187,harshil,1
21188,harshil,1
21189,harshil,1
21190,harshil,111111111111111111111111111111111111111111@1111111111111111111111111111a1111111111111111111a111111111
21191,harshil,111
21192,harshil,111111111111111111111111111111111111111111@1111111111111111111111111111a1111111111111111111a111111111
21193,harshil,1
21194,harshil,1
21195,harshil,1
21196,harshil,111111111111111111111111111111111111111111@1111111111111111111111111111a1111111111111111111a111111111
21197,harshil,111
21198,harshil,111111111111111111111111111111111111111111@1111111111111111111111111111a1111111111111111111a111111111
21199,harshil,1
21200,harshil,1
21201,harshil,1
21202,harshil,111111111111111111111111111111111111111111@1111111111111111111111111111a1111111111111111111a111111111
21203,harshil,111
21204,harshil,111111111111111111111111111111111111111111@1111111111111111111111111111a1111111111111111111a111111111
21205,harshil,1
21206,harshil,1
21207,harshil,1
21208,harshil,111111111111111111111111111111111111111111@1111111111111111111111111111a1111111111111111111a111111111
21209,harshil,111
21210,harshil,111111111111111111111111111111111111111111@1111111111111111111111111111a1111111111111111111a111111111
21211,harshil,1
21212,harshil,1
21213,harshil,1
21214,harshil,111111111111111111111111111111111111111111@1111111111111111111111111111a1111111111111111111a111111111
21215,harshil,111
21216,harshil,111111111111111111111111111111111111111111@1111111111111111111111111111a1111111111111111111a111111111
21217,harshil,1
21218,harshil,1
21219,harshil,1
21220,harshil,111111111111111111111111111111111111111111@1111111111111111111111111111a1111111111111111111a111111111
21221,harshil,111
21222,harshil,111111111111111111111111111111111111111111@1111111111111111111111111111a1111111111111111111a111111111
21223,harshil,1
21224,harshil,1
21225,harshil,1
21226,harshil,111111111111111111111111111111111111111111@1111111111111111111111111111a1111111111111111111a111111111
21227,harshil,111
21228,harshil,111111111111111111111111111111111111111111@1111111111111111111111111111a1111111111111111111a111111111
21229,harshil,1
21230,harshil,1
21231,harshil,1
21232,harshil,111111111111111111111111111111111111111111@1111111111111111111111111111a1111111111111111111a111111111
21233,harshil,111
21234,harshil,111111111111111111111111111111111111111111@1111111111111111111111111111a1111111111111111111a111111111
21235,harshil,1
21236,harshil,1
21237,harshil,1
21238,harshil,111111111111111111111111111111111111111111@1111111111111111111111111111a1111111111111111111a111111111
21239,harshil,111
21240,harshil,111111111111111111111111111111111111111111@1111111111111111111111111111a1111111111111111111a111111111
21241,harshil,1
21242,harshil,1
21243,harshil,1
21244,harshil,111111111111111111111111111111111111111111@1111111111111111111111111111a1111111111111111111a111111111
21245,harshil,111
21246,harshil,111111111111111111111111111111111111111111@1111111111111111111111111111a1111111111111111111a111111111
21247,harshil,1
21248,harshil,1
21249,harshil,1
21250,harshil,111111111111111111111111111111111111111111@1111111111111111111111111111a1111111111111111111a111111111
21251,harshil,111
21252,harshil,111111111111111111111111111111111111111111@1111111111111111111111111111a1111111111111111111a111111111
21253,harshil,1
21254,harshil,1
21255,harshil,1
21256,harshil,111111111111111111111111111111111111111111@1111111111111111111111111111a1111111111111111111a111111111
21257,harshil,111
21258,harshil,111111111111111111111111111111111111111111@1111111111111111111111111111a1111111111111111111a111111111
21259,harshil,1
21260,harshil,1
21261,harshil,1
21262,harshil,111111111111111111111111111111111111111111@1111111111111111111111111111a1111111111111111111a111111111
21263,harshil,111
21264,harshil,111111111111111111111111111111111111111111@1111111111111111111111111111a1111111111111111111a111111111
21265,harshil,1
21266,harshil,1
21267,harshil,1
21268,harshil,111111111111111111111111111111111111111111@1111111111111111111111111111a1111111111111111111a111111111
21269,harshil,111
21270,harshil,111111111111111111111111111111111111111111@1111111111111111111111111111a1111111111111111111a111111111
21271,harshil,1
21272,harshil,1
21273,harshil,1
21274,harshil,111111111111111111111111111111111111111111@1111111111111111111111111111a1111111111111111111a111111111
21275,harshil,111
21276,harshil,111111111111111111111111111111111111111111@1111111111111111111111111111a1111111111111111111a111111111
21277,harshil,1
21278,harshil,1
21279,harshil,1
21280,harshil,111111111111111111111111111111111111111111@1111111111111111111111111111a1111111111111111111a111111111
21281,harshil,111
21282,harshil,111111111111111111111111111111111111111111@1111111111111111111111111111a1111111111111111111a111111111
21283,harshil,1
21284,harshil,1
21285,harshil,1
21286,harshil,111111111111111111111111111111111111111111@1111111111111111111111111111a1111111111111111111a111111111
21287,harshil,111
21288,harshil,111111111111111111111111111111111111111111@1111111111111111111111111111a1111111111111111111a111111111
21289,harshil,1
21290,harshil,1
21291,harshil,1
21292,harshil,111111111111111111111111111111111111111111@1111111111111111111111111111a1111111111111111111a111111111
21293,harshil,111
21294,harshil,111111111111111111111111111111111111111111@1111111111111111111111111111a1111111111111111111a111111111
21295,harshil,1
21296,harshil,1
21297,harshil,1
21298,harshil,111111111111111111111111111111111111111111@1111111111111111111111111111a1111111111111111111a111111111
21299,harshil,111
21300,harshil,111111111111111111111111111111111111111111@1111111111111111111111111111a1111111111111111111a111111111
21301,harshil,1
21302,harshil,1
21303,harshil,1
21304,harshil,111111111111111111111111111111111111111111@1111111111111111111111111111a1111111111111111111a111111111
21305,harshil,111
21306,harshil,111111111111111111111111111111111111111111@1111111111111111111111111111a1111111111111111111a111111111
21307,harshil,1
21308,harshil,1
21309,harshil,1
21310,harshil,111111111111111111111111111111111111111111@1111111111111111111111111111a1111111111111111111a111111111
21311,harshil,111
21312,harshil,111111111111111111111111111111111111111111@1111111111111111111111111111a1111111111111111111a111111111
21313,harshil,1
21314,harshil,1
21315,harshil,1
21316,harshil,111111111111111111111111111111111111111111@1111111111111111111111111111a1111111111111111111a111111111
21317,harshil,111
21318,harshil,111111111111111111111111111111111111111111@1111111111111111111111111111a1111111111111111111a111111111
21319,harshil,1
21320,harshil,1
21321,harshil,1
21322,harshil,111111111111111111111111111111111111111111@1111111111111111111111111111a1111111111111111111a111111111
21323,harshil,111
21324,harshil,111111111111111111111111111111111111111111@1111111111111111111111111111a1111111111111111111a111111111
21325,harshil,1
21326,harshil,1
21327,harshil,1
21328,harshil,111111111111111111111111111111111111111111@1111111111111111111111111111a1111111111111111111a111111111
21329,harshil,111
21330,harshil,111111111111111111111111111111111111111111@1111111111111111111111111111a1111111111111111111a111111111
21331,harshil,1
21332,harshil,1
21333,harshil,1
21334,harshil,111111111111111111111111111111111111111111@1111111111111111111111111111a1111111111111111111a111111111
21335,harshil,111
21336,harshil,111111111111111111111111111111111111111111@1111111111111111111111111111a1111111111111111111a111111111
21337,harshil,1
21338,harshil,1
21339,harshil,1
21340,harshil,111111111111111111111111111111111111111111@1111111111111111111111111111a1111111111111111111a111111111
21341,harshil,111
21342,harshil,111111111111111111111111111111111111111111@1111111111111111111111111111a1111111111111111111a111111111
21343,harshil,1
21344,harshil,1
21345,harshil,1
21346,harshil,111111111111111111111111111111111111111111@1111111111111111111111111111a1111111111111111111a111111111
21347,harshil,111
21348,harshil,111111111111111111111111111111111111111111@1111111111111111111111111111a1111111111111111111a111111111
21349,harshil,1
21350,harshil,1
21351,harshil,1
21352,harshil,111111111111111111111111111111111111111111@1111111111111111111111111111a1111111111111111111a111111111
21353,harshil,111
21354,harshil,111111111111111111111111111111111111111111@1111111111111111111111111111a1111111111111111111a111111111
21355,harshil,1
21356,harshil,1
21357,harshil,1
21358,harshil,111111111111111111111111111111111111111111@1111111111111111111111111111a1111111111111111111a111111111
21359,harshil,111
21360,harshil,111111111111111111111111111111111111111111@1111111111111111111111111111a1111111111111111111a111111111
21361,harshil,1
21362,harshil,1
21363,harshil,1
21364,harshil,111111111111111111111111111111111111111111@1111111111111111111111111111a1111111111111111111a111111111
21365,harshil,111
21366,harshil,111111111111111111111111111111111111111111@1111111111111111111111111111a1111111111111111111a111111111
21367,harshil,1
21368,harshil,1
21369,harshil,1
21370,harshil,111111111111111111111111111111111111111111@1111111111111111111111111111a1111111111111111111a111111111
21371,harshil,111
21372,harshil,111111111111111111111111111111111111111111@1111111111111111111111111111a1111111111111111111a111111111
21373,harshil,1
21374,harshil,1
21375,harshil,1
21376,harshil,111111111111111111111111111111111111111111@1111111111111111111111111111a1111111111111111111a111111111
21377,harshil,111
21378,harshil,111111111111111111111111111111111111111111@1111111111111111111111111111a1111111111111111111a111111111
21379,harshil,1
21380,harshil,1
21381,harshil,1
21382,harshil,111111111111111111111111111111111111111111@1111111111111111111111111111a1111111111111111111a111111111
21383,harshil,111
21384,harshil,111111111111111111111111111111111111111111@1111111111111111111111111111a1111111111111111111a111111111
21385,harshil,1
21386,harshil,1
21387,harshil,1
21388,harshil,111111111111111111111111111111111111111111@1111111111111111111111111111a1111111111111111111a111111111
21389,harshil,111
21390,harshil,111111111111111111111111111111111111111111@1111111111111111111111111111a1111111111111111111a111111111
21391,harshil,1
21392,harshil,1
21393,harshil,1
21394,harshil,111111111111111111111111111111111111111111@1111111111111111111111111111a1111111111111111111a111111111
21395,harshil,111
21396,harshil,111111111111111111111111111111111111111111@1111111111111111111111111111a1111111111111111111a111111111
21397,harshil,1
21398,harshil,1
21399,harshil,1
21400,harshil,111111111111111111111111111111111111111111@1111111111111111111111111111a1111111111111111111a111111111
21401,harshil,111
21402,harshil,111111111111111111111111111111111111111111@1111111111111111111111111111a1111111111111111111a111111111
21403,harshil,1
21404,harshil,1
21405,harshil,1
21406,harshil,111111111111111111111111111111111111111111@1111111111111111111111111111a1111111111111111111a111111111
21407,harshil,111
21408,harshil,111111111111111111111111111111111111111111@1111111111111111111111111111a1111111111111111111a111111111
21409,harshil,1
21410,harshil,1
21411,harshil,1
21412,harshil,111111111111111111111111111111111111111111@1111111111111111111111111111a1111111111111111111a111111111
21413,harshil,111
21414,harshil,111111111111111111111111111111111111111111@1111111111111111111111111111a1111111111111111111a111111111
21415,harshil,1
21416,harshil,1
21417,harshil,1
21418,harshil,111111111111111111111111111111111111111111@1111111111111111111111111111a1111111111111111111a111111111
21419,harshil,111
21420,harshil,111111111111111111111111111111111111111111@1111111111111111111111111111a1111111111111111111a111111111
21421,harshil,1
21422,harshil,1
21423,harshil,1
21424,harshil,111111111111111111111111111111111111111111@1111111111111111111111111111a1111111111111111111a111111111
21425,harshil,111
21426,harshil,111111111111111111111111111111111111111111@1111111111111111111111111111a1111111111111111111a111111111
21427,harshil,1
21428,harshil,1
21429,harshil,1
21430,harshil,111111111111111111111111111111111111111111@1111111111111111111111111111a1111111111111111111a111111111
21431,harshil,111
21432,harshil,111111111111111111111111111111111111111111@1111111111111111111111111111a1111111111111111111a111111111
21433,harshil,1
21434,harshil,1
21435,harshil,1
21436,harshil,111111111111111111111111111111111111111111@1111111111111111111111111111a1111111111111111111a111111111
21437,harshil,111
21438,harshil,111111111111111111111111111111111111111111@1111111111111111111111111111a1111111111111111111a111111111
21439,harshil,1
21440,harshil,1
21441,harshil,1
21442,harshil,111111111111111111111111111111111111111111@1111111111111111111111111111a1111111111111111111a111111111
21443,harshil,111
21444,harshil,111111111111111111111111111111111111111111@1111111111111111111111111111a1111111111111111111a111111111
21445,harshil,1
21446,harshil,1
21447,harshil,1
21448,harshil,111111111111111111111111111111111111111111@1111111111111111111111111111a1111111111111111111a111111111
21449,harshil,111
21450,harshil,111111111111111111111111111111111111111111@1111111111111111111111111111a1111111111111111111a111111111
21451,harshil,1
21452,harshil,1
21453,harshil,1
21454,harshil,111111111111111111111111111111111111111111@1111111111111111111111111111a1111111111111111111a111111111
21455,harshil,111
21456,harshil,111111111111111111111111111111111111111111@1111111111111111111111111111a1111111111111111111a111111111
21457,harshil,1
21458,harshil,1
21459,harshil,1
21460,harshil,111111111111111111111111111111111111111111@1111111111111111111111111111a1111111111111111111a111111111
21461,harshil,111
21462,harshil,111111111111111111111111111111111111111111@1111111111111111111111111111a1111111111111111111a111111111
21463,harshil,1
21464,harshil,1
21465,harshil,1
21466,harshil,111111111111111111111111111111111111111111@1111111111111111111111111111a1111111111111111111a111111111
21467,harshil,111
21468,harshil,111111111111111111111111111111111111111111@1111111111111111111111111111a1111111111111111111a111111111
21469,harshil,1
21470,harshil,1
21471,harshil,1
21472,harshil,111111111111111111111111111111111111111111@1111111111111111111111111111a1111111111111111111a111111111
21473,harshil,111
21474,harshil,111111111111111111111111111111111111111111@1111111111111111111111111111a1111111111111111111a111111111
21475,harshil,1
21476,harshil,1
21477,harshil,1
21478,harshil,111111111111111111111111111111111111111111@1111111111111111111111111111a1111111111111111111a111111111
21479,harshil,111
21480,harshil,111111111111111111111111111111111111111111@1111111111111111111111111111a1111111111111111111a111111111
21481,harshil,1
21482,harshil,1
21483,harshil,1
21484,harshil,111111111111111111111111111111111111111111@1111111111111111111111111111a1111111111111111111a111111111
21485,harshil,111
21486,harshil,111111111111111111111111111111111111111111@1111111111111111111111111111a1111111111111111111a111111111
21487,harshil,1
21488,harshil,1
21489,harshil,1
21490,harshil,111111111111111111111111111111111111111111@1111111111111111111111111111a1111111111111111111a111111111
21491,harshil,111
21492,harshil,111111111111111111111111111111111111111111@1111111111111111111111111111a1111111111111111111a111111111
21493,harshil,1
21494,harshil,1
21495,harshil,1
21496,harshil,111111111111111111111111111111111111111111@1111111111111111111111111111a1111111111111111111a111111111
21497,harshil,111
21498,harshil,111111111111111111111111111111111111111111@1111111111111111111111111111a1111111111111111111a111111111
21499,harshil,1
21500,harshil,1
21501,harshil,1
21502,harshil,111111111111111111111111111111111111111111@1111111111111111111111111111a1111111111111111111a111111111
21503,harshil,111
21504,harshil,111111111111111111111111111111111111111111@1111111111111111111111111111a1111111111111111111a111111111
21505,harshil,1
21506,harshil,1
21507,harshil,1
21508,harshil,111111111111111111111111111111111111111111@1111111111111111111111111111a1111111111111111111a111111111
21509,harshil,111
21510,harshil,111111111111111111111111111111111111111111@1111111111111111111111111111a1111111111111111111a111111111
21511,harshil,1
21512,harshil,1
21513,harshil,1
21514,harshil,111111111111111111111111111111111111111111@1111111111111111111111111111a1111111111111111111a111111111
21515,harshil,111
21516,harshil,111111111111111111111111111111111111111111@1111111111111111111111111111a1111111111111111111a111111111
21517,harshil,1
21518,harshil,1
21519,harshil,1
21520,harshil,111111111111111111111111111111111111111111@1111111111111111111111111111a1111111111111111111a111111111
21521,harshil,111
21522,harshil,111111111111111111111111111111111111111111@1111111111111111111111111111a1111111111111111111a111111111
21523,harshil,1
21524,harshil,1
21525,harshil,1
21526,harshil,111111111111111111111111111111111111111111@1111111111111111111111111111a1111111111111111111a111111111
21527,harshil,111
21528,harshil,111111111111111111111111111111111111111111@1111111111111111111111111111a1111111111111111111a111111111
21529,harshil,1
21530,harshil,1
21531,harshil,1
21532,harshil,111111111111111111111111111111111111111111@1111111111111111111111111111a1111111111111111111a111111111
21533,harshil,111
21534,harshil,111111111111111111111111111111111111111111@1111111111111111111111111111a1111111111111111111a111111111
21535,harshil,1
21536,harshil,1
21537,harshil,1
21538,harshil,111111111111111111111111111111111111111111@1111111111111111111111111111a1111111111111111111a111111111
21539,harshil,111
21540,harshil,111111111111111111111111111111111111111111@1111111111111111111111111111a1111111111111111111a111111111
21541,harshil,1
21542,harshil,1
21543,harshil,1
21544,harshil,111111111111111111111111111111111111111111@1111111111111111111111111111a1111111111111111111a111111111
21545,harshil,111
21546,harshil,111111111111111111111111111111111111111111@1111111111111111111111111111a1111111111111111111a111111111
21547,harshil,1
21548,harshil,1
21549,harshil,1
21550,harshil,111111111111111111111111111111111111111111@1111111111111111111111111111a1111111111111111111a111111111
21551,harshil,111
21552,harshil,111111111111111111111111111111111111111111@1111111111111111111111111111a1111111111111111111a111111111
21553,harshil,1
21554,harshil,1
21555,harshil,1
21556,harshil,111111111111111111111111111111111111111111@1111111111111111111111111111a1111111111111111111a111111111
21557,harshil,111
21558,harshil,111111111111111111111111111111111111111111@1111111111111111111111111111a1111111111111111111a111111111
21559,harshil,1
21560,harshil,1
21561,harshil,1
21562,harshil,111111111111111111111111111111111111111111@1111111111111111111111111111a1111111111111111111a111111111
21563,harshil,111
21564,harshil,111111111111111111111111111111111111111111@1111111111111111111111111111a1111111111111111111a111111111
21565,harshil,1
21566,harshil,1
21567,harshil,1
21568,harshil,111111111111111111111111111111111111111111@1111111111111111111111111111a1111111111111111111a111111111
21569,harshil,111
21570,harshil,111111111111111111111111111111111111111111@1111111111111111111111111111a1111111111111111111a111111111
21571,harshil,1
21572,harshil,1
21573,harshil,1
21574,harshil,111111111111111111111111111111111111111111@1111111111111111111111111111a1111111111111111111a111111111
21575,harshil,111
21576,harshil,111111111111111111111111111111111111111111@1111111111111111111111111111a1111111111111111111a111111111
21577,harshil,1
21578,harshil,1
21579,harshil,1
21580,harshil,111111111111111111111111111111111111111111@1111111111111111111111111111a1111111111111111111a111111111
21581,harshil,111
21582,harshil,111111111111111111111111111111111111111111@1111111111111111111111111111a1111111111111111111a111111111
21583,harshil,1
21584,harshil,1
21585,harshil,1
21586,harshil,111111111111111111111111111111111111111111@1111111111111111111111111111a1111111111111111111a111111111
21587,harshil,111
21588,harshil,111111111111111111111111111111111111111111@1111111111111111111111111111a1111111111111111111a111111111
21589,harshil,1
21590,harshil,1
21591,harshil,1
21592,harshil,111111111111111111111111111111111111111111@1111111111111111111111111111a1111111111111111111a111111111
21593,harshil,111
21594,harshil,111111111111111111111111111111111111111111@1111111111111111111111111111a1111111111111111111a111111111
21595,harshil,1
21596,harshil,1
21597,harshil,1
21598,harshil,111111111111111111111111111111111111111111@1111111111111111111111111111a1111111111111111111a111111111
21599,harshil,111
21600,harshil,111111111111111111111111111111111111111111@1111111111111111111111111111a1111111111111111111a111111111
21601,harshil,1
21602,harshil,1
21603,harshil,1
21604,harshil,111111111111111111111111111111111111111111@1111111111111111111111111111a1111111111111111111a111111111
21605,harshil,111
21606,harshil,111111111111111111111111111111111111111111@1111111111111111111111111111a1111111111111111111a111111111
21607,harshil,1
21608,harshil,1
21609,harshil,1
21610,harshil,111111111111111111111111111111111111111111@1111111111111111111111111111a1111111111111111111a111111111
21611,harshil,111
21612,harshil,111111111111111111111111111111111111111111@1111111111111111111111111111a1111111111111111111a111111111
21613,harshil,1
21614,harshil,1
21615,harshil,1
21616,harshil,111111111111111111111111111111111111111111@1111111111111111111111111111a1111111111111111111a111111111
21617,harshil,111
21618,harshil,111111111111111111111111111111111111111111@1111111111111111111111111111a1111111111111111111a111111111
21619,harshil,1
21620,harshil,1
21621,harshil,1
21622,harshil,111111111111111111111111111111111111111111@1111111111111111111111111111a1111111111111111111a111111111
21623,harshil,111
21624,harshil,111111111111111111111111111111111111111111@1111111111111111111111111111a1111111111111111111a111111111
21625,harshil,1
21626,harshil,1
21627,harshil,1
21628,harshil,111111111111111111111111111111111111111111@1111111111111111111111111111a1111111111111111111a111111111
21629,harshil,111
21630,harshil,111111111111111111111111111111111111111111@1111111111111111111111111111a1111111111111111111a111111111
21631,harshil,1
21632,harshil,1
21633,harshil,1
21634,harshil,111111111111111111111111111111111111111111@1111111111111111111111111111a1111111111111111111a111111111
21635,harshil,111
21636,harshil,111111111111111111111111111111111111111111@1111111111111111111111111111a1111111111111111111a111111111
21637,harshil,1
21638,harshil,1
21639,harshil,1
21640,harshil,111111111111111111111111111111111111111111@1111111111111111111111111111a1111111111111111111a111111111
21641,harshil,111
21642,harshil,111111111111111111111111111111111111111111@1111111111111111111111111111a1111111111111111111a111111111
21643,harshil,1
21644,harshil,1
21645,harshil,1
21646,harshil,111111111111111111111111111111111111111111@1111111111111111111111111111a1111111111111111111a111111111
21647,harshil,111
21648,harshil,111111111111111111111111111111111111111111@1111111111111111111111111111a1111111111111111111a111111111
21649,harshil,1
21650,harshil,1
21651,harshil,1
21652,harshil,111111111111111111111111111111111111111111@1111111111111111111111111111a1111111111111111111a111111111
21653,harshil,111
21654,harshil,111111111111111111111111111111111111111111@1111111111111111111111111111a1111111111111111111a111111111
21655,harshil,1
21656,harshil,1
21657,harshil,1
21658,harshil,111111111111111111111111111111111111111111@1111111111111111111111111111a1111111111111111111a111111111
21659,harshil,111
21660,harshil,111111111111111111111111111111111111111111@1111111111111111111111111111a1111111111111111111a111111111
21661,harshil,1
21662,harshil,1
21663,harshil,1
21664,harshil,111111111111111111111111111111111111111111@1111111111111111111111111111a1111111111111111111a111111111
21665,harshil,111
21666,harshil,111111111111111111111111111111111111111111@1111111111111111111111111111a1111111111111111111a111111111
21667,harshil,1
21668,harshil,1
21669,harshil,1
21670,harshil,111111111111111111111111111111111111111111@1111111111111111111111111111a1111111111111111111a111111111
21671,harshil,111
21672,harshil,111111111111111111111111111111111111111111@1111111111111111111111111111a1111111111111111111a111111111
21673,harshil,1
21674,harshil,1
21675,harshil,1
21676,harshil,111111111111111111111111111111111111111111@1111111111111111111111111111a1111111111111111111a111111111
21677,harshil,111
21678,harshil,111111111111111111111111111111111111111111@1111111111111111111111111111a1111111111111111111a111111111
21679,harshil,1
21680,harshil,1
21681,harshil,1
21682,harshil,111111111111111111111111111111111111111111@1111111111111111111111111111a1111111111111111111a111111111
21683,harshil,111
21684,harshil,111111111111111111111111111111111111111111@1111111111111111111111111111a1111111111111111111a111111111
21685,harshil,1
21686,harshil,1
21687,harshil,1
21688,harshil,111111111111111111111111111111111111111111@1111111111111111111111111111a1111111111111111111a111111111
21689,harshil,111
21690,harshil,111111111111111111111111111111111111111111@1111111111111111111111111111a1111111111111111111a111111111
21691,harshil,1
21692,harshil,1
21693,harshil,1
21694,harshil,111111111111111111111111111111111111111111@1111111111111111111111111111a1111111111111111111a111111111
21695,harshil,111
21696,harshil,111111111111111111111111111111111111111111@1111111111111111111111111111a1111111111111111111a111111111
21697,harshil,1
21698,harshil,1
21699,harshil,1
21700,harshil,111111111111111111111111111111111111111111@1111111111111111111111111111a1111111111111111111a111111111
21701,harshil,111
21702,harshil,111111111111111111111111111111111111111111@1111111111111111111111111111a1111111111111111111a111111111
21703,harshil,1
21704,harshil,1
21705,harshil,1
21706,harshil,111111111111111111111111111111111111111111@1111111111111111111111111111a1111111111111111111a111111111
21707,harshil,111
21708,harshil,111111111111111111111111111111111111111111@1111111111111111111111111111a1111111111111111111a111111111
21709,harshil,1
21710,harshil,1
21711,harshil,1
21712,harshil,111111111111111111111111111111111111111111@1111111111111111111111111111a1111111111111111111a111111111
21713,harshil,111
21714,harshil,111111111111111111111111111111111111111111@1111111111111111111111111111a1111111111111111111a111111111
21715,harshil,1
21716,harshil,1
21717,harshil,1
21718,harshil,111111111111111111111111111111111111111111@1111111111111111111111111111a1111111111111111111a111111111
21719,harshil,111
21720,harshil,111111111111111111111111111111111111111111@1111111111111111111111111111a1111111111111111111a111111111
21721,harshil,1
21722,harshil,1
21723,harshil,1
21724,harshil,111111111111111111111111111111111111111111@1111111111111111111111111111a1111111111111111111a111111111
21725,harshil,111
21726,harshil,111111111111111111111111111111111111111111@1111111111111111111111111111a1111111111111111111a111111111
21727,harshil,1
21728,harshil,1
21729,harshil,1
21730,harshil,111111111111111111111111111111111111111111@1111111111111111111111111111a1111111111111111111a111111111
21731,harshil,111
21732,harshil,111111111111111111111111111111111111111111@1111111111111111111111111111a1111111111111111111a111111111
21733,harshil,1
21734,harshil,1
21735,harshil,1
21736,harshil,111111111111111111111111111111111111111111@1111111111111111111111111111a1111111111111111111a111111111
21737,harshil,111
21738,harshil,111111111111111111111111111111111111111111@1111111111111111111111111111a1111111111111111111a111111111
21739,harshil,1
21740,harshil,1
21741,harshil,1
21742,harshil,111111111111111111111111111111111111111111@1111111111111111111111111111a1111111111111111111a111111111
21743,harshil,111
21744,harshil,111111111111111111111111111111111111111111@1111111111111111111111111111a1111111111111111111a111111111
21745,harshil,1
21746,harshil,1
21747,harshil,1
21748,harshil,111111111111111111111111111111111111111111@1111111111111111111111111111a1111111111111111111a111111111
21749,harshil,111
21750,harshil,111111111111111111111111111111111111111111@1111111111111111111111111111a1111111111111111111a111111111
21751,harshil,1
21752,harshil,1
21753,harshil,1
21754,harshil,111111111111111111111111111111111111111111@1111111111111111111111111111a1111111111111111111a111111111
21755,harshil,111
21756,harshil,111111111111111111111111111111111111111111@1111111111111111111111111111a1111111111111111111a111111111
21757,harshil,1
21758,harshil,1
21759,harshil,1
21760,harshil,111111111111111111111111111111111111111111@1111111111111111111111111111a1111111111111111111a111111111
21761,harshil,111
21762,harshil,111111111111111111111111111111111111111111@1111111111111111111111111111a1111111111111111111a111111111
21763,harshil,1
21764,harshil,1
21765,harshil,1
21766,harshil,111111111111111111111111111111111111111111@1111111111111111111111111111a1111111111111111111a111111111
21767,harshil,111
21768,harshil,111111111111111111111111111111111111111111@1111111111111111111111111111a1111111111111111111a111111111
21769,harshil,1
21770,harshil,1
21771,harshil,1
21772,harshil,111111111111111111111111111111111111111111@1111111111111111111111111111a1111111111111111111a111111111
21773,harshil,111
21774,harshil,111111111111111111111111111111111111111111@1111111111111111111111111111a1111111111111111111a111111111
21775,harshil,1
21776,harshil,1
21777,harshil,1
21778,harshil,111111111111111111111111111111111111111111@1111111111111111111111111111a1111111111111111111a111111111
21779,harshil,111
21780,harshil,111111111111111111111111111111111111111111@1111111111111111111111111111a1111111111111111111a111111111
21781,harshil,1
21782,harshil,1
21783,harshil,1
21784,harshil,111111111111111111111111111111111111111111@1111111111111111111111111111a1111111111111111111a111111111
21785,harshil,111
21786,harshil,111111111111111111111111111111111111111111@1111111111111111111111111111a1111111111111111111a111111111
21787,harshil,1
21788,harshil,1
21789,harshil,1
21790,harshil,111111111111111111111111111111111111111111@1111111111111111111111111111a1111111111111111111a111111111
21791,harshil,111
21792,harshil,111111111111111111111111111111111111111111@1111111111111111111111111111a1111111111111111111a111111111
21793,harshil,1
21794,harshil,1
21795,harshil,1
21796,harshil,111111111111111111111111111111111111111111@1111111111111111111111111111a1111111111111111111a111111111
21797,harshil,111
21798,harshil,111111111111111111111111111111111111111111@1111111111111111111111111111a1111111111111111111a111111111
21799,harshil,1
21800,harshil,1
21801,harshil,1
21802,harshil,111111111111111111111111111111111111111111@1111111111111111111111111111a1111111111111111111a111111111
21803,harshil,111
21804,harshil,111111111111111111111111111111111111111111@1111111111111111111111111111a1111111111111111111a111111111
21805,harshil,1
21806,harshil,1
21807,harshil,1
21808,harshil,111111111111111111111111111111111111111111@1111111111111111111111111111a1111111111111111111a111111111
21809,harshil,111
21810,harshil,111111111111111111111111111111111111111111@1111111111111111111111111111a1111111111111111111a111111111
21811,harshil,1
21812,harshil,1
21813,harshil,1
21814,harshil,111111111111111111111111111111111111111111@1111111111111111111111111111a1111111111111111111a111111111
21815,harshil,111
21816,harshil,111111111111111111111111111111111111111111@1111111111111111111111111111a1111111111111111111a111111111
21817,harshil,1
21818,harshil,1
21819,harshil,1
21820,harshil,111111111111111111111111111111111111111111@1111111111111111111111111111a1111111111111111111a111111111
21821,harshil,111
21822,harshil,111111111111111111111111111111111111111111@1111111111111111111111111111a1111111111111111111a111111111
21823,harshil,1
21824,harshil,1
21825,harshil,1
21826,harshil,111111111111111111111111111111111111111111@1111111111111111111111111111a1111111111111111111a111111111
21827,harshil,111
21828,harshil,111111111111111111111111111111111111111111@1111111111111111111111111111a1111111111111111111a111111111
21829,harshil,1
21830,harshil,1
21831,harshil,1
21832,harshil,111111111111111111111111111111111111111111@1111111111111111111111111111a1111111111111111111a111111111
21833,harshil,111
21834,harshil,111111111111111111111111111111111111111111@1111111111111111111111111111a1111111111111111111a111111111
21835,harshil,1
21836,harshil,1
21837,harshil,1
21838,harshil,111111111111111111111111111111111111111111@1111111111111111111111111111a1111111111111111111a111111111
21839,harshil,111
21840,harshil,111111111111111111111111111111111111111111@1111111111111111111111111111a1111111111111111111a111111111
21841,harshil,1
21842,harshil,1
21843,harshil,1
21844,harshil,111111111111111111111111111111111111111111@1111111111111111111111111111a1111111111111111111a111111111
21845,harshil,111
21846,harshil,111111111111111111111111111111111111111111@1111111111111111111111111111a1111111111111111111a111111111
21847,harshil,1
21848,harshil,1
21849,harshil,1
21850,harshil,111111111111111111111111111111111111111111@1111111111111111111111111111a1111111111111111111a111111111
21851,harshil,111
21852,harshil,111111111111111111111111111111111111111111@1111111111111111111111111111a1111111111111111111a111111111
21853,harshil,1
21854,harshil,1
21855,harshil,1
21856,harshil,111111111111111111111111111111111111111111@1111111111111111111111111111a1111111111111111111a111111111
21857,harshil,111
21858,harshil,111111111111111111111111111111111111111111@1111111111111111111111111111a1111111111111111111a111111111
21859,harshil,1
21860,harshil,1
21861,harshil,1
21862,harshil,111111111111111111111111111111111111111111@1111111111111111111111111111a1111111111111111111a111111111
21863,harshil,111
21864,harshil,111111111111111111111111111111111111111111@1111111111111111111111111111a1111111111111111111a111111111
21865,harshil,1
21866,harshil,1
21867,harshil,1
21868,harshil,111111111111111111111111111111111111111111@1111111111111111111111111111a1111111111111111111a111111111
21869,harshil,111
21870,harshil,111111111111111111111111111111111111111111@1111111111111111111111111111a1111111111111111111a111111111
21871,harshil,1
21872,harshil,1
21873,harshil,1
21874,harshil,111111111111111111111111111111111111111111@1111111111111111111111111111a1111111111111111111a111111111
21875,harshil,111
21876,harshil,111111111111111111111111111111111111111111@1111111111111111111111111111a1111111111111111111a111111111
21877,harshil,1
21878,harshil,1
21879,harshil,1
21880,harshil,111111111111111111111111111111111111111111@1111111111111111111111111111a1111111111111111111a111111111
21881,harshil,111
21882,harshil,111111111111111111111111111111111111111111@1111111111111111111111111111a1111111111111111111a111111111
21883,harshil,1
21884,harshil,1
21885,harshil,1
21886,harshil,111111111111111111111111111111111111111111@1111111111111111111111111111a1111111111111111111a111111111
21887,harshil,111
21888,harshil,111111111111111111111111111111111111111111@1111111111111111111111111111a1111111111111111111a111111111
21889,harshil,1
21890,harshil,1
21891,harshil,1
21892,harshil,111111111111111111111111111111111111111111@1111111111111111111111111111a1111111111111111111a111111111
21893,harshil,111
21894,harshil,111111111111111111111111111111111111111111@1111111111111111111111111111a1111111111111111111a111111111
21895,harshil,1
21896,harshil,1
21897,harshil,1
21898,harshil,111111111111111111111111111111111111111111@1111111111111111111111111111a1111111111111111111a111111111
21899,harshil,111
21900,harshil,111111111111111111111111111111111111111111@1111111111111111111111111111a1111111111111111111a111111111
21901,harshil,1
21902,harshil,1
21903,harshil,1
21904,harshil,111111111111111111111111111111111111111111@1111111111111111111111111111a1111111111111111111a111111111
21905,harshil,111
21906,harshil,111111111111111111111111111111111111111111@1111111111111111111111111111a1111111111111111111a111111111
21907,harshil,1
21908,harshil,1
21909,harshil,1
21910,harshil,111111111111111111111111111111111111111111@1111111111111111111111111111a1111111111111111111a111111111
21911,harshil,111
21912,harshil,111111111111111111111111111111111111111111@1111111111111111111111111111a1111111111111111111a111111111
21913,harshil,1
21914,harshil,1
21915,harshil,1
21916,harshil,111111111111111111111111111111111111111111@1111111111111111111111111111a1111111111111111111a111111111
21917,harshil,111
21918,harshil,111111111111111111111111111111111111111111@1111111111111111111111111111a1111111111111111111a111111111
21919,harshil,1
21920,harshil,1
21921,harshil,1
21922,harshil,111111111111111111111111111111111111111111@1111111111111111111111111111a1111111111111111111a111111111
21923,harshil,111
21924,harshil,111111111111111111111111111111111111111111@1111111111111111111111111111a1111111111111111111a111111111
21925,harshil,1
21926,harshil,1
21927,harshil,1
21928,harshil,111111111111111111111111111111111111111111@1111111111111111111111111111a1111111111111111111a111111111
21929,harshil,111
21930,harshil,111111111111111111111111111111111111111111@1111111111111111111111111111a1111111111111111111a111111111
21931,harshil,1
21932,harshil,1
21933,harshil,1
21934,harshil,111111111111111111111111111111111111111111@1111111111111111111111111111a1111111111111111111a111111111
21935,harshil,111
21936,harshil,111111111111111111111111111111111111111111@1111111111111111111111111111a1111111111111111111a111111111
21937,harshil,1
21938,harshil,1
21939,harshil,1
21940,harshil,111111111111111111111111111111111111111111@1111111111111111111111111111a1111111111111111111a111111111
21941,harshil,111
21942,harshil,111111111111111111111111111111111111111111@1111111111111111111111111111a1111111111111111111a111111111
21943,harshil,1
21944,harshil,1
21945,harshil,1
21946,harshil,111111111111111111111111111111111111111111@1111111111111111111111111111a1111111111111111111a111111111
21947,harshil,111
21948,harshil,111111111111111111111111111111111111111111@1111111111111111111111111111a1111111111111111111a111111111
21949,harshil,1
21950,harshil,1
21951,harshil,1
21952,harshil,111111111111111111111111111111111111111111@1111111111111111111111111111a1111111111111111111a111111111
21953,harshil,111
21954,harshil,111111111111111111111111111111111111111111@1111111111111111111111111111a1111111111111111111a111111111
21955,harshil,1
21956,harshil,1
21957,harshil,1
21958,harshil,111111111111111111111111111111111111111111@1111111111111111111111111111a1111111111111111111a111111111
21959,harshil,111
21960,harshil,111111111111111111111111111111111111111111@1111111111111111111111111111a1111111111111111111a111111111
21961,harshil,1
21962,harshil,1
21963,harshil,1
21964,harshil,111111111111111111111111111111111111111111@1111111111111111111111111111a1111111111111111111a111111111
21965,harshil,111
21966,harshil,111111111111111111111111111111111111111111@1111111111111111111111111111a1111111111111111111a111111111
21967,harshil,1
21968,harshil,1
21969,harshil,1
21970,harshil,111111111111111111111111111111111111111111@1111111111111111111111111111a1111111111111111111a111111111
21971,harshil,111
21972,harshil,111111111111111111111111111111111111111111@1111111111111111111111111111a1111111111111111111a111111111
21973,harshil,1
21974,harshil,1
21975,harshil,1
21976,harshil,111111111111111111111111111111111111111111@1111111111111111111111111111a1111111111111111111a111111111
21977,harshil,111
21978,harshil,111111111111111111111111111111111111111111@1111111111111111111111111111a1111111111111111111a111111111
21979,harshil,1
21980,harshil,1
21981,harshil,1
21982,harshil,111111111111111111111111111111111111111111@1111111111111111111111111111a1111111111111111111a111111111
21983,harshil,111
21984,harshil,111111111111111111111111111111111111111111@1111111111111111111111111111a1111111111111111111a111111111
21985,harshil,1
21986,harshil,1
21987,harshil,1
21988,harshil,111111111111111111111111111111111111111111@1111111111111111111111111111a1111111111111111111a111111111
21989,harshil,111
21990,harshil,111111111111111111111111111111111111111111@1111111111111111111111111111a1111111111111111111a111111111
21991,harshil,1
21992,harshil,1
21993,harshil,1
21994,harshil,111111111111111111111111111111111111111111@1111111111111111111111111111a1111111111111111111a111111111
21995,harshil,111
21996,harshil,111111111111111111111111111111111111111111@1111111111111111111111111111a1111111111111111111a111111111
21997,harshil,1
21998,harshil,1
21999,harshil,1
22000,harshil,111111111111111111111111111111111111111111@1111111111111111111111111111a1111111111111111111a111111111
22001,harshil,111
22002,harshil,111111111111111111111111111111111111111111@1111111111111111111111111111a1111111111111111111a111111111
22003,harshil,1
22004,harshil,1
22005,harshil,1
22006,harshil,111111111111111111111111111111111111111111@1111111111111111111111111111a1111111111111111111a111111111
22007,harshil,111
22008,harshil,111111111111111111111111111111111111111111@1111111111111111111111111111a1111111111111111111a111111111
22009,harshil,1
22010,harshil,1
22011,harshil,1
22012,harshil,111111111111111111111111111111111111111111@1111111111111111111111111111a1111111111111111111a111111111
22013,harshil,111
22014,harshil,111111111111111111111111111111111111111111@1111111111111111111111111111a1111111111111111111a111111111
22015,harshil,1
22016,harshil,1
22017,harshil,1
22018,harshil,111111111111111111111111111111111111111111@1111111111111111111111111111a1111111111111111111a111111111
22019,harshil,111
22020,harshil,111111111111111111111111111111111111111111@1111111111111111111111111111a1111111111111111111a111111111
22021,harshil,1
22022,harshil,1
22023,harshil,1
22024,harshil,111111111111111111111111111111111111111111@1111111111111111111111111111a1111111111111111111a111111111
22025,harshil,111
22026,harshil,111111111111111111111111111111111111111111@1111111111111111111111111111a1111111111111111111a111111111
22027,harshil,1
22028,harshil,1
22029,harshil,1
22030,harshil,111111111111111111111111111111111111111111@1111111111111111111111111111a1111111111111111111a111111111
22031,harshil,111
22032,harshil,111111111111111111111111111111111111111111@1111111111111111111111111111a1111111111111111111a111111111
22033,harshil,1
22034,harshil,1
22035,harshil,1
22036,harshil,111111111111111111111111111111111111111111@1111111111111111111111111111a1111111111111111111a111111111
22037,harshil,111
22038,harshil,111111111111111111111111111111111111111111@1111111111111111111111111111a1111111111111111111a111111111
22039,harshil,1
22040,harshil,1
22041,harshil,1
22042,harshil,111111111111111111111111111111111111111111@1111111111111111111111111111a1111111111111111111a111111111
22043,harshil,111
22044,harshil,111111111111111111111111111111111111111111@1111111111111111111111111111a1111111111111111111a111111111
22045,harshil,1
22046,harshil,1
22047,harshil,1
22048,harshil,111111111111111111111111111111111111111111@1111111111111111111111111111a1111111111111111111a111111111
22049,harshil,111
22050,harshil,111111111111111111111111111111111111111111@1111111111111111111111111111a1111111111111111111a111111111
22051,harshil,1
22052,harshil,1
22053,harshil,1
22054,harshil,111111111111111111111111111111111111111111@1111111111111111111111111111a1111111111111111111a111111111
22055,harshil,111
22056,harshil,111111111111111111111111111111111111111111@1111111111111111111111111111a1111111111111111111a111111111
22057,harshil,1
22058,harshil,1
22059,harshil,1
22060,harshil,111111111111111111111111111111111111111111@1111111111111111111111111111a1111111111111111111a111111111
22061,harshil,111
22062,harshil,111111111111111111111111111111111111111111@1111111111111111111111111111a1111111111111111111a111111111
22063,harshil,1
22064,harshil,1
22065,harshil,1
22066,harshil,111111111111111111111111111111111111111111@1111111111111111111111111111a1111111111111111111a111111111
22067,harshil,111
22068,harshil,111111111111111111111111111111111111111111@1111111111111111111111111111a1111111111111111111a111111111
22069,harshil,1
22070,harshil,1
22071,harshil,1
22072,harshil,111111111111111111111111111111111111111111@1111111111111111111111111111a1111111111111111111a111111111
22073,harshil,111
22074,harshil,111111111111111111111111111111111111111111@1111111111111111111111111111a1111111111111111111a111111111
22075,harshil,1
22076,harshil,1
22077,harshil,1
22078,harshil,111111111111111111111111111111111111111111@1111111111111111111111111111a1111111111111111111a111111111
22079,harshil,111
22080,harshil,111111111111111111111111111111111111111111@1111111111111111111111111111a1111111111111111111a111111111
22081,harshil,1
22082,harshil,1
22083,harshil,1
22084,harshil,111111111111111111111111111111111111111111@1111111111111111111111111111a1111111111111111111a111111111
22085,harshil,111
22086,harshil,111111111111111111111111111111111111111111@1111111111111111111111111111a1111111111111111111a111111111
22087,harshil,1
22088,harshil,1
22089,harshil,1
22090,harshil,111111111111111111111111111111111111111111@1111111111111111111111111111a1111111111111111111a111111111
22091,harshil,111
22092,harshil,111111111111111111111111111111111111111111@1111111111111111111111111111a1111111111111111111a111111111
22093,harshil,1
22094,harshil,1
22095,harshil,1
22096,harshil,111111111111111111111111111111111111111111@1111111111111111111111111111a1111111111111111111a111111111
22097,harshil,111
22098,harshil,111111111111111111111111111111111111111111@1111111111111111111111111111a1111111111111111111a111111111
22099,harshil,1
22100,harshil,1
22101,harshil,1
22102,harshil,111111111111111111111111111111111111111111@1111111111111111111111111111a1111111111111111111a111111111
22103,harshil,111
22104,harshil,111111111111111111111111111111111111111111@1111111111111111111111111111a1111111111111111111a111111111
22105,harshil,1
22106,harshil,1
22107,harshil,1
22108,harshil,111111111111111111111111111111111111111111@1111111111111111111111111111a1111111111111111111a111111111
22109,harshil,111
22110,harshil,111111111111111111111111111111111111111111@1111111111111111111111111111a1111111111111111111a111111111
22111,harshil,1
22112,harshil,1
22113,harshil,1
22114,harshil,111111111111111111111111111111111111111111@1111111111111111111111111111a1111111111111111111a111111111
22115,harshil,111
22116,harshil,111111111111111111111111111111111111111111@1111111111111111111111111111a1111111111111111111a111111111
22117,harshil,1
22118,harshil,1
22119,harshil,1
22120,harshil,111111111111111111111111111111111111111111@1111111111111111111111111111a1111111111111111111a111111111
22121,harshil,111
22122,harshil,111111111111111111111111111111111111111111@1111111111111111111111111111a1111111111111111111a111111111
22123,harshil,1
22124,harshil,1
22125,harshil,1
22126,harshil,111111111111111111111111111111111111111111@1111111111111111111111111111a1111111111111111111a111111111
22127,harshil,111
22128,harshil,111111111111111111111111111111111111111111@1111111111111111111111111111a1111111111111111111a111111111
22129,harshil,1
22130,harshil,1
22131,harshil,1
22132,harshil,111111111111111111111111111111111111111111@1111111111111111111111111111a1111111111111111111a111111111
22133,harshil,111
22134,harshil,111111111111111111111111111111111111111111@1111111111111111111111111111a1111111111111111111a111111111
22135,harshil,1
22136,harshil,1
22137,harshil,1
22138,harshil,111111111111111111111111111111111111111111@1111111111111111111111111111a1111111111111111111a111111111
22139,harshil,111
22140,harshil,111111111111111111111111111111111111111111@1111111111111111111111111111a1111111111111111111a111111111
22141,harshil,1
22142,harshil,1
22143,harshil,1
22144,harshil,111111111111111111111111111111111111111111@1111111111111111111111111111a1111111111111111111a111111111
22145,harshil,111
22146,harshil,111111111111111111111111111111111111111111@1111111111111111111111111111a1111111111111111111a111111111
22147,harshil,1
22148,harshil,1
22149,harshil,1
22150,harshil,111111111111111111111111111111111111111111@1111111111111111111111111111a1111111111111111111a111111111
22151,harshil,111
22152,harshil,111111111111111111111111111111111111111111@1111111111111111111111111111a1111111111111111111a111111111
22153,harshil,1
22154,harshil,1
22155,harshil,1
22156,harshil,111111111111111111111111111111111111111111@1111111111111111111111111111a1111111111111111111a111111111
22157,harshil,111
22158,harshil,111111111111111111111111111111111111111111@1111111111111111111111111111a1111111111111111111a111111111
22159,harshil,1
22160,harshil,1
22161,harshil,1
22162,harshil,111111111111111111111111111111111111111111@1111111111111111111111111111a1111111111111111111a111111111
22163,harshil,111
22164,harshil,111111111111111111111111111111111111111111@1111111111111111111111111111a1111111111111111111a111111111
22165,harshil,1
22166,harshil,1
22167,harshil,1
22168,harshil,111111111111111111111111111111111111111111@1111111111111111111111111111a1111111111111111111a111111111
22169,harshil,111
22170,harshil,111111111111111111111111111111111111111111@1111111111111111111111111111a1111111111111111111a111111111
22171,harshil,1
22172,harshil,1
22173,harshil,1
22174,harshil,111111111111111111111111111111111111111111@1111111111111111111111111111a1111111111111111111a111111111
22175,harshil,111
22176,harshil,111111111111111111111111111111111111111111@1111111111111111111111111111a1111111111111111111a111111111
22177,harshil,1
22178,harshil,1
22179,harshil,1
22180,harshil,111111111111111111111111111111111111111111@1111111111111111111111111111a1111111111111111111a111111111
22181,harshil,111
22182,harshil,111111111111111111111111111111111111111111@1111111111111111111111111111a1111111111111111111a111111111
22183,harshil,1
22184,harshil,1
22185,harshil,1
22186,harshil,111111111111111111111111111111111111111111@1111111111111111111111111111a1111111111111111111a111111111
22187,harshil,111
22188,harshil,111111111111111111111111111111111111111111@1111111111111111111111111111a1111111111111111111a111111111
22189,harshil,1
22190,harshil,1
22191,harshil,1
22192,harshil,111111111111111111111111111111111111111111@1111111111111111111111111111a1111111111111111111a111111111
22193,harshil,111
22194,harshil,111111111111111111111111111111111111111111@1111111111111111111111111111a1111111111111111111a111111111
22195,harshil,1
22196,harshil,1
22197,harshil,1
22198,harshil,111111111111111111111111111111111111111111@1111111111111111111111111111a1111111111111111111a111111111
22199,harshil,111
22200,harshil,111111111111111111111111111111111111111111@1111111111111111111111111111a1111111111111111111a111111111
22201,harshil,1
22202,harshil,1
22203,harshil,1
22204,harshil,111111111111111111111111111111111111111111@1111111111111111111111111111a1111111111111111111a111111111
22205,harshil,111
22206,harshil,111111111111111111111111111111111111111111@1111111111111111111111111111a1111111111111111111a111111111
22207,harshil,1
22208,harshil,1
22209,harshil,1
22210,harshil,111111111111111111111111111111111111111111@1111111111111111111111111111a1111111111111111111a111111111
22211,harshil,111
22212,harshil,111111111111111111111111111111111111111111@1111111111111111111111111111a1111111111111111111a111111111
22213,harshil,1
22214,harshil,1
22215,harshil,1
22216,harshil,111111111111111111111111111111111111111111@1111111111111111111111111111a1111111111111111111a111111111
22217,harshil,111
22218,harshil,111111111111111111111111111111111111111111@1111111111111111111111111111a1111111111111111111a111111111
22219,harshil,1
22220,harshil,1
22221,harshil,1
22222,harshil,111111111111111111111111111111111111111111@1111111111111111111111111111a1111111111111111111a111111111
22223,harshil,111
22224,harshil,111111111111111111111111111111111111111111@1111111111111111111111111111a1111111111111111111a111111111
22225,harshil,1
22226,harshil,1
22227,harshil,1
22228,harshil,111111111111111111111111111111111111111111@1111111111111111111111111111a1111111111111111111a111111111
22229,harshil,111
22230,harshil,111111111111111111111111111111111111111111@1111111111111111111111111111a1111111111111111111a111111111
22231,harshil,1
22232,harshil,1
22233,harshil,1
22234,harshil,111111111111111111111111111111111111111111@1111111111111111111111111111a1111111111111111111a111111111
22235,harshil,111
22236,harshil,111111111111111111111111111111111111111111@1111111111111111111111111111a1111111111111111111a111111111
22237,harshil,1
22238,harshil,1
22239,harshil,1
22240,harshil,111111111111111111111111111111111111111111@1111111111111111111111111111a1111111111111111111a111111111
22241,harshil,111
22242,harshil,111111111111111111111111111111111111111111@1111111111111111111111111111a1111111111111111111a111111111
22243,harshil,1
22244,harshil,1
22245,harshil,1
22246,harshil,111111111111111111111111111111111111111111@1111111111111111111111111111a1111111111111111111a111111111
22247,harshil,111
22248,harshil,111111111111111111111111111111111111111111@1111111111111111111111111111a1111111111111111111a111111111
22249,harshil,1
22250,harshil,1
22251,harshil,1
22252,harshil,111111111111111111111111111111111111111111@1111111111111111111111111111a1111111111111111111a111111111
22253,harshil,111
22254,harshil,111111111111111111111111111111111111111111@1111111111111111111111111111a1111111111111111111a111111111
22255,harshil,1
22256,harshil,1
22257,harshil,1
22258,harshil,111111111111111111111111111111111111111111@1111111111111111111111111111a1111111111111111111a111111111
22259,harshil,111
22260,harshil,111111111111111111111111111111111111111111@1111111111111111111111111111a1111111111111111111a111111111
22261,harshil,1
22262,harshil,1
22263,harshil,1
22264,harshil,111111111111111111111111111111111111111111@1111111111111111111111111111a1111111111111111111a111111111
22265,harshil,111
22266,harshil,111111111111111111111111111111111111111111@1111111111111111111111111111a1111111111111111111a111111111
22267,harshil,1
22268,harshil,1
22269,harshil,1
22270,harshil,111111111111111111111111111111111111111111@1111111111111111111111111111a1111111111111111111a111111111
22271,harshil,111
22272,harshil,111111111111111111111111111111111111111111@1111111111111111111111111111a1111111111111111111a111111111
22273,harshil,1
22274,harshil,1
22275,harshil,1
22276,harshil,111111111111111111111111111111111111111111@1111111111111111111111111111a1111111111111111111a111111111
22277,harshil,111
22278,harshil,111111111111111111111111111111111111111111@1111111111111111111111111111a1111111111111111111a111111111
22279,harshil,1
22280,harshil,1
22281,harshil,1
22282,harshil,111111111111111111111111111111111111111111@1111111111111111111111111111a1111111111111111111a111111111
22283,harshil,111
22284,harshil,111111111111111111111111111111111111111111@1111111111111111111111111111a1111111111111111111a111111111
22285,harshil,1
22286,harshil,1
22287,harshil,1
22288,harshil,111111111111111111111111111111111111111111@1111111111111111111111111111a1111111111111111111a111111111
22289,harshil,111
22290,harshil,111111111111111111111111111111111111111111@1111111111111111111111111111a1111111111111111111a111111111
22291,harshil,1
22292,harshil,1
22293,harshil,1
22294,harshil,111111111111111111111111111111111111111111@1111111111111111111111111111a1111111111111111111a111111111
22295,harshil,111
22296,harshil,111111111111111111111111111111111111111111@1111111111111111111111111111a1111111111111111111a111111111
22297,harshil,1
22298,harshil,1
22299,harshil,1
22300,harshil,111111111111111111111111111111111111111111@1111111111111111111111111111a1111111111111111111a111111111
22301,harshil,111
22302,harshil,111111111111111111111111111111111111111111@1111111111111111111111111111a1111111111111111111a111111111
22303,harshil,1
22304,harshil,1
22305,harshil,1
22306,harshil,111111111111111111111111111111111111111111@1111111111111111111111111111a1111111111111111111a111111111
22307,harshil,111
22308,harshil,111111111111111111111111111111111111111111@1111111111111111111111111111a1111111111111111111a111111111
22309,harshil,1
22310,harshil,1
22311,harshil,1
22312,harshil,111111111111111111111111111111111111111111@1111111111111111111111111111a1111111111111111111a111111111
22313,harshil,111
22314,harshil,111111111111111111111111111111111111111111@1111111111111111111111111111a1111111111111111111a111111111
22315,harshil,1
22316,harshil,1
22317,harshil,1
22318,harshil,111111111111111111111111111111111111111111@1111111111111111111111111111a1111111111111111111a111111111
22319,harshil,111
22320,harshil,111111111111111111111111111111111111111111@1111111111111111111111111111a1111111111111111111a111111111
22321,harshil,1
22322,harshil,1
22323,harshil,1
22324,harshil,111111111111111111111111111111111111111111@1111111111111111111111111111a1111111111111111111a111111111
22325,harshil,111
22326,harshil,111111111111111111111111111111111111111111@1111111111111111111111111111a1111111111111111111a111111111
22327,harshil,1
22328,harshil,1
22329,harshil,1
22330,harshil,111111111111111111111111111111111111111111@1111111111111111111111111111a1111111111111111111a111111111
22331,harshil,111
22332,harshil,111111111111111111111111111111111111111111@1111111111111111111111111111a1111111111111111111a111111111
22333,harshil,1
22334,harshil,1
22335,harshil,1
22336,harshil,111111111111111111111111111111111111111111@1111111111111111111111111111a1111111111111111111a111111111
22337,harshil,111
22338,harshil,111111111111111111111111111111111111111111@1111111111111111111111111111a1111111111111111111a111111111
22339,harshil,1
22340,harshil,1
22341,harshil,1
22342,harshil,111111111111111111111111111111111111111111@1111111111111111111111111111a1111111111111111111a111111111
22343,harshil,111
22344,harshil,111111111111111111111111111111111111111111@1111111111111111111111111111a1111111111111111111a111111111
22345,harshil,1
22346,harshil,1
22347,harshil,1
22348,harshil,111111111111111111111111111111111111111111@1111111111111111111111111111a1111111111111111111a111111111
22349,harshil,111
22350,harshil,111111111111111111111111111111111111111111@1111111111111111111111111111a1111111111111111111a111111111
22351,harshil,1
22352,harshil,1
22353,harshil,1
22354,harshil,111111111111111111111111111111111111111111@1111111111111111111111111111a1111111111111111111a111111111
22355,harshil,111
22356,harshil,111111111111111111111111111111111111111111@1111111111111111111111111111a1111111111111111111a111111111
22357,harshil,1
22358,harshil,1
22359,harshil,1
22360,harshil,111111111111111111111111111111111111111111@1111111111111111111111111111a1111111111111111111a111111111
22361,harshil,111
22362,harshil,111111111111111111111111111111111111111111@1111111111111111111111111111a1111111111111111111a111111111
22363,harshil,1
22364,harshil,1
22365,harshil,1
22366,harshil,111111111111111111111111111111111111111111@1111111111111111111111111111a1111111111111111111a111111111
22367,harshil,111
22368,harshil,111111111111111111111111111111111111111111@1111111111111111111111111111a1111111111111111111a111111111
22369,harshil,1
22370,harshil,1
22371,harshil,1
22372,harshil,111111111111111111111111111111111111111111@1111111111111111111111111111a1111111111111111111a111111111
22373,harshil,111
22374,harshil,111111111111111111111111111111111111111111@1111111111111111111111111111a1111111111111111111a111111111
22375,harshil,1
22376,harshil,1
22377,harshil,1
22378,harshil,111111111111111111111111111111111111111111@1111111111111111111111111111a1111111111111111111a111111111
22379,harshil,111
22380,harshil,111111111111111111111111111111111111111111@1111111111111111111111111111a1111111111111111111a111111111
22381,harshil,1
22382,harshil,1
22383,harshil,1
22384,harshil,111111111111111111111111111111111111111111@1111111111111111111111111111a1111111111111111111a111111111
22385,harshil,111
22386,harshil,111111111111111111111111111111111111111111@1111111111111111111111111111a1111111111111111111a111111111
22387,harshil,1
22388,harshil,1
22389,harshil,1
22390,harshil,111111111111111111111111111111111111111111@1111111111111111111111111111a1111111111111111111a111111111
22391,harshil,111
22392,harshil,111111111111111111111111111111111111111111@1111111111111111111111111111a1111111111111111111a111111111
22393,harshil,1
22394,harshil,1
22395,harshil,1
22396,harshil,111111111111111111111111111111111111111111@1111111111111111111111111111a1111111111111111111a111111111
22397,harshil,111
22398,harshil,111111111111111111111111111111111111111111@1111111111111111111111111111a1111111111111111111a111111111
22399,harshil,1
22400,harshil,1
22401,harshil,1
22402,harshil,111111111111111111111111111111111111111111@1111111111111111111111111111a1111111111111111111a111111111
22403,harshil,111
22404,harshil,111111111111111111111111111111111111111111@1111111111111111111111111111a1111111111111111111a111111111
22405,harshil,1
22406,harshil,1
22407,harshil,1
22408,harshil,111111111111111111111111111111111111111111@1111111111111111111111111111a1111111111111111111a111111111
22409,harshil,111
22410,harshil,111111111111111111111111111111111111111111@1111111111111111111111111111a1111111111111111111a111111111
22411,harshil,1
22412,harshil,1
22413,harshil,1
22414,harshil,111111111111111111111111111111111111111111@1111111111111111111111111111a1111111111111111111a111111111
22415,harshil,111
22416,harshil,111111111111111111111111111111111111111111@1111111111111111111111111111a1111111111111111111a111111111
22417,harshil,1
22418,harshil,1
22419,harshil,1
22420,harshil,111111111111111111111111111111111111111111@1111111111111111111111111111a1111111111111111111a111111111
22421,harshil,111
22422,harshil,111111111111111111111111111111111111111111@1111111111111111111111111111a1111111111111111111a111111111
22423,harshil,1
22424,harshil,1
22425,harshil,1
22426,harshil,111111111111111111111111111111111111111111@1111111111111111111111111111a1111111111111111111a111111111
22427,harshil,111
22428,harshil,111111111111111111111111111111111111111111@1111111111111111111111111111a1111111111111111111a111111111
22429,harshil,1
22430,harshil,1
22431,harshil,1
22432,harshil,111111111111111111111111111111111111111111@1111111111111111111111111111a1111111111111111111a111111111
22433,harshil,111
22434,harshil,111111111111111111111111111111111111111111@1111111111111111111111111111a1111111111111111111a111111111
22435,harshil,1
22436,harshil,1
22437,harshil,1
22438,harshil,111111111111111111111111111111111111111111@1111111111111111111111111111a1111111111111111111a111111111
22439,harshil,111
22440,harshil,111111111111111111111111111111111111111111@1111111111111111111111111111a1111111111111111111a111111111
22441,harshil,1
22442,harshil,1
22443,harshil,1
22444,harshil,111111111111111111111111111111111111111111@1111111111111111111111111111a1111111111111111111a111111111
22445,harshil,111
22446,harshil,111111111111111111111111111111111111111111@1111111111111111111111111111a1111111111111111111a111111111
22447,harshil,1
22448,harshil,1
22449,harshil,1
22450,harshil,111111111111111111111111111111111111111111@1111111111111111111111111111a1111111111111111111a111111111
22451,harshil,111
22452,harshil,111111111111111111111111111111111111111111@1111111111111111111111111111a1111111111111111111a111111111
22453,harshil,1
22454,harshil,1
22455,harshil,1
22456,harshil,111111111111111111111111111111111111111111@1111111111111111111111111111a1111111111111111111a111111111
22457,harshil,111
22458,harshil,111111111111111111111111111111111111111111@1111111111111111111111111111a1111111111111111111a111111111
22459,harshil,1
22460,harshil,1
22461,harshil,1
22462,harshil,111111111111111111111111111111111111111111@1111111111111111111111111111a1111111111111111111a111111111
22463,harshil,111
22464,harshil,111111111111111111111111111111111111111111@1111111111111111111111111111a1111111111111111111a111111111
22465,harshil,1
22466,harshil,1
22467,harshil,1
22468,harshil,111111111111111111111111111111111111111111@1111111111111111111111111111a1111111111111111111a111111111
22469,harshil,111
22470,harshil,111111111111111111111111111111111111111111@1111111111111111111111111111a1111111111111111111a111111111
22471,harshil,1
22472,harshil,1
22473,harshil,1
22474,harshil,111111111111111111111111111111111111111111@1111111111111111111111111111a1111111111111111111a111111111
22475,harshil,111
22476,harshil,111111111111111111111111111111111111111111@1111111111111111111111111111a1111111111111111111a111111111
22477,harshil,1
22478,harshil,1
22479,harshil,1
22480,harshil,111111111111111111111111111111111111111111@1111111111111111111111111111a1111111111111111111a111111111
22481,harshil,111
22482,harshil,111111111111111111111111111111111111111111@1111111111111111111111111111a1111111111111111111a111111111
22483,harshil,1
22484,harshil,1
22485,harshil,1
22486,harshil,111111111111111111111111111111111111111111@1111111111111111111111111111a1111111111111111111a111111111
22487,harshil,111
22488,harshil,111111111111111111111111111111111111111111@1111111111111111111111111111a1111111111111111111a111111111
22489,harshil,1
22490,harshil,1
22491,harshil,1
22492,harshil,111111111111111111111111111111111111111111@1111111111111111111111111111a1111111111111111111a111111111
22493,harshil,111
22494,harshil,111111111111111111111111111111111111111111@1111111111111111111111111111a1111111111111111111a111111111
22495,harshil,1
22496,harshil,1
22497,harshil,1
22498,harshil,111111111111111111111111111111111111111111@1111111111111111111111111111a1111111111111111111a111111111
22499,harshil,111
22500,harshil,111111111111111111111111111111111111111111@1111111111111111111111111111a1111111111111111111a111111111
22501,harshil,1
22502,harshil,1
22503,harshil,1
22504,harshil,111111111111111111111111111111111111111111@1111111111111111111111111111a1111111111111111111a111111111
22505,harshil,111
22506,harshil,111111111111111111111111111111111111111111@1111111111111111111111111111a1111111111111111111a111111111
22507,harshil,1
22508,harshil,1
22509,harshil,1
22510,harshil,111111111111111111111111111111111111111111@1111111111111111111111111111a1111111111111111111a111111111
22511,harshil,111
22512,harshil,111111111111111111111111111111111111111111@1111111111111111111111111111a1111111111111111111a111111111
22513,harshil,1
22514,harshil,1
22515,harshil,1
22516,harshil,111111111111111111111111111111111111111111@1111111111111111111111111111a1111111111111111111a111111111
22517,harshil,111
22518,harshil,111111111111111111111111111111111111111111@1111111111111111111111111111a1111111111111111111a111111111
22519,harshil,1
22520,harshil,1
22521,harshil,1
22522,harshil,111111111111111111111111111111111111111111@1111111111111111111111111111a1111111111111111111a111111111
22523,harshil,111
22524,harshil,111111111111111111111111111111111111111111@1111111111111111111111111111a1111111111111111111a111111111
22525,harshil,1
22526,harshil,1
22527,harshil,1
22528,harshil,111111111111111111111111111111111111111111@1111111111111111111111111111a1111111111111111111a111111111
22529,harshil,111
22530,harshil,111111111111111111111111111111111111111111@1111111111111111111111111111a1111111111111111111a111111111
22531,harshil,1
22532,harshil,1
22533,harshil,1
22534,harshil,111111111111111111111111111111111111111111@1111111111111111111111111111a1111111111111111111a111111111
22535,harshil,111
22536,harshil,111111111111111111111111111111111111111111@1111111111111111111111111111a1111111111111111111a111111111
22537,harshil,1
22538,harshil,1
22539,harshil,1
22540,harshil,111111111111111111111111111111111111111111@1111111111111111111111111111a1111111111111111111a111111111
22541,harshil,111
22542,harshil,111111111111111111111111111111111111111111@1111111111111111111111111111a1111111111111111111a111111111
22543,harshil,1
22544,harshil,1
22545,harshil,1
22546,harshil,111111111111111111111111111111111111111111@1111111111111111111111111111a1111111111111111111a111111111
22547,harshil,111
22548,harshil,111111111111111111111111111111111111111111@1111111111111111111111111111a1111111111111111111a111111111
22549,harshil,1
22550,harshil,1
22551,harshil,1
22552,harshil,111111111111111111111111111111111111111111@1111111111111111111111111111a1111111111111111111a111111111
22553,harshil,111
22554,harshil,111111111111111111111111111111111111111111@1111111111111111111111111111a1111111111111111111a111111111
22555,harshil,1
22556,harshil,1
22557,harshil,1
22558,harshil,111111111111111111111111111111111111111111@1111111111111111111111111111a1111111111111111111a111111111
22559,harshil,111
22560,harshil,111111111111111111111111111111111111111111@1111111111111111111111111111a1111111111111111111a111111111
22561,harshil,1
22562,harshil,1
22563,harshil,1
22564,harshil,111111111111111111111111111111111111111111@1111111111111111111111111111a1111111111111111111a111111111
22565,harshil,111
22566,harshil,111111111111111111111111111111111111111111@1111111111111111111111111111a1111111111111111111a111111111
22567,harshil,1
22568,harshil,1
22569,harshil,1
22570,harshil,111111111111111111111111111111111111111111@1111111111111111111111111111a1111111111111111111a111111111
22571,harshil,111
22572,harshil,111111111111111111111111111111111111111111@1111111111111111111111111111a1111111111111111111a111111111
22573,harshil,1
22574,harshil,1
22575,harshil,1
22576,harshil,111111111111111111111111111111111111111111@1111111111111111111111111111a1111111111111111111a111111111
22577,harshil,111
22578,harshil,111111111111111111111111111111111111111111@1111111111111111111111111111a1111111111111111111a111111111
22579,harshil,1
22580,harshil,1
22581,harshil,1
22582,harshil,111111111111111111111111111111111111111111@1111111111111111111111111111a1111111111111111111a111111111
22583,harshil,111
22584,harshil,111111111111111111111111111111111111111111@1111111111111111111111111111a1111111111111111111a111111111
22585,harshil,1
22586,harshil,1
22587,harshil,1
22588,harshil,111111111111111111111111111111111111111111@1111111111111111111111111111a1111111111111111111a111111111
22589,harshil,111
22590,harshil,111111111111111111111111111111111111111111@1111111111111111111111111111a1111111111111111111a111111111
22591,harshil,1
22592,harshil,1
22593,harshil,1
22594,harshil,111111111111111111111111111111111111111111@1111111111111111111111111111a1111111111111111111a111111111
22595,harshil,111
22596,harshil,111111111111111111111111111111111111111111@1111111111111111111111111111a1111111111111111111a111111111
22597,harshil,1
22598,harshil,1
22599,harshil,1
22600,harshil,111111111111111111111111111111111111111111@1111111111111111111111111111a1111111111111111111a111111111
22601,harshil,111
22602,harshil,111111111111111111111111111111111111111111@1111111111111111111111111111a1111111111111111111a111111111
22603,harshil,1
22604,harshil,1
22605,harshil,1
22606,harshil,111111111111111111111111111111111111111111@1111111111111111111111111111a1111111111111111111a111111111
22607,harshil,111
22608,harshil,111111111111111111111111111111111111111111@1111111111111111111111111111a1111111111111111111a111111111
22609,harshil,1
22610,harshil,1
22611,harshil,1
22612,harshil,111111111111111111111111111111111111111111@1111111111111111111111111111a1111111111111111111a111111111
22613,harshil,111
22614,harshil,111111111111111111111111111111111111111111@1111111111111111111111111111a1111111111111111111a111111111
22615,harshil,1
22616,harshil,1
22617,harshil,1
22618,harshil,111111111111111111111111111111111111111111@1111111111111111111111111111a1111111111111111111a111111111
22619,harshil,111
22620,harshil,111111111111111111111111111111111111111111@1111111111111111111111111111a1111111111111111111a111111111
22621,harshil,1
22622,harshil,1
22623,harshil,1
22624,harshil,111111111111111111111111111111111111111111@1111111111111111111111111111a1111111111111111111a111111111
22625,harshil,111
22626,harshil,111111111111111111111111111111111111111111@1111111111111111111111111111a1111111111111111111a111111111
22627,harshil,1
22628,harshil,1
22629,harshil,1
22630,harshil,111111111111111111111111111111111111111111@1111111111111111111111111111a1111111111111111111a111111111
22631,harshil,111
22632,harshil,111111111111111111111111111111111111111111@1111111111111111111111111111a1111111111111111111a111111111
22633,harshil,1
22634,harshil,1
22635,harshil,1
22636,harshil,111111111111111111111111111111111111111111@1111111111111111111111111111a1111111111111111111a111111111
22637,harshil,111
22638,harshil,111111111111111111111111111111111111111111@1111111111111111111111111111a1111111111111111111a111111111
22639,harshil,1
22640,harshil,1
22641,harshil,1
22642,harshil,111111111111111111111111111111111111111111@1111111111111111111111111111a1111111111111111111a111111111
22643,harshil,111
22644,harshil,111111111111111111111111111111111111111111@1111111111111111111111111111a1111111111111111111a111111111
22645,harshil,1
22646,harshil,1
22647,harshil,1
22648,harshil,111111111111111111111111111111111111111111@1111111111111111111111111111a1111111111111111111a111111111
22649,harshil,111
22650,harshil,111111111111111111111111111111111111111111@1111111111111111111111111111a1111111111111111111a111111111
22651,harshil,1
22652,harshil,1
22653,harshil,1
22654,harshil,111111111111111111111111111111111111111111@1111111111111111111111111111a1111111111111111111a111111111
22655,harshil,111
22656,harshil,111111111111111111111111111111111111111111@1111111111111111111111111111a1111111111111111111a111111111
22657,harshil,1
22658,harshil,1
22659,harshil,1
22660,harshil,111111111111111111111111111111111111111111@1111111111111111111111111111a1111111111111111111a111111111
22661,harshil,111
22662,harshil,111111111111111111111111111111111111111111@1111111111111111111111111111a1111111111111111111a111111111
22663,harshil,1
22664,harshil,1
22665,harshil,1
22666,harshil,111111111111111111111111111111111111111111@1111111111111111111111111111a1111111111111111111a111111111
22667,harshil,111
22668,harshil,111111111111111111111111111111111111111111@1111111111111111111111111111a1111111111111111111a111111111
22669,harshil,1
22670,harshil,1
22671,harshil,1
22672,harshil,111111111111111111111111111111111111111111@1111111111111111111111111111a1111111111111111111a111111111
22673,harshil,111
22674,harshil,111111111111111111111111111111111111111111@1111111111111111111111111111a1111111111111111111a111111111
22675,harshil,1
22676,harshil,1
22677,harshil,1
22678,harshil,111111111111111111111111111111111111111111@1111111111111111111111111111a1111111111111111111a111111111
22679,harshil,111
22680,harshil,111111111111111111111111111111111111111111@1111111111111111111111111111a1111111111111111111a111111111
22681,harshil,1
22682,harshil,1
22683,harshil,1
22684,harshil,111111111111111111111111111111111111111111@1111111111111111111111111111a1111111111111111111a111111111
22685,harshil,111
22686,harshil,111111111111111111111111111111111111111111@1111111111111111111111111111a1111111111111111111a111111111
22687,harshil,1
22688,harshil,1
22689,harshil,1
22690,harshil,111111111111111111111111111111111111111111@1111111111111111111111111111a1111111111111111111a111111111
22691,harshil,111
22692,harshil,111111111111111111111111111111111111111111@1111111111111111111111111111a1111111111111111111a111111111
22693,harshil,1
22694,harshil,1
22695,harshil,1
22696,harshil,111111111111111111111111111111111111111111@1111111111111111111111111111a1111111111111111111a111111111
22697,harshil,111
22698,harshil,111111111111111111111111111111111111111111@1111111111111111111111111111a1111111111111111111a111111111
22699,harshil,1
22700,harshil,1
22701,harshil,1
22702,harshil,111111111111111111111111111111111111111111@1111111111111111111111111111a1111111111111111111a111111111
22703,harshil,111
22704,harshil,111111111111111111111111111111111111111111@1111111111111111111111111111a1111111111111111111a111111111
22705,harshil,1
22706,harshil,1
22707,harshil,1
22708,harshil,111111111111111111111111111111111111111111@1111111111111111111111111111a1111111111111111111a111111111
22709,harshil,111
22710,harshil,111111111111111111111111111111111111111111@1111111111111111111111111111a1111111111111111111a111111111
22711,harshil,1
22712,harshil,1
22713,harshil,1
22714,harshil,111111111111111111111111111111111111111111@1111111111111111111111111111a1111111111111111111a111111111
22715,harshil,111
22716,harshil,111111111111111111111111111111111111111111@1111111111111111111111111111a1111111111111111111a111111111
22717,harshil,1
22718,harshil,1
22719,harshil,1
22720,harshil,111111111111111111111111111111111111111111@1111111111111111111111111111a1111111111111111111a111111111
22721,harshil,111
22722,harshil,111111111111111111111111111111111111111111@1111111111111111111111111111a1111111111111111111a111111111
22723,harshil,1
22724,harshil,1
22725,harshil,1
22726,harshil,111111111111111111111111111111111111111111@1111111111111111111111111111a1111111111111111111a111111111
22727,harshil,111
22728,harshil,111111111111111111111111111111111111111111@1111111111111111111111111111a1111111111111111111a111111111
22729,harshil,1
22730,harshil,1
22731,harshil,1
22732,harshil,111111111111111111111111111111111111111111@1111111111111111111111111111a1111111111111111111a111111111
22733,harshil,111
22734,harshil,111111111111111111111111111111111111111111@1111111111111111111111111111a1111111111111111111a111111111
22735,harshil,1
22736,harshil,1
22737,harshil,1
22738,harshil,111111111111111111111111111111111111111111@1111111111111111111111111111a1111111111111111111a111111111
22739,harshil,111
22740,harshil,111111111111111111111111111111111111111111@1111111111111111111111111111a1111111111111111111a111111111
22741,harshil,1
22742,harshil,1
22743,harshil,1
22744,harshil,111111111111111111111111111111111111111111@1111111111111111111111111111a1111111111111111111a111111111
22745,harshil,111
22746,harshil,111111111111111111111111111111111111111111@1111111111111111111111111111a1111111111111111111a111111111
22747,harshil,1
22748,harshil,1
22749,harshil,1
22750,harshil,111111111111111111111111111111111111111111@1111111111111111111111111111a1111111111111111111a111111111
22751,harshil,111
22752,harshil,111111111111111111111111111111111111111111@1111111111111111111111111111a1111111111111111111a111111111
22753,harshil,1
22754,harshil,1
22755,harshil,1
22756,harshil,111111111111111111111111111111111111111111@1111111111111111111111111111a1111111111111111111a111111111
22757,harshil,111
22758,harshil,111111111111111111111111111111111111111111@1111111111111111111111111111a1111111111111111111a111111111
22759,harshil,1
22760,harshil,1
22761,harshil,1
22762,harshil,111111111111111111111111111111111111111111@1111111111111111111111111111a1111111111111111111a111111111
22763,harshil,111
22764,harshil,111111111111111111111111111111111111111111@1111111111111111111111111111a1111111111111111111a111111111
22765,harshil,1
22766,harshil,1
22767,harshil,1
22768,harshil,111111111111111111111111111111111111111111@1111111111111111111111111111a1111111111111111111a111111111
22769,harshil,111
22770,harshil,111111111111111111111111111111111111111111@1111111111111111111111111111a1111111111111111111a111111111
22771,harshil,1
22772,harshil,1
22773,harshil,1
22774,harshil,111111111111111111111111111111111111111111@1111111111111111111111111111a1111111111111111111a111111111
22775,harshil,111
22776,harshil,111111111111111111111111111111111111111111@1111111111111111111111111111a1111111111111111111a111111111
22777,harshil,1
22778,harshil,1
22779,harshil,1
22780,harshil,111111111111111111111111111111111111111111@1111111111111111111111111111a1111111111111111111a111111111
22781,harshil,111
22782,harshil,111111111111111111111111111111111111111111@1111111111111111111111111111a1111111111111111111a111111111
22783,harshil,1
22784,harshil,1
22785,harshil,1
22786,harshil,111111111111111111111111111111111111111111@1111111111111111111111111111a1111111111111111111a111111111
22787,harshil,111
22788,harshil,111111111111111111111111111111111111111111@1111111111111111111111111111a1111111111111111111a111111111
22789,harshil,1
22790,harshil,1
22791,harshil,1
22792,harshil,111111111111111111111111111111111111111111@1111111111111111111111111111a1111111111111111111a111111111
22793,harshil,111
22794,harshil,111111111111111111111111111111111111111111@1111111111111111111111111111a1111111111111111111a111111111
22795,harshil,1
22796,harshil,1
22797,harshil,1
22798,harshil,111111111111111111111111111111111111111111@1111111111111111111111111111a1111111111111111111a111111111
22799,harshil,111
22800,harshil,111111111111111111111111111111111111111111@1111111111111111111111111111a1111111111111111111a111111111
22801,harshil,1
22802,harshil,1
22803,harshil,1
22804,harshil,111111111111111111111111111111111111111111@1111111111111111111111111111a1111111111111111111a111111111
22805,harshil,111
22806,harshil,111111111111111111111111111111111111111111@1111111111111111111111111111a1111111111111111111a111111111
22807,harshil,1
22808,harshil,1
22809,harshil,1
22810,harshil,111111111111111111111111111111111111111111@1111111111111111111111111111a1111111111111111111a111111111
22811,harshil,111
22812,harshil,111111111111111111111111111111111111111111@1111111111111111111111111111a1111111111111111111a111111111
22813,harshil,1
22814,harshil,1
22815,harshil,1
22816,harshil,111111111111111111111111111111111111111111@1111111111111111111111111111a1111111111111111111a111111111
22817,harshil,111
22818,harshil,111111111111111111111111111111111111111111@1111111111111111111111111111a1111111111111111111a111111111
22819,harshil,1
22820,harshil,1
22821,harshil,1
22822,harshil,111111111111111111111111111111111111111111@1111111111111111111111111111a1111111111111111111a111111111
22823,harshil,111
22824,harshil,111111111111111111111111111111111111111111@1111111111111111111111111111a1111111111111111111a111111111
22825,harshil,1
22826,harshil,1
22827,harshil,1
22828,harshil,111111111111111111111111111111111111111111@1111111111111111111111111111a1111111111111111111a111111111
22829,harshil,111
22830,harshil,111111111111111111111111111111111111111111@1111111111111111111111111111a1111111111111111111a111111111
22831,harshil,1
22832,harshil,1
22833,harshil,1
22834,harshil,111111111111111111111111111111111111111111@1111111111111111111111111111a1111111111111111111a111111111
22835,harshil,111
22836,harshil,111111111111111111111111111111111111111111@1111111111111111111111111111a1111111111111111111a111111111
22837,harshil,1
22838,harshil,1
22839,harshil,1
22840,harshil,111111111111111111111111111111111111111111@1111111111111111111111111111a1111111111111111111a111111111
22841,harshil,111
22842,harshil,111111111111111111111111111111111111111111@1111111111111111111111111111a1111111111111111111a111111111
22843,harshil,1
22844,harshil,1
22845,harshil,1
22846,harshil,111111111111111111111111111111111111111111@1111111111111111111111111111a1111111111111111111a111111111
22847,harshil,111
22848,harshil,111111111111111111111111111111111111111111@1111111111111111111111111111a1111111111111111111a111111111
22849,harshil,1
22850,harshil,1
22851,harshil,1
22852,harshil,111111111111111111111111111111111111111111@1111111111111111111111111111a1111111111111111111a111111111
22853,harshil,111
22854,harshil,111111111111111111111111111111111111111111@1111111111111111111111111111a1111111111111111111a111111111
22855,harshil,1
22856,harshil,1
22857,harshil,1
22858,harshil,111111111111111111111111111111111111111111@1111111111111111111111111111a1111111111111111111a111111111
22859,harshil,111
22860,harshil,111111111111111111111111111111111111111111@1111111111111111111111111111a1111111111111111111a111111111
22861,harshil,1
22862,harshil,1
22863,harshil,1
22864,harshil,111111111111111111111111111111111111111111@1111111111111111111111111111a1111111111111111111a111111111
22865,harshil,111
22866,harshil,111111111111111111111111111111111111111111@1111111111111111111111111111a1111111111111111111a111111111
22867,harshil,1
22868,harshil,1
22869,harshil,1
22870,harshil,111111111111111111111111111111111111111111@1111111111111111111111111111a1111111111111111111a111111111
22871,harshil,111
22872,harshil,111111111111111111111111111111111111111111@1111111111111111111111111111a1111111111111111111a111111111
22873,harshil,1
22874,harshil,1
22875,harshil,1
22876,harshil,111111111111111111111111111111111111111111@1111111111111111111111111111a1111111111111111111a111111111
22877,harshil,111
22878,harshil,111111111111111111111111111111111111111111@1111111111111111111111111111a1111111111111111111a111111111
22879,harshil,1
22880,harshil,1
22881,harshil,1
22882,harshil,111111111111111111111111111111111111111111@1111111111111111111111111111a1111111111111111111a111111111
22883,harshil,111
22884,harshil,111111111111111111111111111111111111111111@1111111111111111111111111111a1111111111111111111a111111111
22885,harshil,1
22886,harshil,1
22887,harshil,1
22888,harshil,111111111111111111111111111111111111111111@1111111111111111111111111111a1111111111111111111a111111111
22889,harshil,111
22890,harshil,111111111111111111111111111111111111111111@1111111111111111111111111111a1111111111111111111a111111111
22891,harshil,1
22892,harshil,1
22893,harshil,1
22894,harshil,111111111111111111111111111111111111111111@1111111111111111111111111111a1111111111111111111a111111111
22895,harshil,111
22896,harshil,111111111111111111111111111111111111111111@1111111111111111111111111111a1111111111111111111a111111111
22897,harshil,1
22898,harshil,1
22899,harshil,1
22900,harshil,111111111111111111111111111111111111111111@1111111111111111111111111111a1111111111111111111a111111111
22901,harshil,111
22902,harshil,111111111111111111111111111111111111111111@1111111111111111111111111111a1111111111111111111a111111111
22903,harshil,1
22904,harshil,1
22905,harshil,1
22906,harshil,111111111111111111111111111111111111111111@1111111111111111111111111111a1111111111111111111a111111111
22907,harshil,111
22908,harshil,111111111111111111111111111111111111111111@1111111111111111111111111111a1111111111111111111a111111111
22909,harshil,1
22910,harshil,1
22911,harshil,1
22912,harshil,111111111111111111111111111111111111111111@1111111111111111111111111111a1111111111111111111a111111111
22913,harshil,111
22914,harshil,111111111111111111111111111111111111111111@1111111111111111111111111111a1111111111111111111a111111111
22915,harshil,1
22916,harshil,1
22917,harshil,1
22918,harshil,111111111111111111111111111111111111111111@1111111111111111111111111111a1111111111111111111a111111111
22919,harshil,111
22920,harshil,111111111111111111111111111111111111111111@1111111111111111111111111111a1111111111111111111a111111111
22921,harshil,1
22922,harshil,1
22923,harshil,1
22924,harshil,111111111111111111111111111111111111111111@1111111111111111111111111111a1111111111111111111a111111111
22925,harshil,111
22926,harshil,111111111111111111111111111111111111111111@1111111111111111111111111111a1111111111111111111a111111111
22927,harshil,1
22928,harshil,1
22929,harshil,1
22930,harshil,111111111111111111111111111111111111111111@1111111111111111111111111111a1111111111111111111a111111111
22931,harshil,111
22932,harshil,111111111111111111111111111111111111111111@1111111111111111111111111111a1111111111111111111a111111111
22933,harshil,1
22934,harshil,1
22935,harshil,1
22936,harshil,111111111111111111111111111111111111111111@1111111111111111111111111111a1111111111111111111a111111111
22937,harshil,111
22938,harshil,111111111111111111111111111111111111111111@1111111111111111111111111111a1111111111111111111a111111111
22939,harshil,1
22940,harshil,1
22941,harshil,1
22942,harshil,111111111111111111111111111111111111111111@1111111111111111111111111111a1111111111111111111a111111111
22943,harshil,111
22944,harshil,111111111111111111111111111111111111111111@1111111111111111111111111111a1111111111111111111a111111111
22945,harshil,1
22946,harshil,1
22947,harshil,1
22948,harshil,111111111111111111111111111111111111111111@1111111111111111111111111111a1111111111111111111a111111111
22949,harshil,111
22950,harshil,111111111111111111111111111111111111111111@1111111111111111111111111111a1111111111111111111a111111111
22951,harshil,1
22952,harshil,1
22953,harshil,1
22954,harshil,111111111111111111111111111111111111111111@1111111111111111111111111111a1111111111111111111a111111111
22955,harshil,111
22956,harshil,111111111111111111111111111111111111111111@1111111111111111111111111111a1111111111111111111a111111111
22957,harshil,1
22958,harshil,1
22959,harshil,1
22960,harshil,111111111111111111111111111111111111111111@1111111111111111111111111111a1111111111111111111a111111111
22961,harshil,111
22962,harshil,111111111111111111111111111111111111111111@1111111111111111111111111111a1111111111111111111a111111111
22963,harshil,1
22964,harshil,1
22965,harshil,1
22966,harshil,111111111111111111111111111111111111111111@1111111111111111111111111111a1111111111111111111a111111111
22967,harshil,111
22968,harshil,111111111111111111111111111111111111111111@1111111111111111111111111111a1111111111111111111a111111111
22969,harshil,1
22970,harshil,1
22971,harshil,1
22972,harshil,111111111111111111111111111111111111111111@1111111111111111111111111111a1111111111111111111a111111111
22973,harshil,111
22974,harshil,111111111111111111111111111111111111111111@1111111111111111111111111111a1111111111111111111a111111111
22975,harshil,1
22976,harshil,1
22977,harshil,1
22978,harshil,111111111111111111111111111111111111111111@1111111111111111111111111111a1111111111111111111a111111111
22979,harshil,111
22980,harshil,111111111111111111111111111111111111111111@1111111111111111111111111111a1111111111111111111a111111111
22981,harshil,1
22982,harshil,1
22983,harshil,1
22984,harshil,111111111111111111111111111111111111111111@1111111111111111111111111111a1111111111111111111a111111111
22985,harshil,111
22986,harshil,111111111111111111111111111111111111111111@1111111111111111111111111111a1111111111111111111a111111111
22987,harshil,1
22988,harshil,1
22989,harshil,1
22990,harshil,111111111111111111111111111111111111111111@1111111111111111111111111111a1111111111111111111a111111111
22991,harshil,111
22992,harshil,111111111111111111111111111111111111111111@1111111111111111111111111111a1111111111111111111a111111111
22993,harshil,1
22994,harshil,1
22995,harshil,1
22996,harshil,111111111111111111111111111111111111111111@1111111111111111111111111111a1111111111111111111a111111111
22997,harshil,111
22998,harshil,111111111111111111111111111111111111111111@1111111111111111111111111111a1111111111111111111a111111111
22999,harshil,1
23000,harshil,1
23001,harshil,1
23002,harshil,111111111111111111111111111111111111111111@1111111111111111111111111111a1111111111111111111a111111111
23003,harshil,111
23004,harshil,111111111111111111111111111111111111111111@1111111111111111111111111111a1111111111111111111a111111111
23005,harshil,1
23006,harshil,1
23007,harshil,1
23008,harshil,111111111111111111111111111111111111111111@1111111111111111111111111111a1111111111111111111a111111111
23009,harshil,111
23010,harshil,111111111111111111111111111111111111111111@1111111111111111111111111111a1111111111111111111a111111111
23011,harshil,1
23012,harshil,1
23013,harshil,1
23014,harshil,111111111111111111111111111111111111111111@1111111111111111111111111111a1111111111111111111a111111111
23015,harshil,111
23016,harshil,111111111111111111111111111111111111111111@1111111111111111111111111111a1111111111111111111a111111111
23017,harshil,1
23018,harshil,1
23019,harshil,1
23020,harshil,111111111111111111111111111111111111111111@1111111111111111111111111111a1111111111111111111a111111111
23021,harshil,111
23022,harshil,111111111111111111111111111111111111111111@1111111111111111111111111111a1111111111111111111a111111111
23023,harshil,1
23024,harshil,1
23025,harshil,1
23026,harshil,111111111111111111111111111111111111111111@1111111111111111111111111111a1111111111111111111a111111111
23027,harshil,111
23028,harshil,111111111111111111111111111111111111111111@1111111111111111111111111111a1111111111111111111a111111111
23029,harshil,1
23030,harshil,1
23031,harshil,1
23032,harshil,111111111111111111111111111111111111111111@1111111111111111111111111111a1111111111111111111a111111111
23033,harshil,111
23034,harshil,111111111111111111111111111111111111111111@1111111111111111111111111111a1111111111111111111a111111111
23035,harshil,1
23036,harshil,1
23037,harshil,1
23038,harshil,111111111111111111111111111111111111111111@1111111111111111111111111111a1111111111111111111a111111111
23039,harshil,111
23040,harshil,111111111111111111111111111111111111111111@1111111111111111111111111111a1111111111111111111a111111111
23041,harshil,1
23042,harshil,1
23043,harshil,1
23044,harshil,111111111111111111111111111111111111111111@1111111111111111111111111111a1111111111111111111a111111111
23045,harshil,111
23046,harshil,111111111111111111111111111111111111111111@1111111111111111111111111111a1111111111111111111a111111111
23047,harshil,1
23048,harshil,1
23049,harshil,1
23050,harshil,111111111111111111111111111111111111111111@1111111111111111111111111111a1111111111111111111a111111111
23051,harshil,111
23052,harshil,111111111111111111111111111111111111111111@1111111111111111111111111111a1111111111111111111a111111111
23053,harshil,1
23054,harshil,1
23055,harshil,1
23056,harshil,111111111111111111111111111111111111111111@1111111111111111111111111111a1111111111111111111a111111111
23057,harshil,111
23058,harshil,111111111111111111111111111111111111111111@1111111111111111111111111111a1111111111111111111a111111111
23059,harshil,1
23060,harshil,1
23061,harshil,1
23062,harshil,111111111111111111111111111111111111111111@1111111111111111111111111111a1111111111111111111a111111111
23063,harshil,111
23064,harshil,111111111111111111111111111111111111111111@1111111111111111111111111111a1111111111111111111a111111111
23065,harshil,1
23066,harshil,1
23067,harshil,1
23068,harshil,111111111111111111111111111111111111111111@1111111111111111111111111111a1111111111111111111a111111111
23069,harshil,111
23070,harshil,111111111111111111111111111111111111111111@1111111111111111111111111111a1111111111111111111a111111111
23071,harshil,1
23072,harshil,1
23073,harshil,1
23074,harshil,111111111111111111111111111111111111111111@1111111111111111111111111111a1111111111111111111a111111111
23075,harshil,111
23076,harshil,111111111111111111111111111111111111111111@1111111111111111111111111111a1111111111111111111a111111111
23077,harshil,1
23078,harshil,1
23079,harshil,1
23080,harshil,111111111111111111111111111111111111111111@1111111111111111111111111111a1111111111111111111a111111111
23081,harshil,111
23082,harshil,111111111111111111111111111111111111111111@1111111111111111111111111111a1111111111111111111a111111111
23083,harshil,1
23084,harshil,1
23085,harshil,1
23086,harshil,111111111111111111111111111111111111111111@1111111111111111111111111111a1111111111111111111a111111111
23087,harshil,111
23088,harshil,111111111111111111111111111111111111111111@1111111111111111111111111111a1111111111111111111a111111111
23089,harshil,1
23090,harshil,1
23091,harshil,1
23092,harshil,111111111111111111111111111111111111111111@1111111111111111111111111111a1111111111111111111a111111111
23093,harshil,111
23094,harshil,111111111111111111111111111111111111111111@1111111111111111111111111111a1111111111111111111a111111111
23095,harshil,1
23096,harshil,1
23097,harshil,1
23098,harshil,111111111111111111111111111111111111111111@1111111111111111111111111111a1111111111111111111a111111111
23099,harshil,111
23100,harshil,111111111111111111111111111111111111111111@1111111111111111111111111111a1111111111111111111a111111111
23101,harshil,1
23102,harshil,1
23103,harshil,1
23104,harshil,111111111111111111111111111111111111111111@1111111111111111111111111111a1111111111111111111a111111111
23105,harshil,111
23106,harshil,111111111111111111111111111111111111111111@1111111111111111111111111111a1111111111111111111a111111111
23107,harshil,1
23108,harshil,1
23109,harshil,1
23110,harshil,111111111111111111111111111111111111111111@1111111111111111111111111111a1111111111111111111a111111111
23111,harshil,111
23112,harshil,111111111111111111111111111111111111111111@1111111111111111111111111111a1111111111111111111a111111111
23113,harshil,1
23114,harshil,1
23115,harshil,1
23116,harshil,111111111111111111111111111111111111111111@1111111111111111111111111111a1111111111111111111a111111111
23117,harshil,111
23118,harshil,111111111111111111111111111111111111111111@1111111111111111111111111111a1111111111111111111a111111111
23119,harshil,1
23120,harshil,1
23121,harshil,1
23122,harshil,111111111111111111111111111111111111111111@1111111111111111111111111111a1111111111111111111a111111111
23123,harshil,111
23124,harshil,111111111111111111111111111111111111111111@1111111111111111111111111111a1111111111111111111a111111111
23125,harshil,1
23126,harshil,1
23127,harshil,1
23128,harshil,111111111111111111111111111111111111111111@1111111111111111111111111111a1111111111111111111a111111111
23129,harshil,111
23130,harshil,111111111111111111111111111111111111111111@1111111111111111111111111111a1111111111111111111a111111111
23131,harshil,1
23132,harshil,1
23133,harshil,1
23134,harshil,111111111111111111111111111111111111111111@1111111111111111111111111111a1111111111111111111a111111111
23135,harshil,111
23136,harshil,111111111111111111111111111111111111111111@1111111111111111111111111111a1111111111111111111a111111111
23137,harshil,1
23138,harshil,1
23139,harshil,1
23140,harshil,111111111111111111111111111111111111111111@1111111111111111111111111111a1111111111111111111a111111111
23141,harshil,111
23142,harshil,111111111111111111111111111111111111111111@1111111111111111111111111111a1111111111111111111a111111111
23143,harshil,1
23144,harshil,1
23145,harshil,1
23146,harshil,111111111111111111111111111111111111111111@1111111111111111111111111111a1111111111111111111a111111111
23147,harshil,111
23148,harshil,111111111111111111111111111111111111111111@1111111111111111111111111111a1111111111111111111a111111111
23149,harshil,1
23150,harshil,1
23151,harshil,1
23152,harshil,111111111111111111111111111111111111111111@1111111111111111111111111111a1111111111111111111a111111111
23153,harshil,111
23154,harshil,111111111111111111111111111111111111111111@1111111111111111111111111111a1111111111111111111a111111111
23155,harshil,1
23156,harshil,1
23157,harshil,1
23158,harshil,111111111111111111111111111111111111111111@1111111111111111111111111111a1111111111111111111a111111111
23159,harshil,111
23160,harshil,111111111111111111111111111111111111111111@1111111111111111111111111111a1111111111111111111a111111111
23161,harshil,1
23162,harshil,1
23163,harshil,1
23164,harshil,111111111111111111111111111111111111111111@1111111111111111111111111111a1111111111111111111a111111111
23165,harshil,111
23166,harshil,111111111111111111111111111111111111111111@1111111111111111111111111111a1111111111111111111a111111111
23167,harshil,1
23168,harshil,1
23169,harshil,1
23170,harshil,111111111111111111111111111111111111111111@1111111111111111111111111111a1111111111111111111a111111111
23171,harshil,111
23172,harshil,111111111111111111111111111111111111111111@1111111111111111111111111111a1111111111111111111a111111111
23173,harshil,1
23174,harshil,1
23175,harshil,1
23176,harshil,111111111111111111111111111111111111111111@1111111111111111111111111111a1111111111111111111a111111111
23177,harshil,111
23178,harshil,111111111111111111111111111111111111111111@1111111111111111111111111111a1111111111111111111a111111111
23179,harshil,1
23180,harshil,1
23181,harshil,1
23182,harshil,111111111111111111111111111111111111111111@1111111111111111111111111111a1111111111111111111a111111111
23183,harshil,111
23184,harshil,111111111111111111111111111111111111111111@1111111111111111111111111111a1111111111111111111a111111111
23185,harshil,1
23186,harshil,1
23187,harshil,1
23188,harshil,111111111111111111111111111111111111111111@1111111111111111111111111111a1111111111111111111a111111111
23189,harshil,111
23190,harshil,111111111111111111111111111111111111111111@1111111111111111111111111111a1111111111111111111a111111111
23191,harshil,1
23192,harshil,1
23193,harshil,1
23194,harshil,111111111111111111111111111111111111111111@1111111111111111111111111111a1111111111111111111a111111111
23195,harshil,111
23196,harshil,111111111111111111111111111111111111111111@1111111111111111111111111111a1111111111111111111a111111111
23197,harshil,1
23198,harshil,1
23199,harshil,1
23200,harshil,111111111111111111111111111111111111111111@1111111111111111111111111111a1111111111111111111a111111111
23201,harshil,111
23202,harshil,111111111111111111111111111111111111111111@1111111111111111111111111111a1111111111111111111a111111111
23203,harshil,1
23204,harshil,1
23205,harshil,1
23206,harshil,111111111111111111111111111111111111111111@1111111111111111111111111111a1111111111111111111a111111111
23207,harshil,111
23208,harshil,111111111111111111111111111111111111111111@1111111111111111111111111111a1111111111111111111a111111111
23209,harshil,1
23210,harshil,1
23211,harshil,1
23212,harshil,111111111111111111111111111111111111111111@1111111111111111111111111111a1111111111111111111a111111111
23213,harshil,111
23214,harshil,111111111111111111111111111111111111111111@1111111111111111111111111111a1111111111111111111a111111111
23215,harshil,1
23216,harshil,1
23217,harshil,1
23218,harshil,111111111111111111111111111111111111111111@1111111111111111111111111111a1111111111111111111a111111111
23219,harshil,111
23220,harshil,111111111111111111111111111111111111111111@1111111111111111111111111111a1111111111111111111a111111111
23221,harshil,1
23222,harshil,1
23223,harshil,1
23224,harshil,111111111111111111111111111111111111111111@1111111111111111111111111111a1111111111111111111a111111111
23225,harshil,111
23226,harshil,111111111111111111111111111111111111111111@1111111111111111111111111111a1111111111111111111a111111111
23227,harshil,1
23228,harshil,1
23229,harshil,1
23230,harshil,111111111111111111111111111111111111111111@1111111111111111111111111111a1111111111111111111a111111111
23231,harshil,111
23232,harshil,111111111111111111111111111111111111111111@1111111111111111111111111111a1111111111111111111a111111111
23233,harshil,1
23234,harshil,1
23235,harshil,1
23236,harshil,111111111111111111111111111111111111111111@1111111111111111111111111111a1111111111111111111a111111111
23237,harshil,111
23238,harshil,111111111111111111111111111111111111111111@1111111111111111111111111111a1111111111111111111a111111111
23239,harshil,1
23240,harshil,1
23241,harshil,1
23242,harshil,111111111111111111111111111111111111111111@1111111111111111111111111111a1111111111111111111a111111111
23243,harshil,111
23244,harshil,111111111111111111111111111111111111111111@1111111111111111111111111111a1111111111111111111a111111111
23245,harshil,1
23246,harshil,1
23247,harshil,1
23248,harshil,111111111111111111111111111111111111111111@1111111111111111111111111111a1111111111111111111a111111111
23249,harshil,111
23250,harshil,111111111111111111111111111111111111111111@1111111111111111111111111111a1111111111111111111a111111111
23251,harshil,1
23252,harshil,1
23253,harshil,1
23254,harshil,111111111111111111111111111111111111111111@1111111111111111111111111111a1111111111111111111a111111111
23255,harshil,111
23256,harshil,111111111111111111111111111111111111111111@1111111111111111111111111111a1111111111111111111a111111111
23257,harshil,1
23258,harshil,1
23259,harshil,1
23260,harshil,111111111111111111111111111111111111111111@1111111111111111111111111111a1111111111111111111a111111111
23261,harshil,111
23262,harshil,111111111111111111111111111111111111111111@1111111111111111111111111111a1111111111111111111a111111111
23263,harshil,1
23264,harshil,1
23265,harshil,1
23266,harshil,111111111111111111111111111111111111111111@1111111111111111111111111111a1111111111111111111a111111111
23267,harshil,111
23268,harshil,111111111111111111111111111111111111111111@1111111111111111111111111111a1111111111111111111a111111111
23269,harshil,1
23270,harshil,1
23271,harshil,1
23272,harshil,111111111111111111111111111111111111111111@1111111111111111111111111111a1111111111111111111a111111111
23273,harshil,111
23274,harshil,111111111111111111111111111111111111111111@1111111111111111111111111111a1111111111111111111a111111111
23275,harshil,1
23276,harshil,1
23277,harshil,1
23278,harshil,111111111111111111111111111111111111111111@1111111111111111111111111111a1111111111111111111a111111111
23279,harshil,111
23280,harshil,111111111111111111111111111111111111111111@1111111111111111111111111111a1111111111111111111a111111111
23281,harshil,1
23282,harshil,1
23283,harshil,1
23284,harshil,111111111111111111111111111111111111111111@1111111111111111111111111111a1111111111111111111a111111111
23285,harshil,111
23286,harshil,111111111111111111111111111111111111111111@1111111111111111111111111111a1111111111111111111a111111111
23287,harshil,1
23288,harshil,1
23289,harshil,1
23290,harshil,111111111111111111111111111111111111111111@1111111111111111111111111111a1111111111111111111a111111111
23291,harshil,111
23292,harshil,111111111111111111111111111111111111111111@1111111111111111111111111111a1111111111111111111a111111111
23293,harshil,1
23294,harshil,1
23295,harshil,1
23296,harshil,111111111111111111111111111111111111111111@1111111111111111111111111111a1111111111111111111a111111111
23297,harshil,111
23298,harshil,111111111111111111111111111111111111111111@1111111111111111111111111111a1111111111111111111a111111111
23299,harshil,1
23300,harshil,1
23301,harshil,1
23302,harshil,111111111111111111111111111111111111111111@1111111111111111111111111111a1111111111111111111a111111111
23303,harshil,111
23304,harshil,111111111111111111111111111111111111111111@1111111111111111111111111111a1111111111111111111a111111111
23305,harshil,1
23306,harshil,1
23307,harshil,1
23308,harshil,111111111111111111111111111111111111111111@1111111111111111111111111111a1111111111111111111a111111111
23309,harshil,111
23310,harshil,111111111111111111111111111111111111111111@1111111111111111111111111111a1111111111111111111a111111111
23311,harshil,1
23312,harshil,1
23313,harshil,1
23314,harshil,111111111111111111111111111111111111111111@1111111111111111111111111111a1111111111111111111a111111111
23315,harshil,111
23316,harshil,111111111111111111111111111111111111111111@1111111111111111111111111111a1111111111111111111a111111111
23317,harshil,1
23318,harshil,1
23319,harshil,1
23320,harshil,111111111111111111111111111111111111111111@1111111111111111111111111111a1111111111111111111a111111111
23321,harshil,111
23322,harshil,111111111111111111111111111111111111111111@1111111111111111111111111111a1111111111111111111a111111111
23323,harshil,1
23324,harshil,1
23325,harshil,1
23326,harshil,111111111111111111111111111111111111111111@1111111111111111111111111111a1111111111111111111a111111111
23327,harshil,111
23328,harshil,111111111111111111111111111111111111111111@1111111111111111111111111111a1111111111111111111a111111111
23329,harshil,1
23330,harshil,1
23331,harshil,1
23332,harshil,111111111111111111111111111111111111111111@1111111111111111111111111111a1111111111111111111a111111111
23333,harshil,111
23334,harshil,111111111111111111111111111111111111111111@1111111111111111111111111111a1111111111111111111a111111111
23335,harshil,1
23336,harshil,1
23337,harshil,1
23338,harshil,111111111111111111111111111111111111111111@1111111111111111111111111111a1111111111111111111a111111111
23339,harshil,111
23340,harshil,111111111111111111111111111111111111111111@1111111111111111111111111111a1111111111111111111a111111111
23341,harshil,1
23342,harshil,1
23343,harshil,1
23344,harshil,111111111111111111111111111111111111111111@1111111111111111111111111111a1111111111111111111a111111111
23345,harshil,111
23346,harshil,111111111111111111111111111111111111111111@1111111111111111111111111111a1111111111111111111a111111111
23347,harshil,1
23348,harshil,1
23349,harshil,1
23350,harshil,111111111111111111111111111111111111111111@1111111111111111111111111111a1111111111111111111a111111111
23351,harshil,111
23352,harshil,111111111111111111111111111111111111111111@1111111111111111111111111111a1111111111111111111a111111111
23353,harshil,1
23354,harshil,1
23355,harshil,1
23356,harshil,111111111111111111111111111111111111111111@1111111111111111111111111111a1111111111111111111a111111111
23357,harshil,111
23358,harshil,111111111111111111111111111111111111111111@1111111111111111111111111111a1111111111111111111a111111111
23359,harshil,1
23360,harshil,1
23361,harshil,1
23362,harshil,111111111111111111111111111111111111111111@1111111111111111111111111111a1111111111111111111a111111111
23363,harshil,111
23364,harshil,111111111111111111111111111111111111111111@1111111111111111111111111111a1111111111111111111a111111111
23365,harshil,1
23366,harshil,1
23367,harshil,1
23368,harshil,111111111111111111111111111111111111111111@1111111111111111111111111111a1111111111111111111a111111111
23369,harshil,111
23370,harshil,111111111111111111111111111111111111111111@1111111111111111111111111111a1111111111111111111a111111111
23371,harshil,1
23372,harshil,1
23373,harshil,1
23374,harshil,111111111111111111111111111111111111111111@1111111111111111111111111111a1111111111111111111a111111111
23375,harshil,111
23376,harshil,111111111111111111111111111111111111111111@1111111111111111111111111111a1111111111111111111a111111111
23377,harshil,1
23378,harshil,1
23379,harshil,1
23380,harshil,111111111111111111111111111111111111111111@1111111111111111111111111111a1111111111111111111a111111111
23381,harshil,111
23382,harshil,111111111111111111111111111111111111111111@1111111111111111111111111111a1111111111111111111a111111111
23383,harshil,1
23384,harshil,1
23385,harshil,1
23386,harshil,111111111111111111111111111111111111111111@1111111111111111111111111111a1111111111111111111a111111111
23387,harshil,111
23388,harshil,111111111111111111111111111111111111111111@1111111111111111111111111111a1111111111111111111a111111111
23389,harshil,1
23390,harshil,1
23391,harshil,1
23392,harshil,111111111111111111111111111111111111111111@1111111111111111111111111111a1111111111111111111a111111111
23393,harshil,111
23394,harshil,111111111111111111111111111111111111111111@1111111111111111111111111111a1111111111111111111a111111111
23395,harshil,1
23396,harshil,1
23397,harshil,1
23398,harshil,111111111111111111111111111111111111111111@1111111111111111111111111111a1111111111111111111a111111111
23399,harshil,111
23400,harshil,111111111111111111111111111111111111111111@1111111111111111111111111111a1111111111111111111a111111111
23401,harshil,1
23402,harshil,1
23403,harshil,1
23404,harshil,111111111111111111111111111111111111111111@1111111111111111111111111111a1111111111111111111a111111111
23405,harshil,111
23406,harshil,111111111111111111111111111111111111111111@1111111111111111111111111111a1111111111111111111a111111111
23407,harshil,1
23408,harshil,1
23409,harshil,1
23410,harshil,111111111111111111111111111111111111111111@1111111111111111111111111111a1111111111111111111a111111111
23411,harshil,111
23412,harshil,111111111111111111111111111111111111111111@1111111111111111111111111111a1111111111111111111a111111111
23413,harshil,1
23414,harshil,1
23415,harshil,1
23416,harshil,111111111111111111111111111111111111111111@1111111111111111111111111111a1111111111111111111a111111111
23417,harshil,111
23418,harshil,111111111111111111111111111111111111111111@1111111111111111111111111111a1111111111111111111a111111111
23419,harshil,1
23420,harshil,1
23421,harshil,1
23422,harshil,111111111111111111111111111111111111111111@1111111111111111111111111111a1111111111111111111a111111111
23423,harshil,111
23424,harshil,111111111111111111111111111111111111111111@1111111111111111111111111111a1111111111111111111a111111111
23425,harshil,1
23426,harshil,1
23427,harshil,1
23428,harshil,111111111111111111111111111111111111111111@1111111111111111111111111111a1111111111111111111a111111111
23429,harshil,111
23430,harshil,111111111111111111111111111111111111111111@1111111111111111111111111111a1111111111111111111a111111111
23431,harshil,1
23432,harshil,1
23433,harshil,1
23434,harshil,111111111111111111111111111111111111111111@1111111111111111111111111111a1111111111111111111a111111111
23435,harshil,111
23436,harshil,111111111111111111111111111111111111111111@1111111111111111111111111111a1111111111111111111a111111111
23437,harshil,1
23438,harshil,1
23439,harshil,1
23440,harshil,111111111111111111111111111111111111111111@1111111111111111111111111111a1111111111111111111a111111111
23441,harshil,111
23442,harshil,111111111111111111111111111111111111111111@1111111111111111111111111111a1111111111111111111a111111111
23443,harshil,1
23444,harshil,1
23445,harshil,1
23446,harshil,111111111111111111111111111111111111111111@1111111111111111111111111111a1111111111111111111a111111111
23447,harshil,111
23448,harshil,111111111111111111111111111111111111111111@1111111111111111111111111111a1111111111111111111a111111111
23449,harshil,1
23450,harshil,1
23451,harshil,1
23452,harshil,111111111111111111111111111111111111111111@1111111111111111111111111111a1111111111111111111a111111111
23453,harshil,111
23454,harshil,111111111111111111111111111111111111111111@1111111111111111111111111111a1111111111111111111a111111111
23455,harshil,1
23456,harshil,1
23457,harshil,1
23458,harshil,111111111111111111111111111111111111111111@1111111111111111111111111111a1111111111111111111a111111111
23459,harshil,111
23460,harshil,111111111111111111111111111111111111111111@1111111111111111111111111111a1111111111111111111a111111111
23461,harshil,1
23462,harshil,1
23463,harshil,1
23464,harshil,111111111111111111111111111111111111111111@1111111111111111111111111111a1111111111111111111a111111111
23465,harshil,111
23466,harshil,111111111111111111111111111111111111111111@1111111111111111111111111111a1111111111111111111a111111111
23467,harshil,1
23468,harshil,1
23469,harshil,1
23470,harshil,111111111111111111111111111111111111111111@1111111111111111111111111111a1111111111111111111a111111111
23471,harshil,111
23472,harshil,111111111111111111111111111111111111111111@1111111111111111111111111111a1111111111111111111a111111111
23473,harshil,1
23474,harshil,1
23475,harshil,1
23476,harshil,111111111111111111111111111111111111111111@1111111111111111111111111111a1111111111111111111a111111111
23477,harshil,111
23478,harshil,111111111111111111111111111111111111111111@1111111111111111111111111111a1111111111111111111a111111111
23479,harshil,1
23480,harshil,1
23481,harshil,1
23482,harshil,111111111111111111111111111111111111111111@1111111111111111111111111111a1111111111111111111a111111111
23483,harshil,111
23484,harshil,111111111111111111111111111111111111111111@1111111111111111111111111111a1111111111111111111a111111111
23485,harshil,1
23486,harshil,1
23487,harshil,1
23488,harshil,111111111111111111111111111111111111111111@1111111111111111111111111111a1111111111111111111a111111111
23489,harshil,111
23490,harshil,111111111111111111111111111111111111111111@1111111111111111111111111111a1111111111111111111a111111111
23491,harshil,1
23492,harshil,1
23493,harshil,1
23494,harshil,111111111111111111111111111111111111111111@1111111111111111111111111111a1111111111111111111a111111111
23495,harshil,111
23496,harshil,111111111111111111111111111111111111111111@1111111111111111111111111111a1111111111111111111a111111111
23497,harshil,1
23498,harshil,1
23499,harshil,1
23500,harshil,111111111111111111111111111111111111111111@1111111111111111111111111111a1111111111111111111a111111111
23501,harshil,111
23502,harshil,111111111111111111111111111111111111111111@1111111111111111111111111111a1111111111111111111a111111111
23503,harshil,1
23504,harshil,1
23505,harshil,1
23506,harshil,111111111111111111111111111111111111111111@1111111111111111111111111111a1111111111111111111a111111111
23507,harshil,111
23508,harshil,111111111111111111111111111111111111111111@1111111111111111111111111111a1111111111111111111a111111111
23509,harshil,1
23510,harshil,1
23511,harshil,1
23512,harshil,111111111111111111111111111111111111111111@1111111111111111111111111111a1111111111111111111a111111111
23513,harshil,111
23514,harshil,111111111111111111111111111111111111111111@1111111111111111111111111111a1111111111111111111a111111111
23515,harshil,1
23516,harshil,1
23517,harshil,1
23518,harshil,111111111111111111111111111111111111111111@1111111111111111111111111111a1111111111111111111a111111111
23519,harshil,111
23520,harshil,111111111111111111111111111111111111111111@1111111111111111111111111111a1111111111111111111a111111111
23521,harshil,1
23522,harshil,1
23523,harshil,1
23524,harshil,111111111111111111111111111111111111111111@1111111111111111111111111111a1111111111111111111a111111111
23525,harshil,111
23526,harshil,111111111111111111111111111111111111111111@1111111111111111111111111111a1111111111111111111a111111111
23527,harshil,1
23528,harshil,1
23529,harshil,1
23530,harshil,111111111111111111111111111111111111111111@1111111111111111111111111111a1111111111111111111a111111111
23531,harshil,111
23532,harshil,111111111111111111111111111111111111111111@1111111111111111111111111111a1111111111111111111a111111111
23533,harshil,1
23534,harshil,1
23535,harshil,1
23536,harshil,111111111111111111111111111111111111111111@1111111111111111111111111111a1111111111111111111a111111111
23537,harshil,111
23538,harshil,111111111111111111111111111111111111111111@1111111111111111111111111111a1111111111111111111a111111111
23539,harshil,1
23540,harshil,1
23541,harshil,1
23542,harshil,111111111111111111111111111111111111111111@1111111111111111111111111111a1111111111111111111a111111111
23543,harshil,111
23544,harshil,111111111111111111111111111111111111111111@1111111111111111111111111111a1111111111111111111a111111111
23545,harshil,1
23546,harshil,1
23547,harshil,1
23548,harshil,111111111111111111111111111111111111111111@1111111111111111111111111111a1111111111111111111a111111111
23549,harshil,111
23550,harshil,111111111111111111111111111111111111111111@1111111111111111111111111111a1111111111111111111a111111111
23551,harshil,1
23552,harshil,1
23553,harshil,1
23554,harshil,111111111111111111111111111111111111111111@1111111111111111111111111111a1111111111111111111a111111111
23555,harshil,111
23556,harshil,111111111111111111111111111111111111111111@1111111111111111111111111111a1111111111111111111a111111111
23557,harshil,1
23558,harshil,1
23559,harshil,1
23560,harshil,111111111111111111111111111111111111111111@1111111111111111111111111111a1111111111111111111a111111111
23561,harshil,111
23562,harshil,111111111111111111111111111111111111111111@1111111111111111111111111111a1111111111111111111a111111111
23563,harshil,1
23564,harshil,1
23565,harshil,1
23566,harshil,111111111111111111111111111111111111111111@1111111111111111111111111111a1111111111111111111a111111111
23567,harshil,111
23568,harshil,111111111111111111111111111111111111111111@1111111111111111111111111111a1111111111111111111a111111111
23569,harshil,1
23570,harshil,1
23571,harshil,1
23572,harshil,111111111111111111111111111111111111111111@1111111111111111111111111111a1111111111111111111a111111111
23573,harshil,111
23574,harshil,111111111111111111111111111111111111111111@1111111111111111111111111111a1111111111111111111a111111111
23575,harshil,1
23576,harshil,1
23577,harshil,1
23578,harshil,111111111111111111111111111111111111111111@1111111111111111111111111111a1111111111111111111a111111111
23579,harshil,111
23580,harshil,111111111111111111111111111111111111111111@1111111111111111111111111111a1111111111111111111a111111111
23581,harshil,1
23582,harshil,1
23583,harshil,1
23584,harshil,111111111111111111111111111111111111111111@1111111111111111111111111111a1111111111111111111a111111111
23585,harshil,111
23586,harshil,111111111111111111111111111111111111111111@1111111111111111111111111111a1111111111111111111a111111111
23587,harshil,1
23588,harshil,1
23589,harshil,1
23590,harshil,111111111111111111111111111111111111111111@1111111111111111111111111111a1111111111111111111a111111111
23591,harshil,111
23592,harshil,111111111111111111111111111111111111111111@1111111111111111111111111111a1111111111111111111a111111111
23593,harshil,1
23594,harshil,1
23595,harshil,1
23596,harshil,111111111111111111111111111111111111111111@1111111111111111111111111111a1111111111111111111a111111111
23597,harshil,111
23598,harshil,111111111111111111111111111111111111111111@1111111111111111111111111111a1111111111111111111a111111111
23599,harshil,1
23600,harshil,1
23601,harshil,1
23602,harshil,111111111111111111111111111111111111111111@1111111111111111111111111111a1111111111111111111a111111111
23603,harshil,111
23604,harshil,111111111111111111111111111111111111111111@1111111111111111111111111111a1111111111111111111a111111111
23605,harshil,1
23606,harshil,1
23607,harshil,1
23608,harshil,111111111111111111111111111111111111111111@1111111111111111111111111111a1111111111111111111a111111111
23609,harshil,111
23610,harshil,111111111111111111111111111111111111111111@1111111111111111111111111111a1111111111111111111a111111111
23611,harshil,1
23612,harshil,1
23613,harshil,1
23614,harshil,111111111111111111111111111111111111111111@1111111111111111111111111111a1111111111111111111a111111111
23615,harshil,111
23616,harshil,111111111111111111111111111111111111111111@1111111111111111111111111111a1111111111111111111a111111111
23617,harshil,1
23618,harshil,1
23619,harshil,1
23620,harshil,111111111111111111111111111111111111111111@1111111111111111111111111111a1111111111111111111a111111111
23621,harshil,111
23622,harshil,111111111111111111111111111111111111111111@1111111111111111111111111111a1111111111111111111a111111111
23623,harshil,1
23624,harshil,1
23625,harshil,1
23626,harshil,111111111111111111111111111111111111111111@1111111111111111111111111111a1111111111111111111a111111111
23627,harshil,111
23628,harshil,111111111111111111111111111111111111111111@1111111111111111111111111111a1111111111111111111a111111111
23629,harshil,1
23630,harshil,1
23631,harshil,1
23632,harshil,111111111111111111111111111111111111111111@1111111111111111111111111111a1111111111111111111a111111111
23633,harshil,111
23634,harshil,111111111111111111111111111111111111111111@1111111111111111111111111111a1111111111111111111a111111111
23635,harshil,1
23636,harshil,1
23637,harshil,1
23638,harshil,111111111111111111111111111111111111111111@1111111111111111111111111111a1111111111111111111a111111111
23639,harshil,111
23640,harshil,111111111111111111111111111111111111111111@1111111111111111111111111111a1111111111111111111a111111111
23641,harshil,1
23642,harshil,1
23643,harshil,1
23644,harshil,111111111111111111111111111111111111111111@1111111111111111111111111111a1111111111111111111a111111111
23645,harshil,111
23646,harshil,111111111111111111111111111111111111111111@1111111111111111111111111111a1111111111111111111a111111111
23647,harshil,1
23648,harshil,1
23649,harshil,1
23650,harshil,111111111111111111111111111111111111111111@1111111111111111111111111111a1111111111111111111a111111111
23651,harshil,111
23652,harshil,111111111111111111111111111111111111111111@1111111111111111111111111111a1111111111111111111a111111111
23653,harshil,1
23654,harshil,1
23655,harshil,1
23656,harshil,111111111111111111111111111111111111111111@1111111111111111111111111111a1111111111111111111a111111111
23657,harshil,111
23658,harshil,111111111111111111111111111111111111111111@1111111111111111111111111111a1111111111111111111a111111111
23659,harshil,1
23660,harshil,1
23661,harshil,1
23662,harshil,111111111111111111111111111111111111111111@1111111111111111111111111111a1111111111111111111a111111111
23663,harshil,111
23664,harshil,111111111111111111111111111111111111111111@1111111111111111111111111111a1111111111111111111a111111111
23665,harshil,1
23666,harshil,1
23667,harshil,1
23668,harshil,111111111111111111111111111111111111111111@1111111111111111111111111111a1111111111111111111a111111111
23669,harshil,111
23670,harshil,111111111111111111111111111111111111111111@1111111111111111111111111111a1111111111111111111a111111111
23671,harshil,1
23672,harshil,1
23673,harshil,1
23674,harshil,111111111111111111111111111111111111111111@1111111111111111111111111111a1111111111111111111a111111111
23675,harshil,111
23676,harshil,111111111111111111111111111111111111111111@1111111111111111111111111111a1111111111111111111a111111111
23677,harshil,1
23678,harshil,1
23679,harshil,1
23680,harshil,111111111111111111111111111111111111111111@1111111111111111111111111111a1111111111111111111a111111111
23681,harshil,111
23682,harshil,111111111111111111111111111111111111111111@1111111111111111111111111111a1111111111111111111a111111111
23683,harshil,1
23684,harshil,1
23685,harshil,1
23686,harshil,111111111111111111111111111111111111111111@1111111111111111111111111111a1111111111111111111a111111111
23687,harshil,111
23688,harshil,111111111111111111111111111111111111111111@1111111111111111111111111111a1111111111111111111a111111111
23689,harshil,1
23690,harshil,1
23691,harshil,1
23692,harshil,111111111111111111111111111111111111111111@1111111111111111111111111111a1111111111111111111a111111111
23693,harshil,111
23694,harshil,111111111111111111111111111111111111111111@1111111111111111111111111111a1111111111111111111a111111111
23695,harshil,1
23696,harshil,1
23697,harshil,1
23698,harshil,111111111111111111111111111111111111111111@1111111111111111111111111111a1111111111111111111a111111111
23699,harshil,111
23700,harshil,111111111111111111111111111111111111111111@1111111111111111111111111111a1111111111111111111a111111111
23701,harshil,1
23702,harshil,1
23703,harshil,1
23704,harshil,111111111111111111111111111111111111111111@1111111111111111111111111111a1111111111111111111a111111111
23705,harshil,111
23706,harshil,111111111111111111111111111111111111111111@1111111111111111111111111111a1111111111111111111a111111111
23707,harshil,1
23708,harshil,1
23709,harshil,1
23710,harshil,111111111111111111111111111111111111111111@1111111111111111111111111111a1111111111111111111a111111111
23711,harshil,111
23712,harshil,111111111111111111111111111111111111111111@1111111111111111111111111111a1111111111111111111a111111111
23713,harshil,1
23714,harshil,1
23715,harshil,1
23716,harshil,111111111111111111111111111111111111111111@1111111111111111111111111111a1111111111111111111a111111111
23717,harshil,111
23718,harshil,111111111111111111111111111111111111111111@1111111111111111111111111111a1111111111111111111a111111111
23719,harshil,1
23720,harshil,1
23721,harshil,1
23722,harshil,111111111111111111111111111111111111111111@1111111111111111111111111111a1111111111111111111a111111111
23723,harshil,111
23724,harshil,111111111111111111111111111111111111111111@1111111111111111111111111111a1111111111111111111a111111111
23725,harshil,1
23726,harshil,1
23727,harshil,1
23728,harshil,111111111111111111111111111111111111111111@1111111111111111111111111111a1111111111111111111a111111111
23729,harshil,111
23730,harshil,111111111111111111111111111111111111111111@1111111111111111111111111111a1111111111111111111a111111111
23731,harshil,1
23732,harshil,1
23733,harshil,1
23734,harshil,111111111111111111111111111111111111111111@1111111111111111111111111111a1111111111111111111a111111111
23735,harshil,111
23736,harshil,111111111111111111111111111111111111111111@1111111111111111111111111111a1111111111111111111a111111111
23737,harshil,1
23738,harshil,1
23739,harshil,1
23740,harshil,111111111111111111111111111111111111111111@1111111111111111111111111111a1111111111111111111a111111111
23741,harshil,111
23742,harshil,111111111111111111111111111111111111111111@1111111111111111111111111111a1111111111111111111a111111111
23743,harshil,1
23744,harshil,1
23745,harshil,1
23746,harshil,111111111111111111111111111111111111111111@1111111111111111111111111111a1111111111111111111a111111111
23747,harshil,111
23748,harshil,111111111111111111111111111111111111111111@1111111111111111111111111111a1111111111111111111a111111111
23749,harshil,1
23750,harshil,1
23751,harshil,1
23752,harshil,111111111111111111111111111111111111111111@1111111111111111111111111111a1111111111111111111a111111111
23753,harshil,111
23754,harshil,111111111111111111111111111111111111111111@1111111111111111111111111111a1111111111111111111a111111111
23755,harshil,1
23756,harshil,1
23757,harshil,1
23758,harshil,111111111111111111111111111111111111111111@1111111111111111111111111111a1111111111111111111a111111111
23759,harshil,111
23760,harshil,111111111111111111111111111111111111111111@1111111111111111111111111111a1111111111111111111a111111111
23761,harshil,1
23762,harshil,1
23763,harshil,1
23764,harshil,111111111111111111111111111111111111111111@1111111111111111111111111111a1111111111111111111a111111111
23765,harshil,111
23766,harshil,111111111111111111111111111111111111111111@1111111111111111111111111111a1111111111111111111a111111111
23767,harshil,1
23768,harshil,1
23769,harshil,1
23770,harshil,111111111111111111111111111111111111111111@1111111111111111111111111111a1111111111111111111a111111111
23771,harshil,111
23772,harshil,111111111111111111111111111111111111111111@1111111111111111111111111111a1111111111111111111a111111111
23773,harshil,1
23774,harshil,1
23775,harshil,1
23776,harshil,111111111111111111111111111111111111111111@1111111111111111111111111111a1111111111111111111a111111111
23777,harshil,111
23778,harshil,111111111111111111111111111111111111111111@1111111111111111111111111111a1111111111111111111a111111111
23779,harshil,1
23780,harshil,1
23781,harshil,1
23782,harshil,111111111111111111111111111111111111111111@1111111111111111111111111111a1111111111111111111a111111111
23783,harshil,111
23784,harshil,111111111111111111111111111111111111111111@1111111111111111111111111111a1111111111111111111a111111111
23785,harshil,1
23786,harshil,1
23787,harshil,1
23788,harshil,111111111111111111111111111111111111111111@1111111111111111111111111111a1111111111111111111a111111111
23789,harshil,111
23790,harshil,111111111111111111111111111111111111111111@1111111111111111111111111111a1111111111111111111a111111111
23791,harshil,1
23792,harshil,1
23793,harshil,1
23794,harshil,111111111111111111111111111111111111111111@1111111111111111111111111111a1111111111111111111a111111111
23795,harshil,111
23796,harshil,111111111111111111111111111111111111111111@1111111111111111111111111111a1111111111111111111a111111111
23797,harshil,1
23798,harshil,1
23799,harshil,1
23800,harshil,111111111111111111111111111111111111111111@1111111111111111111111111111a1111111111111111111a111111111
23801,harshil,111
23802,harshil,111111111111111111111111111111111111111111@1111111111111111111111111111a1111111111111111111a111111111
23803,harshil,1
23804,harshil,1
23805,harshil,1
23806,harshil,111111111111111111111111111111111111111111@1111111111111111111111111111a1111111111111111111a111111111
23807,harshil,111
23808,harshil,111111111111111111111111111111111111111111@1111111111111111111111111111a1111111111111111111a111111111
23809,harshil,1
23810,harshil,1
23811,harshil,1
23812,harshil,111111111111111111111111111111111111111111@1111111111111111111111111111a1111111111111111111a111111111
23813,harshil,111
23814,harshil,111111111111111111111111111111111111111111@1111111111111111111111111111a1111111111111111111a111111111
23815,harshil,1
23816,harshil,1
23817,harshil,1
23818,harshil,111111111111111111111111111111111111111111@1111111111111111111111111111a1111111111111111111a111111111
23819,harshil,111
23820,harshil,111111111111111111111111111111111111111111@1111111111111111111111111111a1111111111111111111a111111111
23821,harshil,1
23822,harshil,1
23823,harshil,1
23824,harshil,111111111111111111111111111111111111111111@1111111111111111111111111111a1111111111111111111a111111111
23825,harshil,111
23826,harshil,111111111111111111111111111111111111111111@1111111111111111111111111111a1111111111111111111a111111111
23827,harshil,1
23828,harshil,1
23829,harshil,1
23830,harshil,111111111111111111111111111111111111111111@1111111111111111111111111111a1111111111111111111a111111111
23831,harshil,111
23832,harshil,111111111111111111111111111111111111111111@1111111111111111111111111111a1111111111111111111a111111111
23833,harshil,1
23834,harshil,1
23835,harshil,1
23836,harshil,111111111111111111111111111111111111111111@1111111111111111111111111111a1111111111111111111a111111111
23837,harshil,111
23838,harshil,111111111111111111111111111111111111111111@1111111111111111111111111111a1111111111111111111a111111111
23839,harshil,1
23840,harshil,1
23841,harshil,1
23842,harshil,111111111111111111111111111111111111111111@1111111111111111111111111111a1111111111111111111a111111111
23843,harshil,111
23844,harshil,111111111111111111111111111111111111111111@1111111111111111111111111111a1111111111111111111a111111111
23845,harshil,1
23846,harshil,1
23847,harshil,1
23848,harshil,111111111111111111111111111111111111111111@1111111111111111111111111111a1111111111111111111a111111111
23849,harshil,111
23850,harshil,111111111111111111111111111111111111111111@1111111111111111111111111111a1111111111111111111a111111111
23851,harshil,1
23852,harshil,1
23853,harshil,1
23854,harshil,111111111111111111111111111111111111111111@1111111111111111111111111111a1111111111111111111a111111111
23855,harshil,111
23856,harshil,111111111111111111111111111111111111111111@1111111111111111111111111111a1111111111111111111a111111111
23857,harshil,1
23858,harshil,1
23859,harshil,1
23860,harshil,111111111111111111111111111111111111111111@1111111111111111111111111111a1111111111111111111a111111111
23861,harshil,111
23862,harshil,111111111111111111111111111111111111111111@1111111111111111111111111111a1111111111111111111a111111111
23863,harshil,1
23864,harshil,1
23865,harshil,1
23866,harshil,111111111111111111111111111111111111111111@1111111111111111111111111111a1111111111111111111a111111111
23867,harshil,111
23868,harshil,111111111111111111111111111111111111111111@1111111111111111111111111111a1111111111111111111a111111111
23869,harshil,1
23870,harshil,1
23871,harshil,1
23872,harshil,111111111111111111111111111111111111111111@1111111111111111111111111111a1111111111111111111a111111111
23873,harshil,111
23874,harshil,111111111111111111111111111111111111111111@1111111111111111111111111111a1111111111111111111a111111111
23875,harshil,1
23876,harshil,1
23877,harshil,1
23878,harshil,111111111111111111111111111111111111111111@1111111111111111111111111111a1111111111111111111a111111111
23879,harshil,111
23880,harshil,111111111111111111111111111111111111111111@1111111111111111111111111111a1111111111111111111a111111111
23881,harshil,1
23882,harshil,1
23883,harshil,1
23884,harshil,111111111111111111111111111111111111111111@1111111111111111111111111111a1111111111111111111a111111111
23885,harshil,111
23886,harshil,111111111111111111111111111111111111111111@1111111111111111111111111111a1111111111111111111a111111111
23887,harshil,1
23888,harshil,1
23889,harshil,1
23890,harshil,111111111111111111111111111111111111111111@1111111111111111111111111111a1111111111111111111a111111111
23891,harshil,111
23892,harshil,111111111111111111111111111111111111111111@1111111111111111111111111111a1111111111111111111a111111111
23893,harshil,1
23894,harshil,1
23895,harshil,1
23896,harshil,111111111111111111111111111111111111111111@1111111111111111111111111111a1111111111111111111a111111111
23897,harshil,111
23898,harshil,111111111111111111111111111111111111111111@1111111111111111111111111111a1111111111111111111a111111111
23899,harshil,1
23900,harshil,1
23901,harshil,1
23902,harshil,111111111111111111111111111111111111111111@1111111111111111111111111111a1111111111111111111a111111111
23903,harshil,111
23904,harshil,111111111111111111111111111111111111111111@1111111111111111111111111111a1111111111111111111a111111111
23905,harshil,1
23906,harshil,1
23907,harshil,1
23908,harshil,111111111111111111111111111111111111111111@1111111111111111111111111111a1111111111111111111a111111111
23909,harshil,111
23910,harshil,111111111111111111111111111111111111111111@1111111111111111111111111111a1111111111111111111a111111111
23911,harshil,1
23912,harshil,1
23913,harshil,1
23914,harshil,111111111111111111111111111111111111111111@1111111111111111111111111111a1111111111111111111a111111111
23915,harshil,111
23916,harshil,111111111111111111111111111111111111111111@1111111111111111111111111111a1111111111111111111a111111111
23917,harshil,1
23918,harshil,1
23919,harshil,1
23920,harshil,111111111111111111111111111111111111111111@1111111111111111111111111111a1111111111111111111a111111111
23921,harshil,111
23922,harshil,111111111111111111111111111111111111111111@1111111111111111111111111111a1111111111111111111a111111111
23923,harshil,1
23924,harshil,1
23925,harshil,1
23926,harshil,111111111111111111111111111111111111111111@1111111111111111111111111111a1111111111111111111a111111111
23927,harshil,111
23928,harshil,111111111111111111111111111111111111111111@1111111111111111111111111111a1111111111111111111a111111111
23929,harshil,1
23930,harshil,1
23931,harshil,1
23932,harshil,111111111111111111111111111111111111111111@1111111111111111111111111111a1111111111111111111a111111111
23933,harshil,111
23934,harshil,111111111111111111111111111111111111111111@1111111111111111111111111111a1111111111111111111a111111111
23935,harshil,1
23936,harshil,1
23937,harshil,1
23938,harshil,111111111111111111111111111111111111111111@1111111111111111111111111111a1111111111111111111a111111111
23939,harshil,111
23940,harshil,111111111111111111111111111111111111111111@1111111111111111111111111111a1111111111111111111a111111111
23941,harshil,1
23942,harshil,1
23943,harshil,1
23944,harshil,111111111111111111111111111111111111111111@1111111111111111111111111111a1111111111111111111a111111111
23945,harshil,111
23946,harshil,111111111111111111111111111111111111111111@1111111111111111111111111111a1111111111111111111a111111111
23947,harshil,1
23948,harshil,1
23949,harshil,1
23950,harshil,111111111111111111111111111111111111111111@1111111111111111111111111111a1111111111111111111a111111111
23951,harshil,111
23952,harshil,111111111111111111111111111111111111111111@1111111111111111111111111111a1111111111111111111a111111111
23953,harshil,1
23954,harshil,1
23955,harshil,1
23956,harshil,111111111111111111111111111111111111111111@1111111111111111111111111111a1111111111111111111a111111111
23957,harshil,111
23958,harshil,111111111111111111111111111111111111111111@1111111111111111111111111111a1111111111111111111a111111111
23959,harshil,1
23960,harshil,1
23961,harshil,1
23962,harshil,111111111111111111111111111111111111111111@1111111111111111111111111111a1111111111111111111a111111111
23963,harshil,111
23964,harshil,111111111111111111111111111111111111111111@1111111111111111111111111111a1111111111111111111a111111111
23965,harshil,1
23966,harshil,1
23967,harshil,1
23968,harshil,111111111111111111111111111111111111111111@1111111111111111111111111111a1111111111111111111a111111111
23969,harshil,111
23970,harshil,111111111111111111111111111111111111111111@1111111111111111111111111111a1111111111111111111a111111111
23971,harshil,1
23972,harshil,1
23973,harshil,1
23974,harshil,111111111111111111111111111111111111111111@1111111111111111111111111111a1111111111111111111a111111111
23975,harshil,111
23976,harshil,111111111111111111111111111111111111111111@1111111111111111111111111111a1111111111111111111a111111111
23977,harshil,1
23978,harshil,1
23979,harshil,1
23980,harshil,111111111111111111111111111111111111111111@1111111111111111111111111111a1111111111111111111a111111111
23981,harshil,111
23982,harshil,111111111111111111111111111111111111111111@1111111111111111111111111111a1111111111111111111a111111111
23983,harshil,1
23984,harshil,1
23985,harshil,1
23986,harshil,111111111111111111111111111111111111111111@1111111111111111111111111111a1111111111111111111a111111111
23987,harshil,111
23988,harshil,111111111111111111111111111111111111111111@1111111111111111111111111111a1111111111111111111a111111111
23989,harshil,1
23990,harshil,1
23991,harshil,1
23992,harshil,111111111111111111111111111111111111111111@1111111111111111111111111111a1111111111111111111a111111111
23993,harshil,111
23994,harshil,111111111111111111111111111111111111111111@1111111111111111111111111111a1111111111111111111a111111111
23995,harshil,1
23996,harshil,1
23997,harshil,1
23998,harshil,111111111111111111111111111111111111111111@1111111111111111111111111111a1111111111111111111a111111111
23999,harshil,111
24000,harshil,111111111111111111111111111111111111111111@1111111111111111111111111111a1111111111111111111a111111111
24001,harshil,1
24002,harshil,1
24003,harshil,1
24004,harshil,111111111111111111111111111111111111111111@1111111111111111111111111111a1111111111111111111a111111111
24005,harshil,111
24006,harshil,111111111111111111111111111111111111111111@1111111111111111111111111111a1111111111111111111a111111111
24007,harshil,1
24008,harshil,1
24009,harshil,1
24010,harshil,111111111111111111111111111111111111111111@1111111111111111111111111111a1111111111111111111a111111111
24011,harshil,111
24012,harshil,111111111111111111111111111111111111111111@1111111111111111111111111111a1111111111111111111a111111111
24013,harshil,1
24014,harshil,1
24015,harshil,1
24016,harshil,111111111111111111111111111111111111111111@1111111111111111111111111111a1111111111111111111a111111111
24017,harshil,111
24018,harshil,111111111111111111111111111111111111111111@1111111111111111111111111111a1111111111111111111a111111111
24019,harshil,1
24020,harshil,1
24021,harshil,1
24022,harshil,111111111111111111111111111111111111111111@1111111111111111111111111111a1111111111111111111a111111111
24023,harshil,111
24024,harshil,111111111111111111111111111111111111111111@1111111111111111111111111111a1111111111111111111a111111111
24025,harshil,1
24026,harshil,1
24027,harshil,1
24028,harshil,111111111111111111111111111111111111111111@1111111111111111111111111111a1111111111111111111a111111111
24029,harshil,111
24030,harshil,111111111111111111111111111111111111111111@1111111111111111111111111111a1111111111111111111a111111111
24031,harshil,1
24032,harshil,1
24033,harshil,1
24034,harshil,111111111111111111111111111111111111111111@1111111111111111111111111111a1111111111111111111a111111111
24035,harshil,111
24036,harshil,111111111111111111111111111111111111111111@1111111111111111111111111111a1111111111111111111a111111111
24037,harshil,1
24038,harshil,1
24039,harshil,1
24040,harshil,111111111111111111111111111111111111111111@1111111111111111111111111111a1111111111111111111a111111111
24041,harshil,111
24042,harshil,111111111111111111111111111111111111111111@1111111111111111111111111111a1111111111111111111a111111111
24043,harshil,1
24044,harshil,1
24045,harshil,1
24046,harshil,111111111111111111111111111111111111111111@1111111111111111111111111111a1111111111111111111a111111111
24047,harshil,111
24048,harshil,111111111111111111111111111111111111111111@1111111111111111111111111111a1111111111111111111a111111111
24049,harshil,1
24050,harshil,1
24051,harshil,1
24052,harshil,111111111111111111111111111111111111111111@1111111111111111111111111111a1111111111111111111a111111111
24053,harshil,111
24054,harshil,111111111111111111111111111111111111111111@1111111111111111111111111111a1111111111111111111a111111111
24055,harshil,1
24056,harshil,1
24057,harshil,1
24058,harshil,111111111111111111111111111111111111111111@1111111111111111111111111111a1111111111111111111a111111111
24059,harshil,111
24060,harshil,111111111111111111111111111111111111111111@1111111111111111111111111111a1111111111111111111a111111111
24061,harshil,1
24062,harshil,1
24063,harshil,1
24064,harshil,111111111111111111111111111111111111111111@1111111111111111111111111111a1111111111111111111a111111111
24065,harshil,111
24066,harshil,111111111111111111111111111111111111111111@1111111111111111111111111111a1111111111111111111a111111111
24067,harshil,1
24068,harshil,1
24069,harshil,1
24070,harshil,111111111111111111111111111111111111111111@1111111111111111111111111111a1111111111111111111a111111111
24071,harshil,111
24072,harshil,111111111111111111111111111111111111111111@1111111111111111111111111111a1111111111111111111a111111111
24073,harshil,1
24074,harshil,1
24075,harshil,1
24076,harshil,111111111111111111111111111111111111111111@1111111111111111111111111111a1111111111111111111a111111111
24077,harshil,111
24078,harshil,111111111111111111111111111111111111111111@1111111111111111111111111111a1111111111111111111a111111111
24079,harshil,1
24080,harshil,1
24081,harshil,1
24082,harshil,111111111111111111111111111111111111111111@1111111111111111111111111111a1111111111111111111a111111111
24083,harshil,111
24084,harshil,111111111111111111111111111111111111111111@1111111111111111111111111111a1111111111111111111a111111111
24085,harshil,1
24086,harshil,1
24087,harshil,1
24088,harshil,111111111111111111111111111111111111111111@1111111111111111111111111111a1111111111111111111a111111111
24089,harshil,111
24090,harshil,111111111111111111111111111111111111111111@1111111111111111111111111111a1111111111111111111a111111111
24091,harshil,1
24092,harshil,1
24093,harshil,1
24094,harshil,111111111111111111111111111111111111111111@1111111111111111111111111111a1111111111111111111a111111111
24095,harshil,111
24096,harshil,111111111111111111111111111111111111111111@1111111111111111111111111111a1111111111111111111a111111111
24097,harshil,1
24098,harshil,1
24099,harshil,1
24100,harshil,111111111111111111111111111111111111111111@1111111111111111111111111111a1111111111111111111a111111111
24101,harshil,111
24102,harshil,111111111111111111111111111111111111111111@1111111111111111111111111111a1111111111111111111a111111111
24103,harshil,1
24104,harshil,1
24105,harshil,1
24106,harshil,111111111111111111111111111111111111111111@1111111111111111111111111111a1111111111111111111a111111111
24107,harshil,111
24108,harshil,111111111111111111111111111111111111111111@1111111111111111111111111111a1111111111111111111a111111111
24109,harshil,1
24110,harshil,1
24111,harshil,1
24112,harshil,111111111111111111111111111111111111111111@1111111111111111111111111111a1111111111111111111a111111111
24113,harshil,111
24114,harshil,111111111111111111111111111111111111111111@1111111111111111111111111111a1111111111111111111a111111111
24115,harshil,1
24116,harshil,1
24117,harshil,1
24118,harshil,111111111111111111111111111111111111111111@1111111111111111111111111111a1111111111111111111a111111111
24119,harshil,111
24120,harshil,111111111111111111111111111111111111111111@1111111111111111111111111111a1111111111111111111a111111111
24121,harshil,1
24122,harshil,1
24123,harshil,1
24124,harshil,111111111111111111111111111111111111111111@1111111111111111111111111111a1111111111111111111a111111111
24125,harshil,111
24126,harshil,111111111111111111111111111111111111111111@1111111111111111111111111111a1111111111111111111a111111111
24127,harshil,1
24128,harshil,1
24129,harshil,1
24130,harshil,111111111111111111111111111111111111111111@1111111111111111111111111111a1111111111111111111a111111111
24131,harshil,111
24132,harshil,111111111111111111111111111111111111111111@1111111111111111111111111111a1111111111111111111a111111111
24133,harshil,1
24134,harshil,1
24135,harshil,1
24136,harshil,111111111111111111111111111111111111111111@1111111111111111111111111111a1111111111111111111a111111111
24137,harshil,111
24138,harshil,111111111111111111111111111111111111111111@1111111111111111111111111111a1111111111111111111a111111111
24139,harshil,1
24140,harshil,1
24141,harshil,1
24142,harshil,111111111111111111111111111111111111111111@1111111111111111111111111111a1111111111111111111a111111111
24143,harshil,111
24144,harshil,111111111111111111111111111111111111111111@1111111111111111111111111111a1111111111111111111a111111111
24145,harshil,1
24146,harshil,1
24147,harshil,1
24148,harshil,111111111111111111111111111111111111111111@1111111111111111111111111111a1111111111111111111a111111111
24149,harshil,111
24150,harshil,111111111111111111111111111111111111111111@1111111111111111111111111111a1111111111111111111a111111111
24151,harshil,1
24152,harshil,1
24153,harshil,1
24154,harshil,111111111111111111111111111111111111111111@1111111111111111111111111111a1111111111111111111a111111111
24155,harshil,111
24156,harshil,111111111111111111111111111111111111111111@1111111111111111111111111111a1111111111111111111a111111111
24157,harshil,1
24158,harshil,1
24159,harshil,1
24160,harshil,111111111111111111111111111111111111111111@1111111111111111111111111111a1111111111111111111a111111111
24161,harshil,111
24162,harshil,111111111111111111111111111111111111111111@1111111111111111111111111111a1111111111111111111a111111111
24163,harshil,1
24164,harshil,1
24165,harshil,1
24166,harshil,111111111111111111111111111111111111111111@1111111111111111111111111111a1111111111111111111a111111111
24167,harshil,111
24168,harshil,111111111111111111111111111111111111111111@1111111111111111111111111111a1111111111111111111a111111111
24169,harshil,1
24170,harshil,1
24171,harshil,1
24172,harshil,111111111111111111111111111111111111111111@1111111111111111111111111111a1111111111111111111a111111111
24173,harshil,111
24174,harshil,111111111111111111111111111111111111111111@1111111111111111111111111111a1111111111111111111a111111111
24175,harshil,1
24176,harshil,1
24177,harshil,1
24178,harshil,111111111111111111111111111111111111111111@1111111111111111111111111111a1111111111111111111a111111111
24179,harshil,111
24180,harshil,111111111111111111111111111111111111111111@1111111111111111111111111111a1111111111111111111a111111111
24181,harshil,1
24182,harshil,1
24183,harshil,1
24184,harshil,111111111111111111111111111111111111111111@1111111111111111111111111111a1111111111111111111a111111111
24185,harshil,111
24186,harshil,111111111111111111111111111111111111111111@1111111111111111111111111111a1111111111111111111a111111111
24187,harshil,1
24188,harshil,1
24189,harshil,1
24190,harshil,111111111111111111111111111111111111111111@1111111111111111111111111111a1111111111111111111a111111111
24191,harshil,111
24192,harshil,111111111111111111111111111111111111111111@1111111111111111111111111111a1111111111111111111a111111111
24193,harshil,1
24194,harshil,1
24195,harshil,1
24196,harshil,111111111111111111111111111111111111111111@1111111111111111111111111111a1111111111111111111a111111111
24197,harshil,111
24198,harshil,111111111111111111111111111111111111111111@1111111111111111111111111111a1111111111111111111a111111111
24199,harshil,1
24200,harshil,1
24201,harshil,1
24202,harshil,111111111111111111111111111111111111111111@1111111111111111111111111111a1111111111111111111a111111111
24203,harshil,111
24204,harshil,111111111111111111111111111111111111111111@1111111111111111111111111111a1111111111111111111a111111111
24205,harshil,1
24206,harshil,1
24207,harshil,1
24208,harshil,111111111111111111111111111111111111111111@1111111111111111111111111111a1111111111111111111a111111111
24209,harshil,111
24210,harshil,111111111111111111111111111111111111111111@1111111111111111111111111111a1111111111111111111a111111111
24211,harshil,1
24212,harshil,1
24213,harshil,1
24214,harshil,111111111111111111111111111111111111111111@1111111111111111111111111111a1111111111111111111a111111111
24215,harshil,111
24216,harshil,111111111111111111111111111111111111111111@1111111111111111111111111111a1111111111111111111a111111111
24217,harshil,1
24218,harshil,1
24219,harshil,1
24220,harshil,111111111111111111111111111111111111111111@1111111111111111111111111111a1111111111111111111a111111111
24221,harshil,111
24222,harshil,111111111111111111111111111111111111111111@1111111111111111111111111111a1111111111111111111a111111111
24223,harshil,1
24224,harshil,1
24225,harshil,1
24226,harshil,111111111111111111111111111111111111111111@1111111111111111111111111111a1111111111111111111a111111111
24227,harshil,111
24228,harshil,111111111111111111111111111111111111111111@1111111111111111111111111111a1111111111111111111a111111111
24229,harshil,1
24230,harshil,1
24231,harshil,1
24232,harshil,111111111111111111111111111111111111111111@1111111111111111111111111111a1111111111111111111a111111111
24233,harshil,111
24234,harshil,111111111111111111111111111111111111111111@1111111111111111111111111111a1111111111111111111a111111111
24235,harshil,1
24236,harshil,1
24237,harshil,1
24238,harshil,111111111111111111111111111111111111111111@1111111111111111111111111111a1111111111111111111a111111111
24239,harshil,111
24240,harshil,111111111111111111111111111111111111111111@1111111111111111111111111111a1111111111111111111a111111111
24241,harshil,1
24242,harshil,1
24243,harshil,1
24244,harshil,111111111111111111111111111111111111111111@1111111111111111111111111111a1111111111111111111a111111111
24245,harshil,111
24246,harshil,111111111111111111111111111111111111111111@1111111111111111111111111111a1111111111111111111a111111111
24247,harshil,1
24248,harshil,1
24249,harshil,1
24250,harshil,111111111111111111111111111111111111111111@1111111111111111111111111111a1111111111111111111a111111111
24251,harshil,111
24252,harshil,111111111111111111111111111111111111111111@1111111111111111111111111111a1111111111111111111a111111111
24253,harshil,1
24254,harshil,1
24255,harshil,1
24256,harshil,111111111111111111111111111111111111111111@1111111111111111111111111111a1111111111111111111a111111111
24257,harshil,111
24258,harshil,111111111111111111111111111111111111111111@1111111111111111111111111111a1111111111111111111a111111111
24259,harshil,1
24260,harshil,1
24261,harshil,1
24262,harshil,111111111111111111111111111111111111111111@1111111111111111111111111111a1111111111111111111a111111111
24263,harshil,111
24264,harshil,111111111111111111111111111111111111111111@1111111111111111111111111111a1111111111111111111a111111111
24265,harshil,1
24266,harshil,1
24267,harshil,1
24268,harshil,111111111111111111111111111111111111111111@1111111111111111111111111111a1111111111111111111a111111111
24269,harshil,111
24270,harshil,111111111111111111111111111111111111111111@1111111111111111111111111111a1111111111111111111a111111111
24271,harshil,1
24272,harshil,1
24273,harshil,1
24274,harshil,111111111111111111111111111111111111111111@1111111111111111111111111111a1111111111111111111a111111111
24275,harshil,111
24276,harshil,111111111111111111111111111111111111111111@1111111111111111111111111111a1111111111111111111a111111111
24277,harshil,1
24278,harshil,1
24279,harshil,1
24280,harshil,111111111111111111111111111111111111111111@1111111111111111111111111111a1111111111111111111a111111111
24281,harshil,111
24282,harshil,111111111111111111111111111111111111111111@1111111111111111111111111111a1111111111111111111a111111111
24283,harshil,1
24284,harshil,1
24285,harshil,1
24286,harshil,111111111111111111111111111111111111111111@1111111111111111111111111111a1111111111111111111a111111111
24287,harshil,111
24288,harshil,111111111111111111111111111111111111111111@1111111111111111111111111111a1111111111111111111a111111111
24289,harshil,1
24290,harshil,1
24291,harshil,1
24292,harshil,111111111111111111111111111111111111111111@1111111111111111111111111111a1111111111111111111a111111111
24293,harshil,111
24294,harshil,111111111111111111111111111111111111111111@1111111111111111111111111111a1111111111111111111a111111111
24295,harshil,1
24296,harshil,1
24297,harshil,1
24298,harshil,111111111111111111111111111111111111111111@1111111111111111111111111111a1111111111111111111a111111111
24299,harshil,111
24300,harshil,111111111111111111111111111111111111111111@1111111111111111111111111111a1111111111111111111a111111111
24301,harshil,1
24302,harshil,1
24303,harshil,1
24304,harshil,111111111111111111111111111111111111111111@1111111111111111111111111111a1111111111111111111a111111111
24305,harshil,111
24306,harshil,111111111111111111111111111111111111111111@1111111111111111111111111111a1111111111111111111a111111111
24307,harshil,1
24308,harshil,1
24309,harshil,1
24310,harshil,111111111111111111111111111111111111111111@1111111111111111111111111111a1111111111111111111a111111111
24311,harshil,111
24312,harshil,111111111111111111111111111111111111111111@1111111111111111111111111111a1111111111111111111a111111111
24313,harshil,1
24314,harshil,1
24315,harshil,1
24316,harshil,111111111111111111111111111111111111111111@1111111111111111111111111111a1111111111111111111a111111111
24317,harshil,111
24318,harshil,111111111111111111111111111111111111111111@1111111111111111111111111111a1111111111111111111a111111111
24319,harshil,1
24320,harshil,1
24321,harshil,1
24322,harshil,111111111111111111111111111111111111111111@1111111111111111111111111111a1111111111111111111a111111111
24323,harshil,111
24324,harshil,111111111111111111111111111111111111111111@1111111111111111111111111111a1111111111111111111a111111111
24325,harshil,1
24326,harshil,1
24327,harshil,1
24328,harshil,111111111111111111111111111111111111111111@1111111111111111111111111111a1111111111111111111a111111111
24329,harshil,111
24330,harshil,111111111111111111111111111111111111111111@1111111111111111111111111111a1111111111111111111a111111111
24331,harshil,1
24332,harshil,1
24333,harshil,1
24334,harshil,111111111111111111111111111111111111111111@1111111111111111111111111111a1111111111111111111a111111111
24335,harshil,111
24336,harshil,111111111111111111111111111111111111111111@1111111111111111111111111111a1111111111111111111a111111111
24337,harshil,1
24338,harshil,1
24339,harshil,1
24340,harshil,111111111111111111111111111111111111111111@1111111111111111111111111111a1111111111111111111a111111111
24341,harshil,111
24342,harshil,111111111111111111111111111111111111111111@1111111111111111111111111111a1111111111111111111a111111111
24343,harshil,1
24344,harshil,1
24345,harshil,1
24346,harshil,111111111111111111111111111111111111111111@1111111111111111111111111111a1111111111111111111a111111111
24347,harshil,111
24348,harshil,111111111111111111111111111111111111111111@1111111111111111111111111111a1111111111111111111a111111111
24349,harshil,1
24350,harshil,1
24351,harshil,1
24352,harshil,111111111111111111111111111111111111111111@1111111111111111111111111111a1111111111111111111a111111111
24353,harshil,111
24354,harshil,111111111111111111111111111111111111111111@1111111111111111111111111111a1111111111111111111a111111111
24355,harshil,1
24356,harshil,1
24357,harshil,1
24358,harshil,111111111111111111111111111111111111111111@1111111111111111111111111111a1111111111111111111a111111111
24359,harshil,111
24360,harshil,111111111111111111111111111111111111111111@1111111111111111111111111111a1111111111111111111a111111111
24361,harshil,1
24362,harshil,1
24363,harshil,1
24364,harshil,111111111111111111111111111111111111111111@1111111111111111111111111111a1111111111111111111a111111111
24365,harshil,111
24366,harshil,111111111111111111111111111111111111111111@1111111111111111111111111111a1111111111111111111a111111111
24367,harshil,1
24368,harshil,1
24369,harshil,1
24370,harshil,111111111111111111111111111111111111111111@1111111111111111111111111111a1111111111111111111a111111111
24371,harshil,111
24372,harshil,111111111111111111111111111111111111111111@1111111111111111111111111111a1111111111111111111a111111111
24373,harshil,1
24374,harshil,1
24375,harshil,1
24376,harshil,111111111111111111111111111111111111111111@1111111111111111111111111111a1111111111111111111a111111111
24377,harshil,111
24378,harshil,111111111111111111111111111111111111111111@1111111111111111111111111111a1111111111111111111a111111111
24379,harshil,1
24380,harshil,1
24381,harshil,1
24382,harshil,111111111111111111111111111111111111111111@1111111111111111111111111111a1111111111111111111a111111111
24383,harshil,111
24384,harshil,111111111111111111111111111111111111111111@1111111111111111111111111111a1111111111111111111a111111111
24385,harshil,1
24386,harshil,1
24387,harshil,1
24388,harshil,111111111111111111111111111111111111111111@1111111111111111111111111111a1111111111111111111a111111111
24389,harshil,111
24390,harshil,111111111111111111111111111111111111111111@1111111111111111111111111111a1111111111111111111a111111111
24391,harshil,1
24392,harshil,1
24393,harshil,1
24394,harshil,111111111111111111111111111111111111111111@1111111111111111111111111111a1111111111111111111a111111111
24395,harshil,111
24396,harshil,111111111111111111111111111111111111111111@1111111111111111111111111111a1111111111111111111a111111111
24397,harshil,1
24398,harshil,1
24399,harshil,1
24400,harshil,111111111111111111111111111111111111111111@1111111111111111111111111111a1111111111111111111a111111111
24401,harshil,111
24402,harshil,111111111111111111111111111111111111111111@1111111111111111111111111111a1111111111111111111a111111111
24403,harshil,1
24404,harshil,1
24405,harshil,1
24406,harshil,111111111111111111111111111111111111111111@1111111111111111111111111111a1111111111111111111a111111111
24407,harshil,111
24408,harshil,111111111111111111111111111111111111111111@1111111111111111111111111111a1111111111111111111a111111111
24409,harshil,1
24410,harshil,1
24411,harshil,1
24412,harshil,111111111111111111111111111111111111111111@1111111111111111111111111111a1111111111111111111a111111111
24413,harshil,111
24414,harshil,111111111111111111111111111111111111111111@1111111111111111111111111111a1111111111111111111a111111111
24415,harshil,1
24416,harshil,1
24417,harshil,1
24418,harshil,111111111111111111111111111111111111111111@1111111111111111111111111111a1111111111111111111a111111111
24419,harshil,111
24420,harshil,111111111111111111111111111111111111111111@1111111111111111111111111111a1111111111111111111a111111111
24421,harshil,1
24422,harshil,1
24423,harshil,1
24424,harshil,111111111111111111111111111111111111111111@1111111111111111111111111111a1111111111111111111a111111111
24425,harshil,111
24426,harshil,111111111111111111111111111111111111111111@1111111111111111111111111111a1111111111111111111a111111111
24427,harshil,1
24428,harshil,1
24429,harshil,1
24430,harshil,111111111111111111111111111111111111111111@1111111111111111111111111111a1111111111111111111a111111111
24431,harshil,111
24432,harshil,111111111111111111111111111111111111111111@1111111111111111111111111111a1111111111111111111a111111111
24433,harshil,1
24434,harshil,1
24435,harshil,1
24436,harshil,111111111111111111111111111111111111111111@1111111111111111111111111111a1111111111111111111a111111111
24437,harshil,111
24438,harshil,111111111111111111111111111111111111111111@1111111111111111111111111111a1111111111111111111a111111111
24439,harshil,1
24440,harshil,1
24441,harshil,1
24442,harshil,111111111111111111111111111111111111111111@1111111111111111111111111111a1111111111111111111a111111111
24443,harshil,111
24444,harshil,111111111111111111111111111111111111111111@1111111111111111111111111111a1111111111111111111a111111111
24445,harshil,1
24446,harshil,1
24447,harshil,1
24448,harshil,111111111111111111111111111111111111111111@1111111111111111111111111111a1111111111111111111a111111111
24449,harshil,111
24450,harshil,111111111111111111111111111111111111111111@1111111111111111111111111111a1111111111111111111a111111111
24451,harshil,1
24452,harshil,1
24453,harshil,1
24454,harshil,111111111111111111111111111111111111111111@1111111111111111111111111111a1111111111111111111a111111111
24455,harshil,111
24456,harshil,111111111111111111111111111111111111111111@1111111111111111111111111111a1111111111111111111a111111111
24457,harshil,1
24458,harshil,1
24459,harshil,1
24460,harshil,111111111111111111111111111111111111111111@1111111111111111111111111111a1111111111111111111a111111111
24461,harshil,111
24462,harshil,111111111111111111111111111111111111111111@1111111111111111111111111111a1111111111111111111a111111111
24463,harshil,1
24464,harshil,1
24465,harshil,1
24466,harshil,111111111111111111111111111111111111111111@1111111111111111111111111111a1111111111111111111a111111111
24467,harshil,111
24468,harshil,111111111111111111111111111111111111111111@1111111111111111111111111111a1111111111111111111a111111111
24469,harshil,1
24470,harshil,1
24471,harshil,1
24472,harshil,111111111111111111111111111111111111111111@1111111111111111111111111111a1111111111111111111a111111111
24473,harshil,111
24474,harshil,111111111111111111111111111111111111111111@1111111111111111111111111111a1111111111111111111a111111111
24475,harshil,1
24476,harshil,1
24477,harshil,1
24478,harshil,111111111111111111111111111111111111111111@1111111111111111111111111111a1111111111111111111a111111111
24479,harshil,111
24480,harshil,111111111111111111111111111111111111111111@1111111111111111111111111111a1111111111111111111a111111111
24481,harshil,1
24482,harshil,1
24483,harshil,1
24484,harshil,111111111111111111111111111111111111111111@1111111111111111111111111111a1111111111111111111a111111111
24485,harshil,111
24486,harshil,111111111111111111111111111111111111111111@1111111111111111111111111111a1111111111111111111a111111111
24487,harshil,1
24488,harshil,1
24489,harshil,1
24490,harshil,111111111111111111111111111111111111111111@1111111111111111111111111111a1111111111111111111a111111111
24491,harshil,111
24492,harshil,111111111111111111111111111111111111111111@1111111111111111111111111111a1111111111111111111a111111111
24493,harshil,1
24494,harshil,1
24495,harshil,1
24496,harshil,111111111111111111111111111111111111111111@1111111111111111111111111111a1111111111111111111a111111111
24497,harshil,111
24498,harshil,111111111111111111111111111111111111111111@1111111111111111111111111111a1111111111111111111a111111111
24499,harshil,1
24500,harshil,1
24501,harshil,1
24502,harshil,111111111111111111111111111111111111111111@1111111111111111111111111111a1111111111111111111a111111111
24503,harshil,111
24504,harshil,111111111111111111111111111111111111111111@1111111111111111111111111111a1111111111111111111a111111111
24505,harshil,1
24506,harshil,1
24507,harshil,1
24508,harshil,111111111111111111111111111111111111111111@1111111111111111111111111111a1111111111111111111a111111111
24509,harshil,111
24510,harshil,111111111111111111111111111111111111111111@1111111111111111111111111111a1111111111111111111a111111111
24511,harshil,1
24512,harshil,1
24513,harshil,1
24514,harshil,111111111111111111111111111111111111111111@1111111111111111111111111111a1111111111111111111a111111111
24515,harshil,111
24516,harshil,111111111111111111111111111111111111111111@1111111111111111111111111111a1111111111111111111a111111111
24517,harshil,1
24518,harshil,1
24519,harshil,1
24520,harshil,111111111111111111111111111111111111111111@1111111111111111111111111111a1111111111111111111a111111111
24521,harshil,111
24522,harshil,111111111111111111111111111111111111111111@1111111111111111111111111111a1111111111111111111a111111111
24523,harshil,1
24524,harshil,1
24525,harshil,1
24526,harshil,111111111111111111111111111111111111111111@1111111111111111111111111111a1111111111111111111a111111111
24527,harshil,111
24528,harshil,111111111111111111111111111111111111111111@1111111111111111111111111111a1111111111111111111a111111111
24529,harshil,1
24530,harshil,1
24531,harshil,1
24532,harshil,111111111111111111111111111111111111111111@1111111111111111111111111111a1111111111111111111a111111111
24533,harshil,111
24534,harshil,111111111111111111111111111111111111111111@1111111111111111111111111111a1111111111111111111a111111111
24535,harshil,1
24536,harshil,1
24537,harshil,1
24538,harshil,111111111111111111111111111111111111111111@1111111111111111111111111111a1111111111111111111a111111111
24539,harshil,111
24540,harshil,111111111111111111111111111111111111111111@1111111111111111111111111111a1111111111111111111a111111111
24541,harshil,1
24542,harshil,1
24543,harshil,1
24544,harshil,111111111111111111111111111111111111111111@1111111111111111111111111111a1111111111111111111a111111111
24545,harshil,111
24546,harshil,111111111111111111111111111111111111111111@1111111111111111111111111111a1111111111111111111a111111111
24547,harshil,1
24548,harshil,1
24549,harshil,1
24550,harshil,111111111111111111111111111111111111111111@1111111111111111111111111111a1111111111111111111a111111111
24551,harshil,111
24552,harshil,111111111111111111111111111111111111111111@1111111111111111111111111111a1111111111111111111a111111111
24553,harshil,1
24554,harshil,1
24555,harshil,1
24556,harshil,111111111111111111111111111111111111111111@1111111111111111111111111111a1111111111111111111a111111111
24557,harshil,111
24558,harshil,111111111111111111111111111111111111111111@1111111111111111111111111111a1111111111111111111a111111111
24559,harshil,1
24560,harshil,1
24561,harshil,1
24562,harshil,111111111111111111111111111111111111111111@1111111111111111111111111111a1111111111111111111a111111111
24563,harshil,111
24564,harshil,111111111111111111111111111111111111111111@1111111111111111111111111111a1111111111111111111a111111111
24565,harshil,1
24566,harshil,1
24567,harshil,1
24568,harshil,111111111111111111111111111111111111111111@1111111111111111111111111111a1111111111111111111a111111111
24569,harshil,111
24570,harshil,111111111111111111111111111111111111111111@1111111111111111111111111111a1111111111111111111a111111111
24571,harshil,1
24572,harshil,1
24573,harshil,1
24574,harshil,111111111111111111111111111111111111111111@1111111111111111111111111111a1111111111111111111a111111111
24575,harshil,111
24576,harshil,111111111111111111111111111111111111111111@1111111111111111111111111111a1111111111111111111a111111111
24577,harshil,1
24578,harshil,1
24579,harshil,1
24580,harshil,111111111111111111111111111111111111111111@1111111111111111111111111111a1111111111111111111a111111111
24581,harshil,111
24582,harshil,111111111111111111111111111111111111111111@1111111111111111111111111111a1111111111111111111a111111111
24583,harshil,1
24584,harshil,1
24585,harshil,1
24586,harshil,111111111111111111111111111111111111111111@1111111111111111111111111111a1111111111111111111a111111111
24587,harshil,111
24588,harshil,111111111111111111111111111111111111111111@1111111111111111111111111111a1111111111111111111a111111111
24589,harshil,1
24590,harshil,1
24591,harshil,1
24592,harshil,111111111111111111111111111111111111111111@1111111111111111111111111111a1111111111111111111a111111111
24593,harshil,111
24594,harshil,111111111111111111111111111111111111111111@1111111111111111111111111111a1111111111111111111a111111111
24595,harshil,1
24596,harshil,1
24597,harshil,1
24598,harshil,111111111111111111111111111111111111111111@1111111111111111111111111111a1111111111111111111a111111111
24599,harshil,111
24600,harshil,111111111111111111111111111111111111111111@1111111111111111111111111111a1111111111111111111a111111111
24601,harshil,1
24602,harshil,1
24603,harshil,1
24604,harshil,111111111111111111111111111111111111111111@1111111111111111111111111111a1111111111111111111a111111111
24605,harshil,111
24606,harshil,111111111111111111111111111111111111111111@1111111111111111111111111111a1111111111111111111a111111111
24607,harshil,1
24608,harshil,1
24609,harshil,1
24610,harshil,111111111111111111111111111111111111111111@1111111111111111111111111111a1111111111111111111a111111111
24611,harshil,111
24612,harshil,111111111111111111111111111111111111111111@1111111111111111111111111111a1111111111111111111a111111111
24613,harshil,1
24614,harshil,1
24615,harshil,1
24616,harshil,111111111111111111111111111111111111111111@1111111111111111111111111111a1111111111111111111a111111111
24617,harshil,111
24618,harshil,111111111111111111111111111111111111111111@1111111111111111111111111111a1111111111111111111a111111111
24619,harshil,1
24620,harshil,1
24621,harshil,1
24622,harshil,111111111111111111111111111111111111111111@1111111111111111111111111111a1111111111111111111a111111111
24623,harshil,111
24624,harshil,111111111111111111111111111111111111111111@1111111111111111111111111111a1111111111111111111a111111111
24625,harshil,1
24626,harshil,1
24627,harshil,1
24628,harshil,111111111111111111111111111111111111111111@1111111111111111111111111111a1111111111111111111a111111111
24629,harshil,111
24630,harshil,111111111111111111111111111111111111111111@1111111111111111111111111111a1111111111111111111a111111111
24631,harshil,1
24632,harshil,1
24633,harshil,1
24634,harshil,111111111111111111111111111111111111111111@1111111111111111111111111111a1111111111111111111a111111111
24635,harshil,111
24636,harshil,111111111111111111111111111111111111111111@1111111111111111111111111111a1111111111111111111a111111111
24637,harshil,1
24638,harshil,1
24639,harshil,1
24640,harshil,111111111111111111111111111111111111111111@1111111111111111111111111111a1111111111111111111a111111111
24641,harshil,111
24642,harshil,111111111111111111111111111111111111111111@1111111111111111111111111111a1111111111111111111a111111111
24643,harshil,1
24644,harshil,1
24645,harshil,1
24646,harshil,111111111111111111111111111111111111111111@1111111111111111111111111111a1111111111111111111a111111111
24647,harshil,111
24648,harshil,111111111111111111111111111111111111111111@1111111111111111111111111111a1111111111111111111a111111111
24649,harshil,1
24650,harshil,1
24651,harshil,1
24652,harshil,111111111111111111111111111111111111111111@1111111111111111111111111111a1111111111111111111a111111111
24653,harshil,111
24654,harshil,111111111111111111111111111111111111111111@1111111111111111111111111111a1111111111111111111a111111111
24655,harshil,1
24656,harshil,1
24657,harshil,1
24658,harshil,111111111111111111111111111111111111111111@1111111111111111111111111111a1111111111111111111a111111111
24659,harshil,111
24660,harshil,111111111111111111111111111111111111111111@1111111111111111111111111111a1111111111111111111a111111111
24661,harshil,1
24662,harshil,1
24663,harshil,1
24664,harshil,111111111111111111111111111111111111111111@1111111111111111111111111111a1111111111111111111a111111111
24665,harshil,111
24666,harshil,111111111111111111111111111111111111111111@1111111111111111111111111111a1111111111111111111a111111111
24667,harshil,1
24668,harshil,1
24669,harshil,1
24670,harshil,111111111111111111111111111111111111111111@1111111111111111111111111111a1111111111111111111a111111111
24671,harshil,111
24672,harshil,111111111111111111111111111111111111111111@1111111111111111111111111111a1111111111111111111a111111111
24673,harshil,1
24674,harshil,1
24675,harshil,1
24676,harshil,111111111111111111111111111111111111111111@1111111111111111111111111111a1111111111111111111a111111111
24677,harshil,111
24678,harshil,111111111111111111111111111111111111111111@1111111111111111111111111111a1111111111111111111a111111111
24679,harshil,1
24680,harshil,1
24681,harshil,1
24682,harshil,111111111111111111111111111111111111111111@1111111111111111111111111111a1111111111111111111a111111111
24683,harshil,111
24684,harshil,111111111111111111111111111111111111111111@1111111111111111111111111111a1111111111111111111a111111111
24685,harshil,1
24686,harshil,1
24687,harshil,1
24688,harshil,111111111111111111111111111111111111111111@1111111111111111111111111111a1111111111111111111a111111111
24689,harshil,111
24690,harshil,111111111111111111111111111111111111111111@1111111111111111111111111111a1111111111111111111a111111111
24691,harshil,1
24692,harshil,1
24693,harshil,1
24694,harshil,111111111111111111111111111111111111111111@1111111111111111111111111111a1111111111111111111a111111111
24695,harshil,111
24696,harshil,111111111111111111111111111111111111111111@1111111111111111111111111111a1111111111111111111a111111111
24697,harshil,1
24698,harshil,1
24699,harshil,1
24700,harshil,111111111111111111111111111111111111111111@1111111111111111111111111111a1111111111111111111a111111111
24701,harshil,111
24702,harshil,111111111111111111111111111111111111111111@1111111111111111111111111111a1111111111111111111a111111111
24703,harshil,1
24704,harshil,1
24705,harshil,1
24706,harshil,111111111111111111111111111111111111111111@1111111111111111111111111111a1111111111111111111a111111111
24707,harshil,111
24708,harshil,111111111111111111111111111111111111111111@1111111111111111111111111111a1111111111111111111a111111111
24709,harshil,1
24710,harshil,1
24711,harshil,1
24712,harshil,111111111111111111111111111111111111111111@1111111111111111111111111111a1111111111111111111a111111111
24713,harshil,111
24714,harshil,111111111111111111111111111111111111111111@1111111111111111111111111111a1111111111111111111a111111111
24715,harshil,1
24716,harshil,1
24717,harshil,1
24718,harshil,111111111111111111111111111111111111111111@1111111111111111111111111111a1111111111111111111a111111111
24719,harshil,111
24720,harshil,111111111111111111111111111111111111111111@1111111111111111111111111111a1111111111111111111a111111111
24721,harshil,1
24722,harshil,1
24723,harshil,1
24724,harshil,111111111111111111111111111111111111111111@1111111111111111111111111111a1111111111111111111a111111111
24725,harshil,111
24726,harshil,111111111111111111111111111111111111111111@1111111111111111111111111111a1111111111111111111a111111111
24727,harshil,1
24728,harshil,1
24729,harshil,1
24730,harshil,111111111111111111111111111111111111111111@1111111111111111111111111111a1111111111111111111a111111111
24731,harshil,111
24732,harshil,111111111111111111111111111111111111111111@1111111111111111111111111111a1111111111111111111a111111111
24733,harshil,1
24734,harshil,1
24735,harshil,1
24736,harshil,111111111111111111111111111111111111111111@1111111111111111111111111111a1111111111111111111a111111111
24737,harshil,111
24738,harshil,111111111111111111111111111111111111111111@1111111111111111111111111111a1111111111111111111a111111111
24739,harshil,1
24740,harshil,1
24741,harshil,1
24742,harshil,111111111111111111111111111111111111111111@1111111111111111111111111111a1111111111111111111a111111111
24743,harshil,111
24744,harshil,111111111111111111111111111111111111111111@1111111111111111111111111111a1111111111111111111a111111111
24745,harshil,1
24746,harshil,1
24747,harshil,1
24748,harshil,111111111111111111111111111111111111111111@1111111111111111111111111111a1111111111111111111a111111111
24749,harshil,111
24750,harshil,111111111111111111111111111111111111111111@1111111111111111111111111111a1111111111111111111a111111111
24751,harshil,1
24752,harshil,1
24753,harshil,1
24754,harshil,111111111111111111111111111111111111111111@1111111111111111111111111111a1111111111111111111a111111111
24755,harshil,111
24756,harshil,111111111111111111111111111111111111111111@1111111111111111111111111111a1111111111111111111a111111111
24757,harshil,1
24758,harshil,1
24759,harshil,1
24760,harshil,111111111111111111111111111111111111111111@1111111111111111111111111111a1111111111111111111a111111111
24761,harshil,111
24762,harshil,111111111111111111111111111111111111111111@1111111111111111111111111111a1111111111111111111a111111111
24763,harshil,1
24764,harshil,1
24765,harshil,1
24766,harshil,111111111111111111111111111111111111111111@1111111111111111111111111111a1111111111111111111a111111111
24767,harshil,111
24768,harshil,111111111111111111111111111111111111111111@1111111111111111111111111111a1111111111111111111a111111111
24769,harshil,1
24770,harshil,1
24771,harshil,1
24772,harshil,111111111111111111111111111111111111111111@1111111111111111111111111111a1111111111111111111a111111111
24773,harshil,111
24774,harshil,111111111111111111111111111111111111111111@1111111111111111111111111111a1111111111111111111a111111111
24775,harshil,1
24776,harshil,1
24777,harshil,1
24778,harshil,111111111111111111111111111111111111111111@1111111111111111111111111111a1111111111111111111a111111111
24779,harshil,111
24780,harshil,111111111111111111111111111111111111111111@1111111111111111111111111111a1111111111111111111a111111111
24781,harshil,1
24782,harshil,1
24783,harshil,1
24784,harshil,111111111111111111111111111111111111111111@1111111111111111111111111111a1111111111111111111a111111111
24785,harshil,111
24786,harshil,111111111111111111111111111111111111111111@1111111111111111111111111111a1111111111111111111a111111111
24787,harshil,1
24788,harshil,1
24789,harshil,1
24790,harshil,111111111111111111111111111111111111111111@1111111111111111111111111111a1111111111111111111a111111111
24791,harshil,111
24792,harshil,111111111111111111111111111111111111111111@1111111111111111111111111111a1111111111111111111a111111111
24793,harshil,1
24794,harshil,1
24795,harshil,1
24796,harshil,111111111111111111111111111111111111111111@1111111111111111111111111111a1111111111111111111a111111111
24797,harshil,111
24798,harshil,111111111111111111111111111111111111111111@1111111111111111111111111111a1111111111111111111a111111111
24799,harshil,1
24800,harshil,1
24801,harshil,1
24802,harshil,111111111111111111111111111111111111111111@1111111111111111111111111111a1111111111111111111a111111111
24803,harshil,111
24804,harshil,111111111111111111111111111111111111111111@1111111111111111111111111111a1111111111111111111a111111111
24805,harshil,1
24806,harshil,1
24807,harshil,1
24808,harshil,111111111111111111111111111111111111111111@1111111111111111111111111111a1111111111111111111a111111111
24809,harshil,111
24810,harshil,111111111111111111111111111111111111111111@1111111111111111111111111111a1111111111111111111a111111111
24811,harshil,1
24812,harshil,1
24813,harshil,1
24814,harshil,111111111111111111111111111111111111111111@1111111111111111111111111111a1111111111111111111a111111111
24815,harshil,111
24816,harshil,111111111111111111111111111111111111111111@1111111111111111111111111111a1111111111111111111a111111111
24817,harshil,1
24818,harshil,1
24819,harshil,1
24820,harshil,111111111111111111111111111111111111111111@1111111111111111111111111111a1111111111111111111a111111111
24821,harshil,111
24822,harshil,111111111111111111111111111111111111111111@1111111111111111111111111111a1111111111111111111a111111111
24823,harshil,1
24824,harshil,1
24825,harshil,1
24826,harshil,111111111111111111111111111111111111111111@1111111111111111111111111111a1111111111111111111a111111111
24827,harshil,111
24828,harshil,111111111111111111111111111111111111111111@1111111111111111111111111111a1111111111111111111a111111111
24829,harshil,1
24830,harshil,1
24831,harshil,1
24832,harshil,111111111111111111111111111111111111111111@1111111111111111111111111111a1111111111111111111a111111111
24833,harshil,111
24834,harshil,111111111111111111111111111111111111111111@1111111111111111111111111111a1111111111111111111a111111111
24835,harshil,1
24836,harshil,1
24837,harshil,1
24838,harshil,111111111111111111111111111111111111111111@1111111111111111111111111111a1111111111111111111a111111111
24839,harshil,111
24840,harshil,111111111111111111111111111111111111111111@1111111111111111111111111111a1111111111111111111a111111111
24841,harshil,1
24842,harshil,1
24843,harshil,1
24844,harshil,111111111111111111111111111111111111111111@1111111111111111111111111111a1111111111111111111a111111111
24845,harshil,111
24846,harshil,111111111111111111111111111111111111111111@1111111111111111111111111111a1111111111111111111a111111111
24847,harshil,1
24848,harshil,1
24849,harshil,1
24850,harshil,111111111111111111111111111111111111111111@1111111111111111111111111111a1111111111111111111a111111111
24851,harshil,111
24852,harshil,111111111111111111111111111111111111111111@1111111111111111111111111111a1111111111111111111a111111111
24853,harshil,1
24854,harshil,1
24855,harshil,1
24856,harshil,111111111111111111111111111111111111111111@1111111111111111111111111111a1111111111111111111a111111111
24857,harshil,111
24858,harshil,111111111111111111111111111111111111111111@1111111111111111111111111111a1111111111111111111a111111111
24859,harshil,1
24860,harshil,1
24861,harshil,1
24862,harshil,111111111111111111111111111111111111111111@1111111111111111111111111111a1111111111111111111a111111111
24863,harshil,111
24864,harshil,111111111111111111111111111111111111111111@1111111111111111111111111111a1111111111111111111a111111111
24865,harshil,1
24866,harshil,1
24867,harshil,1
24868,harshil,111111111111111111111111111111111111111111@1111111111111111111111111111a1111111111111111111a111111111
24869,harshil,111
24870,harshil,111111111111111111111111111111111111111111@1111111111111111111111111111a1111111111111111111a111111111
24871,harshil,1
24872,harshil,1
24873,harshil,1
24874,harshil,111111111111111111111111111111111111111111@1111111111111111111111111111a1111111111111111111a111111111
24875,harshil,111
24876,harshil,111111111111111111111111111111111111111111@1111111111111111111111111111a1111111111111111111a111111111
24877,harshil,1
24878,harshil,1
24879,harshil,1
24880,harshil,111111111111111111111111111111111111111111@1111111111111111111111111111a1111111111111111111a111111111
24881,harshil,111
24882,harshil,111111111111111111111111111111111111111111@1111111111111111111111111111a1111111111111111111a111111111
24883,harshil,1
24884,harshil,1
24885,harshil,1
24886,harshil,111111111111111111111111111111111111111111@1111111111111111111111111111a1111111111111111111a111111111
24887,harshil,111
24888,harshil,111111111111111111111111111111111111111111@1111111111111111111111111111a1111111111111111111a111111111
24889,harshil,1
24890,harshil,1
24891,harshil,1
24892,harshil,111111111111111111111111111111111111111111@1111111111111111111111111111a1111111111111111111a111111111
24893,harshil,111
24894,harshil,111111111111111111111111111111111111111111@1111111111111111111111111111a1111111111111111111a111111111
24895,harshil,1
24896,harshil,1
24897,harshil,1
24898,harshil,111111111111111111111111111111111111111111@1111111111111111111111111111a1111111111111111111a111111111
24899,harshil,111
24900,harshil,111111111111111111111111111111111111111111@1111111111111111111111111111a1111111111111111111a111111111
24901,harshil,1
24902,harshil,1
24903,harshil,1
24904,harshil,111111111111111111111111111111111111111111@1111111111111111111111111111a1111111111111111111a111111111
24905,harshil,111
24906,harshil,111111111111111111111111111111111111111111@1111111111111111111111111111a1111111111111111111a111111111
24907,harshil,1
24908,harshil,1
24909,harshil,1
24910,harshil,111111111111111111111111111111111111111111@1111111111111111111111111111a1111111111111111111a111111111
24911,harshil,111
24912,harshil,111111111111111111111111111111111111111111@1111111111111111111111111111a1111111111111111111a111111111
24913,harshil,1
24914,harshil,1
24915,harshil,1
24916,harshil,111111111111111111111111111111111111111111@1111111111111111111111111111a1111111111111111111a111111111
24917,harshil,111
24918,harshil,111111111111111111111111111111111111111111@1111111111111111111111111111a1111111111111111111a111111111
24919,harshil,1
24920,harshil,1
24921,harshil,1
24922,harshil,111111111111111111111111111111111111111111@1111111111111111111111111111a1111111111111111111a111111111
24923,harshil,111
24924,harshil,111111111111111111111111111111111111111111@1111111111111111111111111111a1111111111111111111a111111111
24925,harshil,1
24926,harshil,1
24927,harshil,1
24928,harshil,111111111111111111111111111111111111111111@1111111111111111111111111111a1111111111111111111a111111111
24929,harshil,111
24930,harshil,111111111111111111111111111111111111111111@1111111111111111111111111111a1111111111111111111a111111111
24931,harshil,1
24932,harshil,1
24933,harshil,1
24934,harshil,111111111111111111111111111111111111111111@1111111111111111111111111111a1111111111111111111a111111111
24935,harshil,111
24936,harshil,111111111111111111111111111111111111111111@1111111111111111111111111111a1111111111111111111a111111111
24937,harshil,1
24938,harshil,1
24939,harshil,1
24940,harshil,111111111111111111111111111111111111111111@1111111111111111111111111111a1111111111111111111a111111111
24941,harshil,111
24942,harshil,111111111111111111111111111111111111111111@1111111111111111111111111111a1111111111111111111a111111111
24943,harshil,1
24944,harshil,1
24945,harshil,1
24946,harshil,111111111111111111111111111111111111111111@1111111111111111111111111111a1111111111111111111a111111111
24947,harshil,111
24948,harshil,111111111111111111111111111111111111111111@1111111111111111111111111111a1111111111111111111a111111111
24949,harshil,1
24950,harshil,1
24951,harshil,1
24952,harshil,111111111111111111111111111111111111111111@1111111111111111111111111111a1111111111111111111a111111111
24953,harshil,111
24954,harshil,111111111111111111111111111111111111111111@1111111111111111111111111111a1111111111111111111a111111111
24955,harshil,1
24956,harshil,1
24957,harshil,1
24958,harshil,111111111111111111111111111111111111111111@1111111111111111111111111111a1111111111111111111a111111111
24959,harshil,111
24960,harshil,111111111111111111111111111111111111111111@1111111111111111111111111111a1111111111111111111a111111111
24961,harshil,1
24962,harshil,1
24963,harshil,1
24964,harshil,111111111111111111111111111111111111111111@1111111111111111111111111111a1111111111111111111a111111111
24965,harshil,111
24966,harshil,111111111111111111111111111111111111111111@1111111111111111111111111111a1111111111111111111a111111111
24967,harshil,1
24968,harshil,1
24969,harshil,1
24970,harshil,111111111111111111111111111111111111111111@1111111111111111111111111111a1111111111111111111a111111111
24971,harshil,111
24972,harshil,111111111111111111111111111111111111111111@1111111111111111111111111111a1111111111111111111a111111111
24973,harshil,1
24974,harshil,1
24975,harshil,1
24976,harshil,111111111111111111111111111111111111111111@1111111111111111111111111111a1111111111111111111a111111111
24977,harshil,111
24978,harshil,111111111111111111111111111111111111111111@1111111111111111111111111111a1111111111111111111a111111111
24979,harshil,1
24980,harshil,1
24981,harshil,1
24982,harshil,111111111111111111111111111111111111111111@1111111111111111111111111111a1111111111111111111a111111111
24983,harshil,111
24984,harshil,111111111111111111111111111111111111111111@1111111111111111111111111111a1111111111111111111a111111111
24985,harshil,1
24986,harshil,1
24987,harshil,1
24988,harshil,111111111111111111111111111111111111111111@1111111111111111111111111111a1111111111111111111a111111111
24989,harshil,111
24990,harshil,111111111111111111111111111111111111111111@1111111111111111111111111111a1111111111111111111a111111111
24991,harshil,1
24992,harshil,1
24993,harshil,1
24994,harshil,111111111111111111111111111111111111111111@1111111111111111111111111111a1111111111111111111a111111111
24995,harshil,111
24996,harshil,111111111111111111111111111111111111111111@1111111111111111111111111111a1111111111111111111a111111111
24997,harshil,1
24998,harshil,1
24999,harshil,1
25000,harshil,111111111111111111111111111111111111111111@1111111111111111111111111111a1111111111111111111a111111111
25001,harshil,111
25002,harshil,111111111111111111111111111111111111111111@1111111111111111111111111111a1111111111111111111a111111111
25003,harshil,1
25004,harshil,1
25005,harshil,1
25006,harshil,111111111111111111111111111111111111111111@1111111111111111111111111111a1111111111111111111a111111111
25007,harshil,111
25008,harshil,111111111111111111111111111111111111111111@1111111111111111111111111111a1111111111111111111a111111111
25009,harshil,1
25010,harshil,1
25011,harshil,1
25012,harshil,111111111111111111111111111111111111111111@1111111111111111111111111111a1111111111111111111a111111111
25013,harshil,111
25014,harshil,111111111111111111111111111111111111111111@1111111111111111111111111111a1111111111111111111a111111111
25015,harshil,1
25016,harshil,1
25017,harshil,1
25018,harshil,111111111111111111111111111111111111111111@1111111111111111111111111111a1111111111111111111a111111111
25019,harshil,111
25020,harshil,111111111111111111111111111111111111111111@1111111111111111111111111111a1111111111111111111a111111111
25021,harshil,1
25022,harshil,1
25023,harshil,1
25024,harshil,111111111111111111111111111111111111111111@1111111111111111111111111111a1111111111111111111a111111111
25025,harshil,111
25026,harshil,111111111111111111111111111111111111111111@1111111111111111111111111111a1111111111111111111a111111111
25027,harshil,1
25028,harshil,1
25029,harshil,1
25030,harshil,111111111111111111111111111111111111111111@1111111111111111111111111111a1111111111111111111a111111111
25031,harshil,111
25032,harshil,111111111111111111111111111111111111111111@1111111111111111111111111111a1111111111111111111a111111111
25033,harshil,1
25034,harshil,1
25035,harshil,1
25036,harshil,111111111111111111111111111111111111111111@1111111111111111111111111111a1111111111111111111a111111111
25037,harshil,111
25038,harshil,111111111111111111111111111111111111111111@1111111111111111111111111111a1111111111111111111a111111111
25039,harshil,1
25040,harshil,1
25041,harshil,1
25042,harshil,111111111111111111111111111111111111111111@1111111111111111111111111111a1111111111111111111a111111111
25043,harshil,111
25044,harshil,111111111111111111111111111111111111111111@1111111111111111111111111111a1111111111111111111a111111111
25045,harshil,1
25046,harshil,1
25047,harshil,1
25048,harshil,111111111111111111111111111111111111111111@1111111111111111111111111111a1111111111111111111a111111111
25049,harshil,111
25050,harshil,111111111111111111111111111111111111111111@1111111111111111111111111111a1111111111111111111a111111111
25051,harshil,1
25052,harshil,1
25053,harshil,1
25054,harshil,111111111111111111111111111111111111111111@1111111111111111111111111111a1111111111111111111a111111111
25055,harshil,111
25056,harshil,111111111111111111111111111111111111111111@1111111111111111111111111111a1111111111111111111a111111111
25057,harshil,1
25058,harshil,1
25059,harshil,1
25060,harshil,111111111111111111111111111111111111111111@1111111111111111111111111111a1111111111111111111a111111111
25061,harshil,111
25062,harshil,111111111111111111111111111111111111111111@1111111111111111111111111111a1111111111111111111a111111111
25063,harshil,1
25064,harshil,1
25065,harshil,1
25066,harshil,111111111111111111111111111111111111111111@1111111111111111111111111111a1111111111111111111a111111111
25067,harshil,111
25068,harshil,111111111111111111111111111111111111111111@1111111111111111111111111111a1111111111111111111a111111111
25069,harshil,1
25070,harshil,1
25071,harshil,1
25072,harshil,111111111111111111111111111111111111111111@1111111111111111111111111111a1111111111111111111a111111111
25073,harshil,111
25074,harshil,111111111111111111111111111111111111111111@1111111111111111111111111111a1111111111111111111a111111111
25075,harshil,1
25076,harshil,1
25077,harshil,1
25078,harshil,111111111111111111111111111111111111111111@1111111111111111111111111111a1111111111111111111a111111111
25079,harshil,111
25080,harshil,111111111111111111111111111111111111111111@1111111111111111111111111111a1111111111111111111a111111111
25081,harshil,1
25082,harshil,1
25083,harshil,1
25084,harshil,111111111111111111111111111111111111111111@1111111111111111111111111111a1111111111111111111a111111111
25085,harshil,111
25086,harshil,111111111111111111111111111111111111111111@1111111111111111111111111111a1111111111111111111a111111111
25087,harshil,1
25088,harshil,1
25089,harshil,1
25090,harshil,111111111111111111111111111111111111111111@1111111111111111111111111111a1111111111111111111a111111111
25091,harshil,111
25092,harshil,111111111111111111111111111111111111111111@1111111111111111111111111111a1111111111111111111a111111111
25093,harshil,1
25094,harshil,1
25095,harshil,1
25096,harshil,111111111111111111111111111111111111111111@1111111111111111111111111111a1111111111111111111a111111111
25097,harshil,111
25098,harshil,111111111111111111111111111111111111111111@1111111111111111111111111111a1111111111111111111a111111111
25099,harshil,1
25100,harshil,1
25101,harshil,1
25102,harshil,111111111111111111111111111111111111111111@1111111111111111111111111111a1111111111111111111a111111111
25103,harshil,111
25104,harshil,111111111111111111111111111111111111111111@1111111111111111111111111111a1111111111111111111a111111111
25105,harshil,1
25106,harshil,1
25107,harshil,1
25108,harshil,111111111111111111111111111111111111111111@1111111111111111111111111111a1111111111111111111a111111111
25109,harshil,111
25110,harshil,111111111111111111111111111111111111111111@1111111111111111111111111111a1111111111111111111a111111111
25111,harshil,1
25112,harshil,1
25113,harshil,1
25114,harshil,111111111111111111111111111111111111111111@1111111111111111111111111111a1111111111111111111a111111111
25115,harshil,111
25116,harshil,111111111111111111111111111111111111111111@1111111111111111111111111111a1111111111111111111a111111111
25117,harshil,1
25118,harshil,1
25119,harshil,1
25120,harshil,111111111111111111111111111111111111111111@1111111111111111111111111111a1111111111111111111a111111111
25121,harshil,111
25122,harshil,111111111111111111111111111111111111111111@1111111111111111111111111111a1111111111111111111a111111111
25123,harshil,1
25124,harshil,1
25125,harshil,1
25126,harshil,111111111111111111111111111111111111111111@1111111111111111111111111111a1111111111111111111a111111111
25127,harshil,111
25128,harshil,111111111111111111111111111111111111111111@1111111111111111111111111111a1111111111111111111a111111111
25129,harshil,1
25130,harshil,1
25131,harshil,1
25132,harshil,111111111111111111111111111111111111111111@1111111111111111111111111111a1111111111111111111a111111111
25133,harshil,111
25134,harshil,111111111111111111111111111111111111111111@1111111111111111111111111111a1111111111111111111a111111111
25135,harshil,1
25136,harshil,1
25137,harshil,1
25138,harshil,111111111111111111111111111111111111111111@1111111111111111111111111111a1111111111111111111a111111111
25139,harshil,111
25140,harshil,111111111111111111111111111111111111111111@1111111111111111111111111111a1111111111111111111a111111111
25141,harshil,1
25142,harshil,1
25143,harshil,1
25144,harshil,111111111111111111111111111111111111111111@1111111111111111111111111111a1111111111111111111a111111111
25145,harshil,111
25146,harshil,111111111111111111111111111111111111111111@1111111111111111111111111111a1111111111111111111a111111111
25147,harshil,1
25148,harshil,1
25149,harshil,1
25150,harshil,111111111111111111111111111111111111111111@1111111111111111111111111111a1111111111111111111a111111111
25151,harshil,111
25152,harshil,111111111111111111111111111111111111111111@1111111111111111111111111111a1111111111111111111a111111111
25153,harshil,1
25154,harshil,1
25155,harshil,1
25156,harshil,111111111111111111111111111111111111111111@1111111111111111111111111111a1111111111111111111a111111111
25157,harshil,111
25158,harshil,111111111111111111111111111111111111111111@1111111111111111111111111111a1111111111111111111a111111111
25159,harshil,1
25160,harshil,1
25161,harshil,1
25162,harshil,111111111111111111111111111111111111111111@1111111111111111111111111111a1111111111111111111a111111111
25163,harshil,111
25164,harshil,111111111111111111111111111111111111111111@1111111111111111111111111111a1111111111111111111a111111111
25165,harshil,1
25166,harshil,1
25167,harshil,1
25168,harshil,111111111111111111111111111111111111111111@1111111111111111111111111111a1111111111111111111a111111111
25169,harshil,111
25170,harshil,111111111111111111111111111111111111111111@1111111111111111111111111111a1111111111111111111a111111111
25171,harshil,1
25172,harshil,1
25173,harshil,1
25174,harshil,111111111111111111111111111111111111111111@1111111111111111111111111111a1111111111111111111a111111111
25175,harshil,111
25176,harshil,111111111111111111111111111111111111111111@1111111111111111111111111111a1111111111111111111a111111111
25177,harshil,1
25178,harshil,1
25179,harshil,1
25180,harshil,111111111111111111111111111111111111111111@1111111111111111111111111111a1111111111111111111a111111111
25181,harshil,111
25182,harshil,111111111111111111111111111111111111111111@1111111111111111111111111111a1111111111111111111a111111111
25183,harshil,1
25184,harshil,1
25185,harshil,1
25186,harshil,111111111111111111111111111111111111111111@1111111111111111111111111111a1111111111111111111a111111111
25187,harshil,111
25188,harshil,111111111111111111111111111111111111111111@1111111111111111111111111111a1111111111111111111a111111111
25189,harshil,1
25190,harshil,1
25191,harshil,1
25192,harshil,111111111111111111111111111111111111111111@1111111111111111111111111111a1111111111111111111a111111111
25193,harshil,111
25194,harshil,111111111111111111111111111111111111111111@1111111111111111111111111111a1111111111111111111a111111111
25195,harshil,1
25196,harshil,1
25197,harshil,1
25198,harshil,111111111111111111111111111111111111111111@1111111111111111111111111111a1111111111111111111a111111111
25199,harshil,111
25200,harshil,111111111111111111111111111111111111111111@1111111111111111111111111111a1111111111111111111a111111111
25201,harshil,1
25202,harshil,1
25203,harshil,1
25204,harshil,111111111111111111111111111111111111111111@1111111111111111111111111111a1111111111111111111a111111111
25205,harshil,111
25206,harshil,111111111111111111111111111111111111111111@1111111111111111111111111111a1111111111111111111a111111111
25207,harshil,1
25208,harshil,1
25209,harshil,1
25210,harshil,111111111111111111111111111111111111111111@1111111111111111111111111111a1111111111111111111a111111111
25211,harshil,111
25212,harshil,111111111111111111111111111111111111111111@1111111111111111111111111111a1111111111111111111a111111111
25213,harshil,1
25214,harshil,1
25215,harshil,1
25216,harshil,111111111111111111111111111111111111111111@1111111111111111111111111111a1111111111111111111a111111111
25217,harshil,111
25218,harshil,111111111111111111111111111111111111111111@1111111111111111111111111111a1111111111111111111a111111111
25219,harshil,1
25220,harshil,1
25221,harshil,1
25222,harshil,111111111111111111111111111111111111111111@1111111111111111111111111111a1111111111111111111a111111111
25223,harshil,111
25224,harshil,111111111111111111111111111111111111111111@1111111111111111111111111111a1111111111111111111a111111111
25225,harshil,1
25226,harshil,1
25227,harshil,1
25228,harshil,111111111111111111111111111111111111111111@1111111111111111111111111111a1111111111111111111a111111111
25229,harshil,111
25230,harshil,111111111111111111111111111111111111111111@1111111111111111111111111111a1111111111111111111a111111111
25231,harshil,1
25232,harshil,1
25233,harshil,1
25234,harshil,111111111111111111111111111111111111111111@1111111111111111111111111111a1111111111111111111a111111111
25235,harshil,111
25236,harshil,111111111111111111111111111111111111111111@1111111111111111111111111111a1111111111111111111a111111111
25237,harshil,1
25238,harshil,1
25239,harshil,1
25240,harshil,111111111111111111111111111111111111111111@1111111111111111111111111111a1111111111111111111a111111111
25241,harshil,111
25242,harshil,111111111111111111111111111111111111111111@1111111111111111111111111111a1111111111111111111a111111111
25243,harshil,1
25244,harshil,1
25245,harshil,1
25246,harshil,111111111111111111111111111111111111111111@1111111111111111111111111111a1111111111111111111a111111111
25247,harshil,111
25248,harshil,111111111111111111111111111111111111111111@1111111111111111111111111111a1111111111111111111a111111111
25249,harshil,1
25250,harshil,1
25251,harshil,1
25252,harshil,111111111111111111111111111111111111111111@1111111111111111111111111111a1111111111111111111a111111111
25253,harshil,111
25254,harshil,111111111111111111111111111111111111111111@1111111111111111111111111111a1111111111111111111a111111111
25255,harshil,1
25256,harshil,1
25257,harshil,1
25258,harshil,111111111111111111111111111111111111111111@1111111111111111111111111111a1111111111111111111a111111111
25259,harshil,111
25260,harshil,111111111111111111111111111111111111111111@1111111111111111111111111111a1111111111111111111a111111111
25261,harshil,1
25262,harshil,1
25263,harshil,1
25264,harshil,111111111111111111111111111111111111111111@1111111111111111111111111111a1111111111111111111a111111111
25265,harshil,111
25266,harshil,111111111111111111111111111111111111111111@1111111111111111111111111111a1111111111111111111a111111111
25267,harshil,1
25268,harshil,1
25269,harshil,1
25270,harshil,111111111111111111111111111111111111111111@1111111111111111111111111111a1111111111111111111a111111111
25271,harshil,111
25272,harshil,111111111111111111111111111111111111111111@1111111111111111111111111111a1111111111111111111a111111111
25273,harshil,1
25274,harshil,1
25275,harshil,1
25276,harshil,111111111111111111111111111111111111111111@1111111111111111111111111111a1111111111111111111a111111111
25277,harshil,111
25278,harshil,111111111111111111111111111111111111111111@1111111111111111111111111111a1111111111111111111a111111111
25279,harshil,1
25280,harshil,1
25281,harshil,1
25282,harshil,111111111111111111111111111111111111111111@1111111111111111111111111111a1111111111111111111a111111111
25283,harshil,111
25284,harshil,111111111111111111111111111111111111111111@1111111111111111111111111111a1111111111111111111a111111111
25285,harshil,1
25286,harshil,1
25287,harshil,1
25288,harshil,111111111111111111111111111111111111111111@1111111111111111111111111111a1111111111111111111a111111111
25289,harshil,111
25290,harshil,111111111111111111111111111111111111111111@1111111111111111111111111111a1111111111111111111a111111111
25291,harshil,1
25292,harshil,1
25293,harshil,1
25294,harshil,111111111111111111111111111111111111111111@1111111111111111111111111111a1111111111111111111a111111111
25295,harshil,111
25296,harshil,111111111111111111111111111111111111111111@1111111111111111111111111111a1111111111111111111a111111111
25297,harshil,1
25298,harshil,1
25299,harshil,1
25300,harshil,111111111111111111111111111111111111111111@1111111111111111111111111111a1111111111111111111a111111111
25301,harshil,111
25302,harshil,111111111111111111111111111111111111111111@1111111111111111111111111111a1111111111111111111a111111111
25303,harshil,1
25304,harshil,1
25305,harshil,1
25306,harshil,111111111111111111111111111111111111111111@1111111111111111111111111111a1111111111111111111a111111111
25307,harshil,111
25308,harshil,111111111111111111111111111111111111111111@1111111111111111111111111111a1111111111111111111a111111111
25309,harshil,1
25310,harshil,1
25311,harshil,1
25312,harshil,111111111111111111111111111111111111111111@1111111111111111111111111111a1111111111111111111a111111111
25313,harshil,111
25314,harshil,111111111111111111111111111111111111111111@1111111111111111111111111111a1111111111111111111a111111111
25315,harshil,1
25316,harshil,1
25317,harshil,1
25318,harshil,111111111111111111111111111111111111111111@1111111111111111111111111111a1111111111111111111a111111111
25319,harshil,111
25320,harshil,111111111111111111111111111111111111111111@1111111111111111111111111111a1111111111111111111a111111111
25321,harshil,1
25322,harshil,1
25323,harshil,1
25324,harshil,111111111111111111111111111111111111111111@1111111111111111111111111111a1111111111111111111a111111111
25325,harshil,111
25326,harshil,111111111111111111111111111111111111111111@1111111111111111111111111111a1111111111111111111a111111111
25327,harshil,1
25328,harshil,1
25329,harshil,1
25330,harshil,111111111111111111111111111111111111111111@1111111111111111111111111111a1111111111111111111a111111111
25331,harshil,111
25332,harshil,111111111111111111111111111111111111111111@1111111111111111111111111111a1111111111111111111a111111111
25333,harshil,1
25334,harshil,1
25335,harshil,1
25336,harshil,111111111111111111111111111111111111111111@1111111111111111111111111111a1111111111111111111a111111111
25337,harshil,111
25338,harshil,111111111111111111111111111111111111111111@1111111111111111111111111111a1111111111111111111a111111111
25339,harshil,1
25340,harshil,1
25341,harshil,1
25342,harshil,111111111111111111111111111111111111111111@1111111111111111111111111111a1111111111111111111a111111111
25343,harshil,111
25344,harshil,111111111111111111111111111111111111111111@1111111111111111111111111111a1111111111111111111a111111111
25345,harshil,1
25346,harshil,1
25347,harshil,1
25348,harshil,111111111111111111111111111111111111111111@1111111111111111111111111111a1111111111111111111a111111111
25349,harshil,111
25350,harshil,111111111111111111111111111111111111111111@1111111111111111111111111111a1111111111111111111a111111111
25351,harshil,1
25352,harshil,1
25353,harshil,1
25354,harshil,111111111111111111111111111111111111111111@1111111111111111111111111111a1111111111111111111a111111111
25355,harshil,111
25356,harshil,111111111111111111111111111111111111111111@1111111111111111111111111111a1111111111111111111a111111111
25357,harshil,1
25358,harshil,1
25359,harshil,1
25360,harshil,111111111111111111111111111111111111111111@1111111111111111111111111111a1111111111111111111a111111111
25361,harshil,111
25362,harshil,111111111111111111111111111111111111111111@1111111111111111111111111111a1111111111111111111a111111111
25363,harshil,1
25364,harshil,1
25365,harshil,1
25366,harshil,111111111111111111111111111111111111111111@1111111111111111111111111111a1111111111111111111a111111111
25367,harshil,111
25368,harshil,111111111111111111111111111111111111111111@1111111111111111111111111111a1111111111111111111a111111111
25369,harshil,1
25370,harshil,1
25371,harshil,1
25372,harshil,111111111111111111111111111111111111111111@1111111111111111111111111111a1111111111111111111a111111111
25373,harshil,111
25374,harshil,111111111111111111111111111111111111111111@1111111111111111111111111111a1111111111111111111a111111111
25375,harshil,1
25376,harshil,1
25377,harshil,1
25378,harshil,111111111111111111111111111111111111111111@1111111111111111111111111111a1111111111111111111a111111111
25379,harshil,111
25380,harshil,111111111111111111111111111111111111111111@1111111111111111111111111111a1111111111111111111a111111111
25381,harshil,1
25382,harshil,1
25383,harshil,1
25384,harshil,111111111111111111111111111111111111111111@1111111111111111111111111111a1111111111111111111a111111111
25385,harshil,111
25386,harshil,111111111111111111111111111111111111111111@1111111111111111111111111111a1111111111111111111a111111111
25387,harshil,1
25388,harshil,1
25389,harshil,1
25390,harshil,111111111111111111111111111111111111111111@1111111111111111111111111111a1111111111111111111a111111111
25391,harshil,111
25392,harshil,111111111111111111111111111111111111111111@1111111111111111111111111111a1111111111111111111a111111111
25393,harshil,1
25394,harshil,1
25395,harshil,1
25396,harshil,111111111111111111111111111111111111111111@1111111111111111111111111111a1111111111111111111a111111111
25397,harshil,111
25398,harshil,111111111111111111111111111111111111111111@1111111111111111111111111111a1111111111111111111a111111111
25399,harshil,1
25400,harshil,1
25401,harshil,1
25402,harshil,111111111111111111111111111111111111111111@1111111111111111111111111111a1111111111111111111a111111111
25403,harshil,111
25404,harshil,111111111111111111111111111111111111111111@1111111111111111111111111111a1111111111111111111a111111111
25405,harshil,1
25406,harshil,1
25407,harshil,1
25408,harshil,111111111111111111111111111111111111111111@1111111111111111111111111111a1111111111111111111a111111111
25409,harshil,111
25410,harshil,111111111111111111111111111111111111111111@1111111111111111111111111111a1111111111111111111a111111111
25411,harshil,1
25412,harshil,1
25413,harshil,1
25414,harshil,111111111111111111111111111111111111111111@1111111111111111111111111111a1111111111111111111a111111111
25415,harshil,111
25416,harshil,111111111111111111111111111111111111111111@1111111111111111111111111111a1111111111111111111a111111111
25417,harshil,1
25418,harshil,1
25419,harshil,1
25420,harshil,111111111111111111111111111111111111111111@1111111111111111111111111111a1111111111111111111a111111111
25421,harshil,111
25422,harshil,111111111111111111111111111111111111111111@1111111111111111111111111111a1111111111111111111a111111111
25423,harshil,1
25424,harshil,1
25425,harshil,1
25426,harshil,111111111111111111111111111111111111111111@1111111111111111111111111111a1111111111111111111a111111111
25427,harshil,111
25428,harshil,111111111111111111111111111111111111111111@1111111111111111111111111111a1111111111111111111a111111111
25429,harshil,1
25430,harshil,1
25431,harshil,1
25432,harshil,111111111111111111111111111111111111111111@1111111111111111111111111111a1111111111111111111a111111111
25433,harshil,111
25434,harshil,111111111111111111111111111111111111111111@1111111111111111111111111111a1111111111111111111a111111111
25435,harshil,1
25436,harshil,1
25437,harshil,1
25438,harshil,111111111111111111111111111111111111111111@1111111111111111111111111111a1111111111111111111a111111111
25439,harshil,111
25440,harshil,111111111111111111111111111111111111111111@1111111111111111111111111111a1111111111111111111a111111111
25441,harshil,1
25442,harshil,1
25443,harshil,1
25444,harshil,111111111111111111111111111111111111111111@1111111111111111111111111111a1111111111111111111a111111111
25445,harshil,111
25446,harshil,111111111111111111111111111111111111111111@1111111111111111111111111111a1111111111111111111a111111111
25447,harshil,1
25448,harshil,1
25449,harshil,1
25450,harshil,111111111111111111111111111111111111111111@1111111111111111111111111111a1111111111111111111a111111111
25451,harshil,111
25452,harshil,111111111111111111111111111111111111111111@1111111111111111111111111111a1111111111111111111a111111111
25453,harshil,1
25454,harshil,1
25455,harshil,1
25456,harshil,111111111111111111111111111111111111111111@1111111111111111111111111111a1111111111111111111a111111111
25457,harshil,111
25458,harshil,111111111111111111111111111111111111111111@1111111111111111111111111111a1111111111111111111a111111111
25459,harshil,1
25460,harshil,1
25461,harshil,1
25462,harshil,111111111111111111111111111111111111111111@1111111111111111111111111111a1111111111111111111a111111111
25463,harshil,111
25464,harshil,111111111111111111111111111111111111111111@1111111111111111111111111111a1111111111111111111a111111111
25465,harshil,1
25466,harshil,1
25467,harshil,1
25468,harshil,111111111111111111111111111111111111111111@1111111111111111111111111111a1111111111111111111a111111111
25469,harshil,111
25470,harshil,111111111111111111111111111111111111111111@1111111111111111111111111111a1111111111111111111a111111111
25471,harshil,1
25472,harshil,1
25473,harshil,1
25474,harshil,111111111111111111111111111111111111111111@1111111111111111111111111111a1111111111111111111a111111111
25475,harshil,111
25476,harshil,111111111111111111111111111111111111111111@1111111111111111111111111111a1111111111111111111a111111111
25477,harshil,1
25478,harshil,1
25479,harshil,1
25480,harshil,111111111111111111111111111111111111111111@1111111111111111111111111111a1111111111111111111a111111111
25481,harshil,111
25482,harshil,111111111111111111111111111111111111111111@1111111111111111111111111111a1111111111111111111a111111111
25483,harshil,1
25484,harshil,1
25485,harshil,1
25486,harshil,111111111111111111111111111111111111111111@1111111111111111111111111111a1111111111111111111a111111111
25487,harshil,111
25488,harshil,111111111111111111111111111111111111111111@1111111111111111111111111111a1111111111111111111a111111111
25489,harshil,1
25490,harshil,1
25491,harshil,1
25492,harshil,111111111111111111111111111111111111111111@1111111111111111111111111111a1111111111111111111a111111111
25493,harshil,111
25494,harshil,111111111111111111111111111111111111111111@1111111111111111111111111111a1111111111111111111a111111111
25495,harshil,1
25496,harshil,1
25497,harshil,1
25498,harshil,111111111111111111111111111111111111111111@1111111111111111111111111111a1111111111111111111a111111111
25499,harshil,111
25500,harshil,111111111111111111111111111111111111111111@1111111111111111111111111111a1111111111111111111a111111111
25501,harshil,1
25502,harshil,1
25503,harshil,1
25504,harshil,111111111111111111111111111111111111111111@1111111111111111111111111111a1111111111111111111a111111111
25505,harshil,111
25506,harshil,111111111111111111111111111111111111111111@1111111111111111111111111111a1111111111111111111a111111111
25507,harshil,1
25508,harshil,1
25509,harshil,1
25510,harshil,111111111111111111111111111111111111111111@1111111111111111111111111111a1111111111111111111a111111111
25511,harshil,111
25512,harshil,111111111111111111111111111111111111111111@1111111111111111111111111111a1111111111111111111a111111111
25513,harshil,1
25514,harshil,1
25515,harshil,1
25516,harshil,111111111111111111111111111111111111111111@1111111111111111111111111111a1111111111111111111a111111111
25517,harshil,111
25518,harshil,111111111111111111111111111111111111111111@1111111111111111111111111111a1111111111111111111a111111111
25519,harshil,1
25520,harshil,1
25521,harshil,1
25522,harshil,111111111111111111111111111111111111111111@1111111111111111111111111111a1111111111111111111a111111111
25523,harshil,111
25524,harshil,111111111111111111111111111111111111111111@1111111111111111111111111111a1111111111111111111a111111111
25525,harshil,1
25526,harshil,1
25527,harshil,1
25528,harshil,111111111111111111111111111111111111111111@1111111111111111111111111111a1111111111111111111a111111111
25529,harshil,111
25530,harshil,111111111111111111111111111111111111111111@1111111111111111111111111111a1111111111111111111a111111111
25531,harshil,1
25532,harshil,1
25533,harshil,1
25534,harshil,111111111111111111111111111111111111111111@1111111111111111111111111111a1111111111111111111a111111111
25535,harshil,111
25536,harshil,111111111111111111111111111111111111111111@1111111111111111111111111111a1111111111111111111a111111111
25537,harshil,1
25538,harshil,1
25539,harshil,1
25540,harshil,111111111111111111111111111111111111111111@1111111111111111111111111111a1111111111111111111a111111111
25541,harshil,111
25542,harshil,111111111111111111111111111111111111111111@1111111111111111111111111111a1111111111111111111a111111111
25543,harshil,1
25544,harshil,1
25545,harshil,1
25546,harshil,111111111111111111111111111111111111111111@1111111111111111111111111111a1111111111111111111a111111111
25547,harshil,111
25548,harshil,111111111111111111111111111111111111111111@1111111111111111111111111111a1111111111111111111a111111111
25549,harshil,1
25550,harshil,1
25551,harshil,1
25552,harshil,111111111111111111111111111111111111111111@1111111111111111111111111111a1111111111111111111a111111111
25553,harshil,111
25554,harshil,111111111111111111111111111111111111111111@1111111111111111111111111111a1111111111111111111a111111111
25555,harshil,1
25556,harshil,1
25557,harshil,1
25558,harshil,111111111111111111111111111111111111111111@1111111111111111111111111111a1111111111111111111a111111111
25559,harshil,111
25560,harshil,111111111111111111111111111111111111111111@1111111111111111111111111111a1111111111111111111a111111111
25561,harshil,1
25562,harshil,1
25563,harshil,1
25564,harshil,111111111111111111111111111111111111111111@1111111111111111111111111111a1111111111111111111a111111111
25565,harshil,111
25566,harshil,111111111111111111111111111111111111111111@1111111111111111111111111111a1111111111111111111a111111111
25567,harshil,1
25568,harshil,1
25569,harshil,1
25570,harshil,111111111111111111111111111111111111111111@1111111111111111111111111111a1111111111111111111a111111111
25571,harshil,111
25572,harshil,111111111111111111111111111111111111111111@1111111111111111111111111111a1111111111111111111a111111111
25573,harshil,1
25574,harshil,1
25575,harshil,1
25576,harshil,111111111111111111111111111111111111111111@1111111111111111111111111111a1111111111111111111a111111111
25577,harshil,111
25578,harshil,111111111111111111111111111111111111111111@1111111111111111111111111111a1111111111111111111a111111111
25579,harshil,1
25580,harshil,1
25581,harshil,1
25582,harshil,111111111111111111111111111111111111111111@1111111111111111111111111111a1111111111111111111a111111111
25583,harshil,111
25584,harshil,111111111111111111111111111111111111111111@1111111111111111111111111111a1111111111111111111a111111111
25585,harshil,1
25586,harshil,1
25587,harshil,1
25588,harshil,111111111111111111111111111111111111111111@1111111111111111111111111111a1111111111111111111a111111111
25589,harshil,111
25590,harshil,111111111111111111111111111111111111111111@1111111111111111111111111111a1111111111111111111a111111111
25591,harshil,1
25592,harshil,1
25593,harshil,1
25594,harshil,111111111111111111111111111111111111111111@1111111111111111111111111111a1111111111111111111a111111111
25595,harshil,111
25596,harshil,111111111111111111111111111111111111111111@1111111111111111111111111111a1111111111111111111a111111111
25597,harshil,1
25598,harshil,1
25599,harshil,1
25600,harshil,111111111111111111111111111111111111111111@1111111111111111111111111111a1111111111111111111a111111111
25601,harshil,111
25602,harshil,111111111111111111111111111111111111111111@1111111111111111111111111111a1111111111111111111a111111111
25603,harshil,1
25604,harshil,1
25605,harshil,1
25606,harshil,111111111111111111111111111111111111111111@1111111111111111111111111111a1111111111111111111a111111111
25607,harshil,111
25608,harshil,111111111111111111111111111111111111111111@1111111111111111111111111111a1111111111111111111a111111111
25609,harshil,1
25610,harshil,1
25611,harshil,1
25612,harshil,111111111111111111111111111111111111111111@1111111111111111111111111111a1111111111111111111a111111111
25613,harshil,111
25614,harshil,111111111111111111111111111111111111111111@1111111111111111111111111111a1111111111111111111a111111111
25615,harshil,1
25616,harshil,1
25617,harshil,1
25618,harshil,111111111111111111111111111111111111111111@1111111111111111111111111111a1111111111111111111a111111111
25619,harshil,111
25620,harshil,111111111111111111111111111111111111111111@1111111111111111111111111111a1111111111111111111a111111111
25621,harshil,1
25622,harshil,1
25623,harshil,1
25624,harshil,111111111111111111111111111111111111111111@1111111111111111111111111111a1111111111111111111a111111111
25625,harshil,111
25626,harshil,111111111111111111111111111111111111111111@1111111111111111111111111111a1111111111111111111a111111111
25627,harshil,1
25628,harshil,1
25629,harshil,1
25630,harshil,111111111111111111111111111111111111111111@1111111111111111111111111111a1111111111111111111a111111111
25631,harshil,111
25632,harshil,111111111111111111111111111111111111111111@1111111111111111111111111111a1111111111111111111a111111111
25633,harshil,1
25634,harshil,1
25635,harshil,1
25636,harshil,111111111111111111111111111111111111111111@1111111111111111111111111111a1111111111111111111a111111111
25637,harshil,111
25638,harshil,111111111111111111111111111111111111111111@1111111111111111111111111111a1111111111111111111a111111111
25639,harshil,1
25640,harshil,1
25641,harshil,1
25642,harshil,111111111111111111111111111111111111111111@1111111111111111111111111111a1111111111111111111a111111111
25643,harshil,111
25644,harshil,111111111111111111111111111111111111111111@1111111111111111111111111111a1111111111111111111a111111111
25645,harshil,1
25646,harshil,1
25647,harshil,1
25648,harshil,111111111111111111111111111111111111111111@1111111111111111111111111111a1111111111111111111a111111111
25649,harshil,111
25650,harshil,111111111111111111111111111111111111111111@1111111111111111111111111111a1111111111111111111a111111111
25651,harshil,1
25652,harshil,1
25653,harshil,1
25654,harshil,111111111111111111111111111111111111111111@1111111111111111111111111111a1111111111111111111a111111111
25655,harshil,111
25656,harshil,111111111111111111111111111111111111111111@1111111111111111111111111111a1111111111111111111a111111111
25657,harshil,1
25658,harshil,1
25659,harshil,1
25660,harshil,111111111111111111111111111111111111111111@1111111111111111111111111111a1111111111111111111a111111111
25661,harshil,111
25662,harshil,111111111111111111111111111111111111111111@1111111111111111111111111111a1111111111111111111a111111111
25663,harshil,1
25664,harshil,1
25665,harshil,1
25666,harshil,111111111111111111111111111111111111111111@1111111111111111111111111111a1111111111111111111a111111111
25667,harshil,111
25668,harshil,111111111111111111111111111111111111111111@1111111111111111111111111111a1111111111111111111a111111111
25669,harshil,1
25670,harshil,1
25671,harshil,1
25672,harshil,111111111111111111111111111111111111111111@1111111111111111111111111111a1111111111111111111a111111111
25673,harshil,111
25674,harshil,111111111111111111111111111111111111111111@1111111111111111111111111111a1111111111111111111a111111111
25675,harshil,1
25676,harshil,1
25677,harshil,1
25678,harshil,111111111111111111111111111111111111111111@1111111111111111111111111111a1111111111111111111a111111111
25679,harshil,111
25680,harshil,111111111111111111111111111111111111111111@1111111111111111111111111111a1111111111111111111a111111111
25681,harshil,1
25682,harshil,1
25683,harshil,1
25684,harshil,111111111111111111111111111111111111111111@1111111111111111111111111111a1111111111111111111a111111111
25685,harshil,111
25686,harshil,111111111111111111111111111111111111111111@1111111111111111111111111111a1111111111111111111a111111111
25687,harshil,1
25688,harshil,1
25689,harshil,1
25690,harshil,111111111111111111111111111111111111111111@1111111111111111111111111111a1111111111111111111a111111111
25691,harshil,111
25692,harshil,111111111111111111111111111111111111111111@1111111111111111111111111111a1111111111111111111a111111111
25693,harshil,1
25694,harshil,1
25695,harshil,1
25696,harshil,111111111111111111111111111111111111111111@1111111111111111111111111111a1111111111111111111a111111111
25697,harshil,111
25698,harshil,111111111111111111111111111111111111111111@1111111111111111111111111111a1111111111111111111a111111111
25699,harshil,1
25700,harshil,1
25701,harshil,1
25702,harshil,111111111111111111111111111111111111111111@1111111111111111111111111111a1111111111111111111a111111111
25703,harshil,111
25704,harshil,111111111111111111111111111111111111111111@1111111111111111111111111111a1111111111111111111a111111111
25705,harshil,1
25706,harshil,1
25707,harshil,1
25708,harshil,111111111111111111111111111111111111111111@1111111111111111111111111111a1111111111111111111a111111111
25709,harshil,111
25710,harshil,111111111111111111111111111111111111111111@1111111111111111111111111111a1111111111111111111a111111111
25711,harshil,1
25712,harshil,1
25713,harshil,1
25714,harshil,111111111111111111111111111111111111111111@1111111111111111111111111111a1111111111111111111a111111111
25715,harshil,111
25716,harshil,111111111111111111111111111111111111111111@1111111111111111111111111111a1111111111111111111a111111111
25717,harshil,1
25718,harshil,1
25719,harshil,1
25720,harshil,111111111111111111111111111111111111111111@1111111111111111111111111111a1111111111111111111a111111111
25721,harshil,111
25722,harshil,111111111111111111111111111111111111111111@1111111111111111111111111111a1111111111111111111a111111111
25723,harshil,1
25724,harshil,1
25725,harshil,1
25726,harshil,111111111111111111111111111111111111111111@1111111111111111111111111111a1111111111111111111a111111111
25727,harshil,111
25728,harshil,111111111111111111111111111111111111111111@1111111111111111111111111111a1111111111111111111a111111111
25729,harshil,1
25730,harshil,1
25731,harshil,1
25732,harshil,111111111111111111111111111111111111111111@1111111111111111111111111111a1111111111111111111a111111111
25733,harshil,111
25734,harshil,111111111111111111111111111111111111111111@1111111111111111111111111111a1111111111111111111a111111111
25735,harshil,1
25736,harshil,1
25737,harshil,1
25738,harshil,111111111111111111111111111111111111111111@1111111111111111111111111111a1111111111111111111a111111111
25739,harshil,111
25740,harshil,111111111111111111111111111111111111111111@1111111111111111111111111111a1111111111111111111a111111111
25741,harshil,1
25742,harshil,1
25743,harshil,1
25744,harshil,111111111111111111111111111111111111111111@1111111111111111111111111111a1111111111111111111a111111111
25745,harshil,111
25746,harshil,111111111111111111111111111111111111111111@1111111111111111111111111111a1111111111111111111a111111111
25747,harshil,1
25748,harshil,1
25749,harshil,1
25750,harshil,111111111111111111111111111111111111111111@1111111111111111111111111111a1111111111111111111a111111111
25751,harshil,111
25752,harshil,111111111111111111111111111111111111111111@1111111111111111111111111111a1111111111111111111a111111111
25753,harshil,1
25754,harshil,1
25755,harshil,1
25756,harshil,111111111111111111111111111111111111111111@1111111111111111111111111111a1111111111111111111a111111111
25757,harshil,111
25758,harshil,111111111111111111111111111111111111111111@1111111111111111111111111111a1111111111111111111a111111111
25759,harshil,1
25760,harshil,1
25761,harshil,1
25762,harshil,111111111111111111111111111111111111111111@1111111111111111111111111111a1111111111111111111a111111111
25763,harshil,111
25764,harshil,111111111111111111111111111111111111111111@1111111111111111111111111111a1111111111111111111a111111111
25765,harshil,1
25766,harshil,1
25767,harshil,1
25768,harshil,111111111111111111111111111111111111111111@1111111111111111111111111111a1111111111111111111a111111111
25769,harshil,111
25770,harshil,111111111111111111111111111111111111111111@1111111111111111111111111111a1111111111111111111a111111111
25771,harshil,1
25772,harshil,1
25773,harshil,1
25774,harshil,111111111111111111111111111111111111111111@1111111111111111111111111111a1111111111111111111a111111111
25775,harshil,111
25776,harshil,111111111111111111111111111111111111111111@1111111111111111111111111111a1111111111111111111a111111111
25777,harshil,1
25778,harshil,1
25779,harshil,1
25780,harshil,111111111111111111111111111111111111111111@1111111111111111111111111111a1111111111111111111a111111111
25781,harshil,111
25782,harshil,111111111111111111111111111111111111111111@1111111111111111111111111111a1111111111111111111a111111111
25783,harshil,1
25784,harshil,1
25785,harshil,1
25786,harshil,111111111111111111111111111111111111111111@1111111111111111111111111111a1111111111111111111a111111111
25787,harshil,111
25788,harshil,111111111111111111111111111111111111111111@1111111111111111111111111111a1111111111111111111a111111111
25789,harshil,1
25790,harshil,1
25791,harshil,1
25792,harshil,111111111111111111111111111111111111111111@1111111111111111111111111111a1111111111111111111a111111111
25793,harshil,111
25794,harshil,111111111111111111111111111111111111111111@1111111111111111111111111111a1111111111111111111a111111111
25795,harshil,1
25796,harshil,1
25797,harshil,1
25798,harshil,111111111111111111111111111111111111111111@1111111111111111111111111111a1111111111111111111a111111111
25799,harshil,111
25800,harshil,111111111111111111111111111111111111111111@1111111111111111111111111111a1111111111111111111a111111111
25801,harshil,1
25802,harshil,1
25803,harshil,1
25804,harshil,111111111111111111111111111111111111111111@1111111111111111111111111111a1111111111111111111a111111111
25805,harshil,111
25806,harshil,111111111111111111111111111111111111111111@1111111111111111111111111111a1111111111111111111a111111111
25807,harshil,1
25808,harshil,1
25809,harshil,1
25810,harshil,111111111111111111111111111111111111111111@1111111111111111111111111111a1111111111111111111a111111111
25811,harshil,111
25812,harshil,111111111111111111111111111111111111111111@1111111111111111111111111111a1111111111111111111a111111111
25813,harshil,1
25814,harshil,1
25815,harshil,1
25816,harshil,111111111111111111111111111111111111111111@1111111111111111111111111111a1111111111111111111a111111111
25817,harshil,111
25818,harshil,111111111111111111111111111111111111111111@1111111111111111111111111111a1111111111111111111a111111111
25819,harshil,1
25820,harshil,1
25821,harshil,1
25822,harshil,111111111111111111111111111111111111111111@1111111111111111111111111111a1111111111111111111a111111111
25823,harshil,111
25824,harshil,111111111111111111111111111111111111111111@1111111111111111111111111111a1111111111111111111a111111111
25825,harshil,1
25826,harshil,1
25827,harshil,1
25828,harshil,111111111111111111111111111111111111111111@1111111111111111111111111111a1111111111111111111a111111111
25829,harshil,111
25830,harshil,111111111111111111111111111111111111111111@1111111111111111111111111111a1111111111111111111a111111111
25831,harshil,1
25832,harshil,1
25833,harshil,1
25834,harshil,111111111111111111111111111111111111111111@1111111111111111111111111111a1111111111111111111a111111111
25835,harshil,111
25836,harshil,111111111111111111111111111111111111111111@1111111111111111111111111111a1111111111111111111a111111111
25837,harshil,1
25838,harshil,1
25839,harshil,1
25840,harshil,111111111111111111111111111111111111111111@1111111111111111111111111111a1111111111111111111a111111111
25841,harshil,111
25842,harshil,111111111111111111111111111111111111111111@1111111111111111111111111111a1111111111111111111a111111111
25843,harshil,1
25844,harshil,1
25845,harshil,1
25846,harshil,111111111111111111111111111111111111111111@1111111111111111111111111111a1111111111111111111a111111111
25847,harshil,111
25848,harshil,111111111111111111111111111111111111111111@1111111111111111111111111111a1111111111111111111a111111111
25849,harshil,1
25850,harshil,1
25851,harshil,1
25852,harshil,111111111111111111111111111111111111111111@1111111111111111111111111111a1111111111111111111a111111111
25853,harshil,111
25854,harshil,111111111111111111111111111111111111111111@1111111111111111111111111111a1111111111111111111a111111111
25855,harshil,1
25856,harshil,1
25857,harshil,1
25858,harshil,111111111111111111111111111111111111111111@1111111111111111111111111111a1111111111111111111a111111111
25859,harshil,111
25860,harshil,111111111111111111111111111111111111111111@1111111111111111111111111111a1111111111111111111a111111111
25861,harshil,1
25862,harshil,1
25863,harshil,1
25864,harshil,111111111111111111111111111111111111111111@1111111111111111111111111111a1111111111111111111a111111111
25865,harshil,111
25866,harshil,111111111111111111111111111111111111111111@1111111111111111111111111111a1111111111111111111a111111111
25867,harshil,1
25868,harshil,1
25869,harshil,1
25870,harshil,111111111111111111111111111111111111111111@1111111111111111111111111111a1111111111111111111a111111111
25871,harshil,111
25872,harshil,111111111111111111111111111111111111111111@1111111111111111111111111111a1111111111111111111a111111111
25873,harshil,1
25874,harshil,1
25875,harshil,1
25876,harshil,111111111111111111111111111111111111111111@1111111111111111111111111111a1111111111111111111a111111111
25877,harshil,111
25878,harshil,111111111111111111111111111111111111111111@1111111111111111111111111111a1111111111111111111a111111111
25879,harshil,1
25880,harshil,1
25881,harshil,1
25882,harshil,111111111111111111111111111111111111111111@1111111111111111111111111111a1111111111111111111a111111111
25883,harshil,111
25884,harshil,111111111111111111111111111111111111111111@1111111111111111111111111111a1111111111111111111a111111111
25885,harshil,1
25886,harshil,1
25887,harshil,1
25888,harshil,111111111111111111111111111111111111111111@1111111111111111111111111111a1111111111111111111a111111111
25889,harshil,111
25890,harshil,111111111111111111111111111111111111111111@1111111111111111111111111111a1111111111111111111a111111111
25891,harshil,1
25892,harshil,1
25893,harshil,1
25894,harshil,111111111111111111111111111111111111111111@1111111111111111111111111111a1111111111111111111a111111111
25895,harshil,111
25896,harshil,111111111111111111111111111111111111111111@1111111111111111111111111111a1111111111111111111a111111111
25897,harshil,1
25898,harshil,1
25899,harshil,1
25900,harshil,111111111111111111111111111111111111111111@1111111111111111111111111111a1111111111111111111a111111111
25901,harshil,111
25902,harshil,111111111111111111111111111111111111111111@1111111111111111111111111111a1111111111111111111a111111111
25903,harshil,1
25904,harshil,1
25905,harshil,1
25906,harshil,111111111111111111111111111111111111111111@1111111111111111111111111111a1111111111111111111a111111111
25907,harshil,111
25908,harshil,111111111111111111111111111111111111111111@1111111111111111111111111111a1111111111111111111a111111111
25909,harshil,1
25910,harshil,1
25911,harshil,1
25912,harshil,111111111111111111111111111111111111111111@1111111111111111111111111111a1111111111111111111a111111111
25913,harshil,111
25914,harshil,111111111111111111111111111111111111111111@1111111111111111111111111111a1111111111111111111a111111111
25915,harshil,1
25916,harshil,1
25917,harshil,1
25918,harshil,111111111111111111111111111111111111111111@1111111111111111111111111111a1111111111111111111a111111111
25919,harshil,111
25920,harshil,111111111111111111111111111111111111111111@1111111111111111111111111111a1111111111111111111a111111111
25921,harshil,1
25922,harshil,1
25923,harshil,1
25924,harshil,111111111111111111111111111111111111111111@1111111111111111111111111111a1111111111111111111a111111111
25925,harshil,111
25926,harshil,111111111111111111111111111111111111111111@1111111111111111111111111111a1111111111111111111a111111111
25927,harshil,1
25928,harshil,1
25929,harshil,1
25930,harshil,111111111111111111111111111111111111111111@1111111111111111111111111111a1111111111111111111a111111111
25931,harshil,111
25932,harshil,111111111111111111111111111111111111111111@1111111111111111111111111111a1111111111111111111a111111111
25933,harshil,1
25934,harshil,1
25935,harshil,1
25936,harshil,111111111111111111111111111111111111111111@1111111111111111111111111111a1111111111111111111a111111111
25937,harshil,111
25938,harshil,111111111111111111111111111111111111111111@1111111111111111111111111111a1111111111111111111a111111111
25939,harshil,1
25940,harshil,1
25941,harshil,1
25942,harshil,111111111111111111111111111111111111111111@1111111111111111111111111111a1111111111111111111a111111111
25943,harshil,111
25944,harshil,111111111111111111111111111111111111111111@1111111111111111111111111111a1111111111111111111a111111111
25945,harshil,1
25946,harshil,1
25947,harshil,1
25948,harshil,111111111111111111111111111111111111111111@1111111111111111111111111111a1111111111111111111a111111111
25949,harshil,111
25950,harshil,111111111111111111111111111111111111111111@1111111111111111111111111111a1111111111111111111a111111111
25951,harshil,1
25952,harshil,1
25953,harshil,1
25954,harshil,111111111111111111111111111111111111111111@1111111111111111111111111111a1111111111111111111a111111111
25955,harshil,111
25956,harshil,111111111111111111111111111111111111111111@1111111111111111111111111111a1111111111111111111a111111111
25957,harshil,1
25958,harshil,1
25959,harshil,1
25960,harshil,111111111111111111111111111111111111111111@1111111111111111111111111111a1111111111111111111a111111111
25961,harshil,111
25962,harshil,111111111111111111111111111111111111111111@1111111111111111111111111111a1111111111111111111a111111111
25963,harshil,1
25964,harshil,1
25965,harshil,1
25966,harshil,111111111111111111111111111111111111111111@1111111111111111111111111111a1111111111111111111a111111111
25967,harshil,111
25968,harshil,111111111111111111111111111111111111111111@1111111111111111111111111111a1111111111111111111a111111111
25969,harshil,1
25970,harshil,1
25971,harshil,1
25972,harshil,111111111111111111111111111111111111111111@1111111111111111111111111111a1111111111111111111a111111111
25973,harshil,111
25974,harshil,111111111111111111111111111111111111111111@1111111111111111111111111111a1111111111111111111a111111111
25975,harshil,1
25976,harshil,1
25977,harshil,1
25978,harshil,111111111111111111111111111111111111111111@1111111111111111111111111111a1111111111111111111a111111111
25979,harshil,111
25980,harshil,111111111111111111111111111111111111111111@1111111111111111111111111111a1111111111111111111a111111111
25981,harshil,1
25982,harshil,1
25983,harshil,1
25984,harshil,111111111111111111111111111111111111111111@1111111111111111111111111111a1111111111111111111a111111111
25985,harshil,111
25986,harshil,111111111111111111111111111111111111111111@1111111111111111111111111111a1111111111111111111a111111111
25987,harshil,1
25988,harshil,1
25989,harshil,1
25990,harshil,111111111111111111111111111111111111111111@1111111111111111111111111111a1111111111111111111a111111111
25991,harshil,111
25992,harshil,111111111111111111111111111111111111111111@1111111111111111111111111111a1111111111111111111a111111111
25993,harshil,1
25994,harshil,1
25995,harshil,1
25996,harshil,111111111111111111111111111111111111111111@1111111111111111111111111111a1111111111111111111a111111111
25997,harshil,111
25998,harshil,111111111111111111111111111111111111111111@1111111111111111111111111111a1111111111111111111a111111111
25999,harshil,1
26000,harshil,1
26001,harshil,1
26002,harshil,111111111111111111111111111111111111111111@1111111111111111111111111111a1111111111111111111a111111111
26003,harshil,111
26004,harshil,111111111111111111111111111111111111111111@1111111111111111111111111111a1111111111111111111a111111111
26005,harshil,1
26006,harshil,1
26007,harshil,1
26008,harshil,111111111111111111111111111111111111111111@1111111111111111111111111111a1111111111111111111a111111111
26009,harshil,111
26010,harshil,111111111111111111111111111111111111111111@1111111111111111111111111111a1111111111111111111a111111111
26011,harshil,1
26012,harshil,1
26013,harshil,1
26014,harshil,111111111111111111111111111111111111111111@1111111111111111111111111111a1111111111111111111a111111111
26015,harshil,111
26016,harshil,111111111111111111111111111111111111111111@1111111111111111111111111111a1111111111111111111a111111111
26017,harshil,1
26018,harshil,1
26019,harshil,1
26020,harshil,111111111111111111111111111111111111111111@1111111111111111111111111111a1111111111111111111a111111111
26021,harshil,111
26022,harshil,111111111111111111111111111111111111111111@1111111111111111111111111111a1111111111111111111a111111111
26023,harshil,1
26024,harshil,1
26025,harshil,1
26026,harshil,111111111111111111111111111111111111111111@1111111111111111111111111111a1111111111111111111a111111111
26027,harshil,111
26028,harshil,111111111111111111111111111111111111111111@1111111111111111111111111111a1111111111111111111a111111111
26029,harshil,1
26030,harshil,1
26031,harshil,1
26032,harshil,111111111111111111111111111111111111111111@1111111111111111111111111111a1111111111111111111a111111111
26033,harshil,111
26034,harshil,111111111111111111111111111111111111111111@1111111111111111111111111111a1111111111111111111a111111111
26035,harshil,1
26036,harshil,1
26037,harshil,1
26038,harshil,111111111111111111111111111111111111111111@1111111111111111111111111111a1111111111111111111a111111111
26039,harshil,111
26040,harshil,111111111111111111111111111111111111111111@1111111111111111111111111111a1111111111111111111a111111111
26041,harshil,1
26042,harshil,1
26043,harshil,1
26044,harshil,111111111111111111111111111111111111111111@1111111111111111111111111111a1111111111111111111a111111111
26045,harshil,111
26046,harshil,111111111111111111111111111111111111111111@1111111111111111111111111111a1111111111111111111a111111111
26047,harshil,1
26048,harshil,1
26049,harshil,1
26050,harshil,111111111111111111111111111111111111111111@1111111111111111111111111111a1111111111111111111a111111111
26051,harshil,111
26052,harshil,111111111111111111111111111111111111111111@1111111111111111111111111111a1111111111111111111a111111111
26053,harshil,1
26054,harshil,1
26055,harshil,1
26056,harshil,111111111111111111111111111111111111111111@1111111111111111111111111111a1111111111111111111a111111111
26057,harshil,111
26058,harshil,111111111111111111111111111111111111111111@1111111111111111111111111111a1111111111111111111a111111111
26059,harshil,1
26060,harshil,1
26061,harshil,1
26062,harshil,111111111111111111111111111111111111111111@1111111111111111111111111111a1111111111111111111a111111111
26063,harshil,111
26064,harshil,111111111111111111111111111111111111111111@1111111111111111111111111111a1111111111111111111a111111111
26065,harshil,1
26066,harshil,1
26067,harshil,1
26068,harshil,111111111111111111111111111111111111111111@1111111111111111111111111111a1111111111111111111a111111111
26069,harshil,111
26070,harshil,111111111111111111111111111111111111111111@1111111111111111111111111111a1111111111111111111a111111111
26071,harshil,1
26072,harshil,1
26073,harshil,1
26074,harshil,111111111111111111111111111111111111111111@1111111111111111111111111111a1111111111111111111a111111111
26075,harshil,111
26076,harshil,111111111111111111111111111111111111111111@1111111111111111111111111111a1111111111111111111a111111111
26077,harshil,1
26078,harshil,1
26079,harshil,1
26080,harshil,111111111111111111111111111111111111111111@1111111111111111111111111111a1111111111111111111a111111111
26081,harshil,111
26082,harshil,111111111111111111111111111111111111111111@1111111111111111111111111111a1111111111111111111a111111111
26083,harshil,1
26084,harshil,1
26085,harshil,1
26086,harshil,111111111111111111111111111111111111111111@1111111111111111111111111111a1111111111111111111a111111111
26087,harshil,111
26088,harshil,111111111111111111111111111111111111111111@1111111111111111111111111111a1111111111111111111a111111111
26089,harshil,1
26090,harshil,1
26091,harshil,1
26092,harshil,111111111111111111111111111111111111111111@1111111111111111111111111111a1111111111111111111a111111111
26093,harshil,111
26094,harshil,111111111111111111111111111111111111111111@1111111111111111111111111111a1111111111111111111a111111111
26095,harshil,1
26096,harshil,1
26097,harshil,1
26098,harshil,111111111111111111111111111111111111111111@1111111111111111111111111111a1111111111111111111a111111111
26099,harshil,111
26100,harshil,111111111111111111111111111111111111111111@1111111111111111111111111111a1111111111111111111a111111111
26101,harshil,1
26102,harshil,1
26103,harshil,1
26104,harshil,111111111111111111111111111111111111111111@1111111111111111111111111111a1111111111111111111a111111111
26105,harshil,111
26106,harshil,111111111111111111111111111111111111111111@1111111111111111111111111111a1111111111111111111a111111111
26107,harshil,1
26108,harshil,1
26109,harshil,1
26110,harshil,111111111111111111111111111111111111111111@1111111111111111111111111111a1111111111111111111a111111111
26111,harshil,111
26112,harshil,111111111111111111111111111111111111111111@1111111111111111111111111111a1111111111111111111a111111111
26113,harshil,1
26114,harshil,1
26115,harshil,1
26116,harshil,111111111111111111111111111111111111111111@1111111111111111111111111111a1111111111111111111a111111111
26117,harshil,111
26118,harshil,111111111111111111111111111111111111111111@1111111111111111111111111111a1111111111111111111a111111111
26119,harshil,1
26120,harshil,1
26121,harshil,1
26122,harshil,111111111111111111111111111111111111111111@1111111111111111111111111111a1111111111111111111a111111111
26123,harshil,111
26124,harshil,111111111111111111111111111111111111111111@1111111111111111111111111111a1111111111111111111a111111111
26125,harshil,1
26126,harshil,1
26127,harshil,1
26128,harshil,111111111111111111111111111111111111111111@1111111111111111111111111111a1111111111111111111a111111111
26129,harshil,111
26130,harshil,111111111111111111111111111111111111111111@1111111111111111111111111111a1111111111111111111a111111111
26131,harshil,1
26132,harshil,1
26133,harshil,1
26134,harshil,111111111111111111111111111111111111111111@1111111111111111111111111111a1111111111111111111a111111111
26135,harshil,111
26136,harshil,111111111111111111111111111111111111111111@1111111111111111111111111111a1111111111111111111a111111111
26137,harshil,1
26138,harshil,1
26139,harshil,1
26140,harshil,111111111111111111111111111111111111111111@1111111111111111111111111111a1111111111111111111a111111111
26141,harshil,111
26142,harshil,111111111111111111111111111111111111111111@1111111111111111111111111111a1111111111111111111a111111111
26143,harshil,1
26144,harshil,1
26145,harshil,1
26146,harshil,111111111111111111111111111111111111111111@1111111111111111111111111111a1111111111111111111a111111111
26147,harshil,111
26148,harshil,111111111111111111111111111111111111111111@1111111111111111111111111111a1111111111111111111a111111111
26149,harshil,1
26150,harshil,1
26151,harshil,1
26152,harshil,111111111111111111111111111111111111111111@1111111111111111111111111111a1111111111111111111a111111111
26153,harshil,111
26154,harshil,111111111111111111111111111111111111111111@1111111111111111111111111111a1111111111111111111a111111111
26155,harshil,1
26156,harshil,1
26157,harshil,1
26158,harshil,111111111111111111111111111111111111111111@1111111111111111111111111111a1111111111111111111a111111111
26159,harshil,111
26160,harshil,111111111111111111111111111111111111111111@1111111111111111111111111111a1111111111111111111a111111111
26161,harshil,1
26162,harshil,1
26163,harshil,1
26164,harshil,111111111111111111111111111111111111111111@1111111111111111111111111111a1111111111111111111a111111111
26165,harshil,111
26166,harshil,111111111111111111111111111111111111111111@1111111111111111111111111111a1111111111111111111a111111111
26167,harshil,1
26168,harshil,1
26169,harshil,1
26170,harshil,111111111111111111111111111111111111111111@1111111111111111111111111111a1111111111111111111a111111111
26171,harshil,111
26172,harshil,111111111111111111111111111111111111111111@1111111111111111111111111111a1111111111111111111a111111111
26173,harshil,1
26174,harshil,1
26175,harshil,1
26176,harshil,111111111111111111111111111111111111111111@1111111111111111111111111111a1111111111111111111a111111111
26177,harshil,111
26178,harshil,111111111111111111111111111111111111111111@1111111111111111111111111111a1111111111111111111a111111111
26179,harshil,1
26180,harshil,1
26181,harshil,1
26182,harshil,111111111111111111111111111111111111111111@1111111111111111111111111111a1111111111111111111a111111111
26183,harshil,111
26184,harshil,111111111111111111111111111111111111111111@1111111111111111111111111111a1111111111111111111a111111111
26185,harshil,1
26186,harshil,1
26187,harshil,1
26188,harshil,111111111111111111111111111111111111111111@1111111111111111111111111111a1111111111111111111a111111111
26189,harshil,111
26190,harshil,111111111111111111111111111111111111111111@1111111111111111111111111111a1111111111111111111a111111111
26191,harshil,1
26192,harshil,1
26193,harshil,1
26194,harshil,111111111111111111111111111111111111111111@1111111111111111111111111111a1111111111111111111a111111111
26195,harshil,111
26196,harshil,111111111111111111111111111111111111111111@1111111111111111111111111111a1111111111111111111a111111111
26197,harshil,1
26198,harshil,1
26199,harshil,1
26200,harshil,111111111111111111111111111111111111111111@1111111111111111111111111111a1111111111111111111a111111111
26201,harshil,111
26202,harshil,111111111111111111111111111111111111111111@1111111111111111111111111111a1111111111111111111a111111111
26203,harshil,1
26204,harshil,1
26205,harshil,1
26206,harshil,111111111111111111111111111111111111111111@1111111111111111111111111111a1111111111111111111a111111111
26207,harshil,111
26208,harshil,111111111111111111111111111111111111111111@1111111111111111111111111111a1111111111111111111a111111111
26209,harshil,1
26210,harshil,1
26211,harshil,1
26212,harshil,111111111111111111111111111111111111111111@1111111111111111111111111111a1111111111111111111a111111111
26213,harshil,111
26214,harshil,111111111111111111111111111111111111111111@1111111111111111111111111111a1111111111111111111a111111111
26215,harshil,1
26216,harshil,1
26217,harshil,1
26218,harshil,111111111111111111111111111111111111111111@1111111111111111111111111111a1111111111111111111a111111111
26219,harshil,111
26220,harshil,111111111111111111111111111111111111111111@1111111111111111111111111111a1111111111111111111a111111111
26221,harshil,1
26222,harshil,1
26223,harshil,1
26224,harshil,111111111111111111111111111111111111111111@1111111111111111111111111111a1111111111111111111a111111111
26225,harshil,111
26226,harshil,111111111111111111111111111111111111111111@1111111111111111111111111111a1111111111111111111a111111111
26227,harshil,1
26228,harshil,1
26229,harshil,1
26230,harshil,111111111111111111111111111111111111111111@1111111111111111111111111111a1111111111111111111a111111111
26231,harshil,111
26232,harshil,111111111111111111111111111111111111111111@1111111111111111111111111111a1111111111111111111a111111111
26233,harshil,1
26234,harshil,1
26235,harshil,1
26236,harshil,111111111111111111111111111111111111111111@1111111111111111111111111111a1111111111111111111a111111111
26237,harshil,111
26238,harshil,111111111111111111111111111111111111111111@1111111111111111111111111111a1111111111111111111a111111111
26239,harshil,1
26240,harshil,1
26241,harshil,1
26242,harshil,111111111111111111111111111111111111111111@1111111111111111111111111111a1111111111111111111a111111111
26243,harshil,111
26244,harshil,111111111111111111111111111111111111111111@1111111111111111111111111111a1111111111111111111a111111111
26245,harshil,1
26246,harshil,1
26247,harshil,1
26248,harshil,111111111111111111111111111111111111111111@1111111111111111111111111111a1111111111111111111a111111111
26249,harshil,111
26250,harshil,111111111111111111111111111111111111111111@1111111111111111111111111111a1111111111111111111a111111111
26251,harshil,1
26252,harshil,1
26253,harshil,1
26254,harshil,111111111111111111111111111111111111111111@1111111111111111111111111111a1111111111111111111a111111111
26255,harshil,111
26256,harshil,111111111111111111111111111111111111111111@1111111111111111111111111111a1111111111111111111a111111111
26257,harshil,1
26258,harshil,1
26259,harshil,1
26260,harshil,111111111111111111111111111111111111111111@1111111111111111111111111111a1111111111111111111a111111111
26261,harshil,111
26262,harshil,111111111111111111111111111111111111111111@1111111111111111111111111111a1111111111111111111a111111111
26263,harshil,1
26264,harshil,1
26265,harshil,1
26266,harshil,111111111111111111111111111111111111111111@1111111111111111111111111111a1111111111111111111a111111111
26267,harshil,111
26268,harshil,111111111111111111111111111111111111111111@1111111111111111111111111111a1111111111111111111a111111111
26269,harshil,1
26270,harshil,1
26271,harshil,1
26272,harshil,111111111111111111111111111111111111111111@1111111111111111111111111111a1111111111111111111a111111111
26273,harshil,111
26274,harshil,111111111111111111111111111111111111111111@1111111111111111111111111111a1111111111111111111a111111111
26275,harshil,1
26276,harshil,1
26277,harshil,1
26278,harshil,111111111111111111111111111111111111111111@1111111111111111111111111111a1111111111111111111a111111111
26279,harshil,111
26280,harshil,111111111111111111111111111111111111111111@1111111111111111111111111111a1111111111111111111a111111111
26281,harshil,1
26282,harshil,1
26283,harshil,1
26284,harshil,111111111111111111111111111111111111111111@1111111111111111111111111111a1111111111111111111a111111111
26285,harshil,111
26286,harshil,111111111111111111111111111111111111111111@1111111111111111111111111111a1111111111111111111a111111111
26287,harshil,1
26288,harshil,1
26289,harshil,1
26290,harshil,111111111111111111111111111111111111111111@1111111111111111111111111111a1111111111111111111a111111111
26291,harshil,111
26292,harshil,111111111111111111111111111111111111111111@1111111111111111111111111111a1111111111111111111a111111111
26293,harshil,1
26294,harshil,1
26295,harshil,1
26296,harshil,111111111111111111111111111111111111111111@1111111111111111111111111111a1111111111111111111a111111111
26297,harshil,111
26298,harshil,111111111111111111111111111111111111111111@1111111111111111111111111111a1111111111111111111a111111111
26299,harshil,1
26300,harshil,1
26301,harshil,1
26302,harshil,111111111111111111111111111111111111111111@1111111111111111111111111111a1111111111111111111a111111111
26303,harshil,111
26304,harshil,111111111111111111111111111111111111111111@1111111111111111111111111111a1111111111111111111a111111111
26305,harshil,1
26306,harshil,1
26307,harshil,1
26308,harshil,111111111111111111111111111111111111111111@1111111111111111111111111111a1111111111111111111a111111111
26309,harshil,111
26310,harshil,111111111111111111111111111111111111111111@1111111111111111111111111111a1111111111111111111a111111111
26311,harshil,1
26312,harshil,1
26313,harshil,1
26314,harshil,111111111111111111111111111111111111111111@1111111111111111111111111111a1111111111111111111a111111111
26315,harshil,111
26316,harshil,111111111111111111111111111111111111111111@1111111111111111111111111111a1111111111111111111a111111111
26317,harshil,1
26318,harshil,1
26319,harshil,1
26320,harshil,111111111111111111111111111111111111111111@1111111111111111111111111111a1111111111111111111a111111111
26321,harshil,111
26322,harshil,111111111111111111111111111111111111111111@1111111111111111111111111111a1111111111111111111a111111111
26323,harshil,1
26324,harshil,1
26325,harshil,1
26326,harshil,111111111111111111111111111111111111111111@1111111111111111111111111111a1111111111111111111a111111111
26327,harshil,111
26328,harshil,111111111111111111111111111111111111111111@1111111111111111111111111111a1111111111111111111a111111111
26329,harshil,1
26330,harshil,1
26331,harshil,1
26332,harshil,111111111111111111111111111111111111111111@1111111111111111111111111111a1111111111111111111a111111111
26333,harshil,111
26334,harshil,111111111111111111111111111111111111111111@1111111111111111111111111111a1111111111111111111a111111111
26335,harshil,1
26336,harshil,1
26337,harshil,1
26338,harshil,111111111111111111111111111111111111111111@1111111111111111111111111111a1111111111111111111a111111111
26339,harshil,111
26340,harshil,111111111111111111111111111111111111111111@1111111111111111111111111111a1111111111111111111a111111111
26341,harshil,1
26342,harshil,1
26343,harshil,1
26344,harshil,111111111111111111111111111111111111111111@1111111111111111111111111111a1111111111111111111a111111111
26345,harshil,111
26346,harshil,111111111111111111111111111111111111111111@1111111111111111111111111111a1111111111111111111a111111111
26347,harshil,1
26348,harshil,1
26349,harshil,1
26350,harshil,111111111111111111111111111111111111111111@1111111111111111111111111111a1111111111111111111a111111111
26351,harshil,111
26352,harshil,111111111111111111111111111111111111111111@1111111111111111111111111111a1111111111111111111a111111111
26353,harshil,1
26354,harshil,1
26355,harshil,1
26356,harshil,111111111111111111111111111111111111111111@1111111111111111111111111111a1111111111111111111a111111111
26357,harshil,111
26358,harshil,111111111111111111111111111111111111111111@1111111111111111111111111111a1111111111111111111a111111111
26359,harshil,1
26360,harshil,1
26361,harshil,1
26362,harshil,111111111111111111111111111111111111111111@1111111111111111111111111111a1111111111111111111a111111111
26363,harshil,111
26364,harshil,111111111111111111111111111111111111111111@1111111111111111111111111111a1111111111111111111a111111111
26365,harshil,1
26366,harshil,1
26367,harshil,1
26368,harshil,111111111111111111111111111111111111111111@1111111111111111111111111111a1111111111111111111a111111111
26369,harshil,111
26370,harshil,111111111111111111111111111111111111111111@1111111111111111111111111111a1111111111111111111a111111111
26371,harshil,1
26372,harshil,1
26373,harshil,1
26374,harshil,111111111111111111111111111111111111111111@1111111111111111111111111111a1111111111111111111a111111111
26375,harshil,111
26376,harshil,111111111111111111111111111111111111111111@1111111111111111111111111111a1111111111111111111a111111111
26377,harshil,1
26378,harshil,1
26379,harshil,1
26380,harshil,111111111111111111111111111111111111111111@1111111111111111111111111111a1111111111111111111a111111111
26381,harshil,111
26382,harshil,111111111111111111111111111111111111111111@1111111111111111111111111111a1111111111111111111a111111111
26383,harshil,1
26384,harshil,1
26385,harshil,1
26386,harshil,111111111111111111111111111111111111111111@1111111111111111111111111111a1111111111111111111a111111111
26387,harshil,111
26388,harshil,111111111111111111111111111111111111111111@1111111111111111111111111111a1111111111111111111a111111111
26389,harshil,1
26390,harshil,1
26391,harshil,1
26392,harshil,111111111111111111111111111111111111111111@1111111111111111111111111111a1111111111111111111a111111111
26393,harshil,111
26394,harshil,111111111111111111111111111111111111111111@1111111111111111111111111111a1111111111111111111a111111111
26395,harshil,1
26396,harshil,1
26397,harshil,1
26398,harshil,111111111111111111111111111111111111111111@1111111111111111111111111111a1111111111111111111a111111111
26399,harshil,111
26400,harshil,111111111111111111111111111111111111111111@1111111111111111111111111111a1111111111111111111a111111111
26401,harshil,1
26402,harshil,1
26403,harshil,1
26404,harshil,111111111111111111111111111111111111111111@1111111111111111111111111111a1111111111111111111a111111111
26405,harshil,111
26406,harshil,111111111111111111111111111111111111111111@1111111111111111111111111111a1111111111111111111a111111111
26407,harshil,1
26408,harshil,1
26409,harshil,1
26410,harshil,111111111111111111111111111111111111111111@1111111111111111111111111111a1111111111111111111a111111111
26411,harshil,111
26412,harshil,111111111111111111111111111111111111111111@1111111111111111111111111111a1111111111111111111a111111111
26413,harshil,1
26414,harshil,1
26415,harshil,1
26416,harshil,111111111111111111111111111111111111111111@1111111111111111111111111111a1111111111111111111a111111111
26417,harshil,111
26418,harshil,111111111111111111111111111111111111111111@1111111111111111111111111111a1111111111111111111a111111111
26419,harshil,1
26420,harshil,1
26421,harshil,1
26422,harshil,111111111111111111111111111111111111111111@1111111111111111111111111111a1111111111111111111a111111111
26423,harshil,111
26424,harshil,111111111111111111111111111111111111111111@1111111111111111111111111111a1111111111111111111a111111111
26425,harshil,1
26426,harshil,1
26427,harshil,1
26428,harshil,111111111111111111111111111111111111111111@1111111111111111111111111111a1111111111111111111a111111111
26429,harshil,111
26430,harshil,111111111111111111111111111111111111111111@1111111111111111111111111111a1111111111111111111a111111111
26431,harshil,1
26432,harshil,1
26433,harshil,1
26434,harshil,111111111111111111111111111111111111111111@1111111111111111111111111111a1111111111111111111a111111111
26435,harshil,111
26436,harshil,111111111111111111111111111111111111111111@1111111111111111111111111111a1111111111111111111a111111111
26437,harshil,1
26438,harshil,1
26439,harshil,1
26440,harshil,111111111111111111111111111111111111111111@1111111111111111111111111111a1111111111111111111a111111111
26441,harshil,111
26442,harshil,111111111111111111111111111111111111111111@1111111111111111111111111111a1111111111111111111a111111111
26443,harshil,1
26444,harshil,1
26445,harshil,1
26446,harshil,111111111111111111111111111111111111111111@1111111111111111111111111111a1111111111111111111a111111111
26447,harshil,111
26448,harshil,111111111111111111111111111111111111111111@1111111111111111111111111111a1111111111111111111a111111111
26449,harshil,1
26450,harshil,1
26451,harshil,1
26452,harshil,111111111111111111111111111111111111111111@1111111111111111111111111111a1111111111111111111a111111111
26453,harshil,111
26454,harshil,111111111111111111111111111111111111111111@1111111111111111111111111111a1111111111111111111a111111111
26455,harshil,1
26456,harshil,1
26457,harshil,1
26458,harshil,111111111111111111111111111111111111111111@1111111111111111111111111111a1111111111111111111a111111111
26459,harshil,111
26460,harshil,111111111111111111111111111111111111111111@1111111111111111111111111111a1111111111111111111a111111111
26461,harshil,1
26462,harshil,1
26463,harshil,1
26464,harshil,111111111111111111111111111111111111111111@1111111111111111111111111111a1111111111111111111a111111111
26465,harshil,111
26466,harshil,111111111111111111111111111111111111111111@1111111111111111111111111111a1111111111111111111a111111111
26467,harshil,1
26468,harshil,1
26469,harshil,1
26470,harshil,111111111111111111111111111111111111111111@1111111111111111111111111111a1111111111111111111a111111111
26471,harshil,111
26472,harshil,111111111111111111111111111111111111111111@1111111111111111111111111111a1111111111111111111a111111111
26473,harshil,1
26474,harshil,1
26475,harshil,1
26476,harshil,111111111111111111111111111111111111111111@1111111111111111111111111111a1111111111111111111a111111111
26477,harshil,111
26478,harshil,111111111111111111111111111111111111111111@1111111111111111111111111111a1111111111111111111a111111111
26479,harshil,1
26480,harshil,1
26481,harshil,1
26482,harshil,111111111111111111111111111111111111111111@1111111111111111111111111111a1111111111111111111a111111111
26483,harshil,111
26484,harshil,111111111111111111111111111111111111111111@1111111111111111111111111111a1111111111111111111a111111111
26485,harshil,1
26486,harshil,1
26487,harshil,1
26488,harshil,111111111111111111111111111111111111111111@1111111111111111111111111111a1111111111111111111a111111111
26489,harshil,111
26490,harshil,111111111111111111111111111111111111111111@1111111111111111111111111111a1111111111111111111a111111111
26491,harshil,1
26492,harshil,1
26493,harshil,1
26494,harshil,111111111111111111111111111111111111111111@1111111111111111111111111111a1111111111111111111a111111111
26495,harshil,111
26496,harshil,111111111111111111111111111111111111111111@1111111111111111111111111111a1111111111111111111a111111111
26497,harshil,1
26498,harshil,1
26499,harshil,1
26500,harshil,111111111111111111111111111111111111111111@1111111111111111111111111111a1111111111111111111a111111111
26501,harshil,111
26502,harshil,111111111111111111111111111111111111111111@1111111111111111111111111111a1111111111111111111a111111111
26503,harshil,1
26504,harshil,1
26505,harshil,1
26506,harshil,111111111111111111111111111111111111111111@1111111111111111111111111111a1111111111111111111a111111111
26507,harshil,111
26508,harshil,111111111111111111111111111111111111111111@1111111111111111111111111111a1111111111111111111a111111111
26509,harshil,1
26510,harshil,1
26511,harshil,1
26512,harshil,111111111111111111111111111111111111111111@1111111111111111111111111111a1111111111111111111a111111111
26513,harshil,111
26514,harshil,111111111111111111111111111111111111111111@1111111111111111111111111111a1111111111111111111a111111111
26515,harshil,1
26516,harshil,1
26517,harshil,1
26518,harshil,111111111111111111111111111111111111111111@1111111111111111111111111111a1111111111111111111a111111111
26519,harshil,111
26520,harshil,111111111111111111111111111111111111111111@1111111111111111111111111111a1111111111111111111a111111111
26521,harshil,1
26522,harshil,1
26523,harshil,1
26524,harshil,111111111111111111111111111111111111111111@1111111111111111111111111111a1111111111111111111a111111111
26525,harshil,111
26526,harshil,111111111111111111111111111111111111111111@1111111111111111111111111111a1111111111111111111a111111111
26527,harshil,1
26528,harshil,1
26529,harshil,1
26530,harshil,111111111111111111111111111111111111111111@1111111111111111111111111111a1111111111111111111a111111111
26531,harshil,111
26532,harshil,111111111111111111111111111111111111111111@1111111111111111111111111111a1111111111111111111a111111111
26533,harshil,1
26534,harshil,1
26535,harshil,1
26536,harshil,111111111111111111111111111111111111111111@1111111111111111111111111111a1111111111111111111a111111111
26537,harshil,111
26538,harshil,111111111111111111111111111111111111111111@1111111111111111111111111111a1111111111111111111a111111111
26539,harshil,1
26540,harshil,1
26541,harshil,1
26542,harshil,111111111111111111111111111111111111111111@1111111111111111111111111111a1111111111111111111a111111111
26543,harshil,111
26544,harshil,111111111111111111111111111111111111111111@1111111111111111111111111111a1111111111111111111a111111111
26545,harshil,1
26546,harshil,1
26547,harshil,1
26548,harshil,111111111111111111111111111111111111111111@1111111111111111111111111111a1111111111111111111a111111111
26549,harshil,111
26550,harshil,111111111111111111111111111111111111111111@1111111111111111111111111111a1111111111111111111a111111111
26551,harshil,1
26552,harshil,1
26553,harshil,1
26554,harshil,111111111111111111111111111111111111111111@1111111111111111111111111111a1111111111111111111a111111111
26555,harshil,111
26556,harshil,111111111111111111111111111111111111111111@1111111111111111111111111111a1111111111111111111a111111111
26557,harshil,1
26558,harshil,1
26559,harshil,1
26560,harshil,111111111111111111111111111111111111111111@1111111111111111111111111111a1111111111111111111a111111111
26561,harshil,111
26562,harshil,111111111111111111111111111111111111111111@1111111111111111111111111111a1111111111111111111a111111111
26563,harshil,1
26564,harshil,1
26565,harshil,1
26566,harshil,111111111111111111111111111111111111111111@1111111111111111111111111111a1111111111111111111a111111111
26567,harshil,111
26568,harshil,111111111111111111111111111111111111111111@1111111111111111111111111111a1111111111111111111a111111111
26569,harshil,1
26570,harshil,1
26571,harshil,1
26572,harshil,111111111111111111111111111111111111111111@1111111111111111111111111111a1111111111111111111a111111111
26573,harshil,111
26574,harshil,111111111111111111111111111111111111111111@1111111111111111111111111111a1111111111111111111a111111111
26575,harshil,1
26576,harshil,1
26577,harshil,1
26578,harshil,111111111111111111111111111111111111111111@1111111111111111111111111111a1111111111111111111a111111111
26579,harshil,111
26580,harshil,111111111111111111111111111111111111111111@1111111111111111111111111111a1111111111111111111a111111111
26581,harshil,1
26582,harshil,1
26583,harshil,1
26584,harshil,111111111111111111111111111111111111111111@1111111111111111111111111111a1111111111111111111a111111111
26585,harshil,111
26586,harshil,111111111111111111111111111111111111111111@1111111111111111111111111111a1111111111111111111a111111111
26587,harshil,1
26588,harshil,1
26589,harshil,1
26590,harshil,111111111111111111111111111111111111111111@1111111111111111111111111111a1111111111111111111a111111111
26591,harshil,111
26592,harshil,111111111111111111111111111111111111111111@1111111111111111111111111111a1111111111111111111a111111111
26593,harshil,1
26594,harshil,1
26595,harshil,1
26596,harshil,111111111111111111111111111111111111111111@1111111111111111111111111111a1111111111111111111a111111111
26597,harshil,111
26598,harshil,111111111111111111111111111111111111111111@1111111111111111111111111111a1111111111111111111a111111111
26599,harshil,1
26600,harshil,1
26601,harshil,1
26602,harshil,111111111111111111111111111111111111111111@1111111111111111111111111111a1111111111111111111a111111111
26603,harshil,111
26604,harshil,111111111111111111111111111111111111111111@1111111111111111111111111111a1111111111111111111a111111111
26605,harshil,1
26606,harshil,1
26607,harshil,1
26608,harshil,111111111111111111111111111111111111111111@1111111111111111111111111111a1111111111111111111a111111111
26609,harshil,111
26610,harshil,111111111111111111111111111111111111111111@1111111111111111111111111111a1111111111111111111a111111111
26611,harshil,1
26612,harshil,1
26613,harshil,1
26614,harshil,111111111111111111111111111111111111111111@1111111111111111111111111111a1111111111111111111a111111111
26615,harshil,111
26616,harshil,111111111111111111111111111111111111111111@1111111111111111111111111111a1111111111111111111a111111111
26617,harshil,1
26618,harshil,1
26619,harshil,1
26620,harshil,111111111111111111111111111111111111111111@1111111111111111111111111111a1111111111111111111a111111111
26621,harshil,111
26622,harshil,111111111111111111111111111111111111111111@1111111111111111111111111111a1111111111111111111a111111111
26623,harshil,1
26624,harshil,1
26625,harshil,1
26626,harshil,111111111111111111111111111111111111111111@1111111111111111111111111111a1111111111111111111a111111111
26627,harshil,111
26628,harshil,111111111111111111111111111111111111111111@1111111111111111111111111111a1111111111111111111a111111111
26629,harshil,1
26630,harshil,1
26631,harshil,1
26632,harshil,111111111111111111111111111111111111111111@1111111111111111111111111111a1111111111111111111a111111111
26633,harshil,111
26634,harshil,111111111111111111111111111111111111111111@1111111111111111111111111111a1111111111111111111a111111111
26635,harshil,1
26636,harshil,1
26637,harshil,1
26638,harshil,111111111111111111111111111111111111111111@1111111111111111111111111111a1111111111111111111a111111111
26639,harshil,111
26640,harshil,111111111111111111111111111111111111111111@1111111111111111111111111111a1111111111111111111a111111111
26641,harshil,1
26642,harshil,1
26643,harshil,1
26644,harshil,111111111111111111111111111111111111111111@1111111111111111111111111111a1111111111111111111a111111111
26645,harshil,111
26646,harshil,111111111111111111111111111111111111111111@1111111111111111111111111111a1111111111111111111a111111111
26647,harshil,1
26648,harshil,1
26649,harshil,1
26650,harshil,111111111111111111111111111111111111111111@1111111111111111111111111111a1111111111111111111a111111111
26651,harshil,111
26652,harshil,111111111111111111111111111111111111111111@1111111111111111111111111111a1111111111111111111a111111111
26653,harshil,1
26654,harshil,1
26655,harshil,1
26656,harshil,111111111111111111111111111111111111111111@1111111111111111111111111111a1111111111111111111a111111111
26657,harshil,111
26658,harshil,111111111111111111111111111111111111111111@1111111111111111111111111111a1111111111111111111a111111111
26659,harshil,1
26660,harshil,1
26661,harshil,1
26662,harshil,111111111111111111111111111111111111111111@1111111111111111111111111111a1111111111111111111a111111111
26663,harshil,111
26664,harshil,111111111111111111111111111111111111111111@1111111111111111111111111111a1111111111111111111a111111111
26665,harshil,1
26666,harshil,1
26667,harshil,1
26668,harshil,111111111111111111111111111111111111111111@1111111111111111111111111111a1111111111111111111a111111111
26669,harshil,111
26670,harshil,111111111111111111111111111111111111111111@1111111111111111111111111111a1111111111111111111a111111111
26671,harshil,1
26672,harshil,1
26673,harshil,1
26674,harshil,111111111111111111111111111111111111111111@1111111111111111111111111111a1111111111111111111a111111111
26675,harshil,111
26676,harshil,111111111111111111111111111111111111111111@1111111111111111111111111111a1111111111111111111a111111111
26677,harshil,1
26678,harshil,1
26679,harshil,1
26680,harshil,111111111111111111111111111111111111111111@1111111111111111111111111111a1111111111111111111a111111111
26681,harshil,111
26682,harshil,111111111111111111111111111111111111111111@1111111111111111111111111111a1111111111111111111a111111111
26683,harshil,1
26684,harshil,1
26685,harshil,1
26686,harshil,111111111111111111111111111111111111111111@1111111111111111111111111111a1111111111111111111a111111111
26687,harshil,111
26688,harshil,111111111111111111111111111111111111111111@1111111111111111111111111111a1111111111111111111a111111111
26689,harshil,1
26690,harshil,1
26691,harshil,1
26692,harshil,111111111111111111111111111111111111111111@1111111111111111111111111111a1111111111111111111a111111111
26693,harshil,111
26694,harshil,111111111111111111111111111111111111111111@1111111111111111111111111111a1111111111111111111a111111111
26695,harshil,1
26696,harshil,1
26697,harshil,1
26698,harshil,111111111111111111111111111111111111111111@1111111111111111111111111111a1111111111111111111a111111111
26699,harshil,111
26700,harshil,111111111111111111111111111111111111111111@1111111111111111111111111111a1111111111111111111a111111111
26701,harshil,1
26702,harshil,1
26703,harshil,1
26704,harshil,111111111111111111111111111111111111111111@1111111111111111111111111111a1111111111111111111a111111111
26705,harshil,111
26706,harshil,111111111111111111111111111111111111111111@1111111111111111111111111111a1111111111111111111a111111111
26707,harshil,1
26708,harshil,1
26709,harshil,1
26710,harshil,111111111111111111111111111111111111111111@1111111111111111111111111111a1111111111111111111a111111111
26711,harshil,111
26712,harshil,111111111111111111111111111111111111111111@1111111111111111111111111111a1111111111111111111a111111111
26713,harshil,1
26714,harshil,1
26715,harshil,1
26716,harshil,111111111111111111111111111111111111111111@1111111111111111111111111111a1111111111111111111a111111111
26717,harshil,111
26718,harshil,111111111111111111111111111111111111111111@1111111111111111111111111111a1111111111111111111a111111111
26719,harshil,1
26720,harshil,1
26721,harshil,1
26722,harshil,111111111111111111111111111111111111111111@1111111111111111111111111111a1111111111111111111a111111111
26723,harshil,111
26724,harshil,111111111111111111111111111111111111111111@1111111111111111111111111111a1111111111111111111a111111111
26725,harshil,1
26726,harshil,1
26727,harshil,1
26728,harshil,111111111111111111111111111111111111111111@1111111111111111111111111111a1111111111111111111a111111111
26729,harshil,111
26730,harshil,111111111111111111111111111111111111111111@1111111111111111111111111111a1111111111111111111a111111111
26731,harshil,1
26732,harshil,1
26733,harshil,1
26734,harshil,111111111111111111111111111111111111111111@1111111111111111111111111111a1111111111111111111a111111111
26735,harshil,111
26736,harshil,111111111111111111111111111111111111111111@1111111111111111111111111111a1111111111111111111a111111111
26737,harshil,1
26738,harshil,1
26739,harshil,1
26740,harshil,111111111111111111111111111111111111111111@1111111111111111111111111111a1111111111111111111a111111111
26741,harshil,111
26742,harshil,111111111111111111111111111111111111111111@1111111111111111111111111111a1111111111111111111a111111111
26743,harshil,1
26744,harshil,1
26745,harshil,1
26746,harshil,111111111111111111111111111111111111111111@1111111111111111111111111111a1111111111111111111a111111111
26747,harshil,111
26748,harshil,111111111111111111111111111111111111111111@1111111111111111111111111111a1111111111111111111a111111111
26749,harshil,1
26750,harshil,1
26751,harshil,1
26752,harshil,111111111111111111111111111111111111111111@1111111111111111111111111111a1111111111111111111a111111111
26753,harshil,111
26754,harshil,111111111111111111111111111111111111111111@1111111111111111111111111111a1111111111111111111a111111111
26755,harshil,1
26756,harshil,1
26757,harshil,1
26758,harshil,111111111111111111111111111111111111111111@1111111111111111111111111111a1111111111111111111a111111111
26759,harshil,111
26760,harshil,111111111111111111111111111111111111111111@1111111111111111111111111111a1111111111111111111a111111111
26761,harshil,1
26762,harshil,1
26763,harshil,1
26764,harshil,111111111111111111111111111111111111111111@1111111111111111111111111111a1111111111111111111a111111111
26765,harshil,111
26766,harshil,111111111111111111111111111111111111111111@1111111111111111111111111111a1111111111111111111a111111111
26767,harshil,1
26768,harshil,1
26769,harshil,1
26770,harshil,111111111111111111111111111111111111111111@1111111111111111111111111111a1111111111111111111a111111111
26771,harshil,111
26772,harshil,111111111111111111111111111111111111111111@1111111111111111111111111111a1111111111111111111a111111111
26773,harshil,1
26774,harshil,1
26775,harshil,1
26776,harshil,111111111111111111111111111111111111111111@1111111111111111111111111111a1111111111111111111a111111111
26777,harshil,111
26778,harshil,111111111111111111111111111111111111111111@1111111111111111111111111111a1111111111111111111a111111111
26779,harshil,1
26780,harshil,1
26781,harshil,1
26782,harshil,111111111111111111111111111111111111111111@1111111111111111111111111111a1111111111111111111a111111111
26783,harshil,111
26784,harshil,111111111111111111111111111111111111111111@1111111111111111111111111111a1111111111111111111a111111111
26785,harshil,1
26786,harshil,1
26787,harshil,1
26788,harshil,111111111111111111111111111111111111111111@1111111111111111111111111111a1111111111111111111a111111111
26789,harshil,111
26790,harshil,111111111111111111111111111111111111111111@1111111111111111111111111111a1111111111111111111a111111111
26791,harshil,1
26792,harshil,1
26793,harshil,1
26794,harshil,111111111111111111111111111111111111111111@1111111111111111111111111111a1111111111111111111a111111111
26795,harshil,111
26796,harshil,111111111111111111111111111111111111111111@1111111111111111111111111111a1111111111111111111a111111111
26797,harshil,1
26798,harshil,1
26799,harshil,1
26800,harshil,111111111111111111111111111111111111111111@1111111111111111111111111111a1111111111111111111a111111111
26801,harshil,111
26802,harshil,111111111111111111111111111111111111111111@1111111111111111111111111111a1111111111111111111a111111111
26803,harshil,1
26804,harshil,1
26805,harshil,1
26806,harshil,111111111111111111111111111111111111111111@1111111111111111111111111111a1111111111111111111a111111111
26807,harshil,111
26808,harshil,111111111111111111111111111111111111111111@1111111111111111111111111111a1111111111111111111a111111111
26809,harshil,1
26810,harshil,1
26811,harshil,1
26812,harshil,111111111111111111111111111111111111111111@1111111111111111111111111111a1111111111111111111a111111111
26813,harshil,111
26814,harshil,111111111111111111111111111111111111111111@1111111111111111111111111111a1111111111111111111a111111111
26815,harshil,1
26816,harshil,1
26817,harshil,1
26818,harshil,111111111111111111111111111111111111111111@1111111111111111111111111111a1111111111111111111a111111111
26819,harshil,111
26820,harshil,111111111111111111111111111111111111111111@1111111111111111111111111111a1111111111111111111a111111111
26821,harshil,1
26822,harshil,1
26823,harshil,1
26824,harshil,111111111111111111111111111111111111111111@1111111111111111111111111111a1111111111111111111a111111111
26825,harshil,111
26826,harshil,111111111111111111111111111111111111111111@1111111111111111111111111111a1111111111111111111a111111111
26827,harshil,1
26828,harshil,1
26829,harshil,1
26830,harshil,111111111111111111111111111111111111111111@1111111111111111111111111111a1111111111111111111a111111111
26831,harshil,111
26832,harshil,111111111111111111111111111111111111111111@1111111111111111111111111111a1111111111111111111a111111111
26833,harshil,1
26834,harshil,1
26835,harshil,1
26836,harshil,111111111111111111111111111111111111111111@1111111111111111111111111111a1111111111111111111a111111111
26837,harshil,111
26838,harshil,111111111111111111111111111111111111111111@1111111111111111111111111111a1111111111111111111a111111111
26839,harshil,1
26840,harshil,1
26841,harshil,1
26842,harshil,111111111111111111111111111111111111111111@1111111111111111111111111111a1111111111111111111a111111111
26843,harshil,111
26844,harshil,111111111111111111111111111111111111111111@1111111111111111111111111111a1111111111111111111a111111111
26845,harshil,1
26846,harshil,1
26847,harshil,1
26848,harshil,111111111111111111111111111111111111111111@1111111111111111111111111111a1111111111111111111a111111111
26849,harshil,111
26850,harshil,111111111111111111111111111111111111111111@1111111111111111111111111111a1111111111111111111a111111111
26851,harshil,1
26852,harshil,1
26853,harshil,1
26854,harshil,111111111111111111111111111111111111111111@1111111111111111111111111111a1111111111111111111a111111111
26855,harshil,111
26856,harshil,111111111111111111111111111111111111111111@1111111111111111111111111111a1111111111111111111a111111111
26857,harshil,1
26858,harshil,1
26859,harshil,1
26860,harshil,111111111111111111111111111111111111111111@1111111111111111111111111111a1111111111111111111a111111111
26861,harshil,111
26862,harshil,111111111111111111111111111111111111111111@1111111111111111111111111111a1111111111111111111a111111111
26863,harshil,1
26864,harshil,1
26865,harshil,1
26866,harshil,111111111111111111111111111111111111111111@1111111111111111111111111111a1111111111111111111a111111111
26867,harshil,111
26868,harshil,111111111111111111111111111111111111111111@1111111111111111111111111111a1111111111111111111a111111111
26869,harshil,1
26870,harshil,1
26871,harshil,1
26872,harshil,111111111111111111111111111111111111111111@1111111111111111111111111111a1111111111111111111a111111111
26873,harshil,111
26874,harshil,111111111111111111111111111111111111111111@1111111111111111111111111111a1111111111111111111a111111111
26875,harshil,1
26876,harshil,1
26877,harshil,1
26878,harshil,111111111111111111111111111111111111111111@1111111111111111111111111111a1111111111111111111a111111111
26879,harshil,111
26880,harshil,111111111111111111111111111111111111111111@1111111111111111111111111111a1111111111111111111a111111111
26881,harshil,1
26882,harshil,1
26883,harshil,1
26884,harshil,111111111111111111111111111111111111111111@1111111111111111111111111111a1111111111111111111a111111111
26885,harshil,111
26886,harshil,111111111111111111111111111111111111111111@1111111111111111111111111111a1111111111111111111a111111111
26887,harshil,1
26888,harshil,1
26889,harshil,1
26890,harshil,111111111111111111111111111111111111111111@1111111111111111111111111111a1111111111111111111a111111111
26891,harshil,111
26892,harshil,111111111111111111111111111111111111111111@1111111111111111111111111111a1111111111111111111a111111111
26893,harshil,1
26894,harshil,1
26895,harshil,1
26896,harshil,111111111111111111111111111111111111111111@1111111111111111111111111111a1111111111111111111a111111111
26897,harshil,111
26898,harshil,111111111111111111111111111111111111111111@1111111111111111111111111111a1111111111111111111a111111111
26899,harshil,1
26900,harshil,1
26901,harshil,1
26902,harshil,111111111111111111111111111111111111111111@1111111111111111111111111111a1111111111111111111a111111111
26903,harshil,111
26904,harshil,111111111111111111111111111111111111111111@1111111111111111111111111111a1111111111111111111a111111111
26905,harshil,1
26906,harshil,1
26907,harshil,1
26908,harshil,111111111111111111111111111111111111111111@1111111111111111111111111111a1111111111111111111a111111111
26909,harshil,111
26910,harshil,111111111111111111111111111111111111111111@1111111111111111111111111111a1111111111111111111a111111111
26911,harshil,1
26912,harshil,1
26913,harshil,1
26914,harshil,111111111111111111111111111111111111111111@1111111111111111111111111111a1111111111111111111a111111111
26915,harshil,111
26916,harshil,111111111111111111111111111111111111111111@1111111111111111111111111111a1111111111111111111a111111111
26917,harshil,1
26918,harshil,1
26919,harshil,1
26920,harshil,111111111111111111111111111111111111111111@1111111111111111111111111111a1111111111111111111a111111111
26921,harshil,111
26922,harshil,111111111111111111111111111111111111111111@1111111111111111111111111111a1111111111111111111a111111111
26923,harshil,1
26924,harshil,1
26925,harshil,1
26926,harshil,111111111111111111111111111111111111111111@1111111111111111111111111111a1111111111111111111a111111111
26927,harshil,111
26928,harshil,111111111111111111111111111111111111111111@1111111111111111111111111111a1111111111111111111a111111111
26929,harshil,1
26930,harshil,1
26931,harshil,1
26932,harshil,111111111111111111111111111111111111111111@1111111111111111111111111111a1111111111111111111a111111111
26933,harshil,111
26934,harshil,111111111111111111111111111111111111111111@1111111111111111111111111111a1111111111111111111a111111111
26935,harshil,1
26936,harshil,1
26937,harshil,1
26938,harshil,111111111111111111111111111111111111111111@1111111111111111111111111111a1111111111111111111a111111111
26939,harshil,111
26940,harshil,111111111111111111111111111111111111111111@1111111111111111111111111111a1111111111111111111a111111111
26941,harshil,1
26942,harshil,1
26943,harshil,1
26944,harshil,111111111111111111111111111111111111111111@1111111111111111111111111111a1111111111111111111a111111111
26945,harshil,111
26946,harshil,111111111111111111111111111111111111111111@1111111111111111111111111111a1111111111111111111a111111111
26947,harshil,1
26948,harshil,1
26949,harshil,1
26950,harshil,111111111111111111111111111111111111111111@1111111111111111111111111111a1111111111111111111a111111111
26951,harshil,111
26952,harshil,111111111111111111111111111111111111111111@1111111111111111111111111111a1111111111111111111a111111111
26953,harshil,1
26954,harshil,1
26955,harshil,1
26956,harshil,111111111111111111111111111111111111111111@1111111111111111111111111111a1111111111111111111a111111111
26957,harshil,111
26958,harshil,111111111111111111111111111111111111111111@1111111111111111111111111111a1111111111111111111a111111111
26959,harshil,1
26960,harshil,1
26961,harshil,1
26962,harshil,111111111111111111111111111111111111111111@1111111111111111111111111111a1111111111111111111a111111111
26963,harshil,111
26964,harshil,111111111111111111111111111111111111111111@1111111111111111111111111111a1111111111111111111a111111111
26965,harshil,1
26966,harshil,1
26967,harshil,1
26968,harshil,111111111111111111111111111111111111111111@1111111111111111111111111111a1111111111111111111a111111111
26969,harshil,111
26970,harshil,111111111111111111111111111111111111111111@1111111111111111111111111111a1111111111111111111a111111111
26971,harshil,1
26972,harshil,1
26973,harshil,1
26974,harshil,111111111111111111111111111111111111111111@1111111111111111111111111111a1111111111111111111a111111111
26975,harshil,111
26976,harshil,111111111111111111111111111111111111111111@1111111111111111111111111111a1111111111111111111a111111111
26977,harshil,1
26978,harshil,1
26979,harshil,1
26980,harshil,111111111111111111111111111111111111111111@1111111111111111111111111111a1111111111111111111a111111111
26981,harshil,111
26982,harshil,111111111111111111111111111111111111111111@1111111111111111111111111111a1111111111111111111a111111111
26983,harshil,1
26984,harshil,1
26985,harshil,1
26986,harshil,111111111111111111111111111111111111111111@1111111111111111111111111111a1111111111111111111a111111111
26987,harshil,111
26988,harshil,111111111111111111111111111111111111111111@1111111111111111111111111111a1111111111111111111a111111111
26989,harshil,1
26990,harshil,1
26991,harshil,1
26992,harshil,111111111111111111111111111111111111111111@1111111111111111111111111111a1111111111111111111a111111111
26993,harshil,111
26994,harshil,111111111111111111111111111111111111111111@1111111111111111111111111111a1111111111111111111a111111111
26995,harshil,1
26996,harshil,1
26997,harshil,1
26998,harshil,111111111111111111111111111111111111111111@1111111111111111111111111111a1111111111111111111a111111111
26999,harshil,111
27000,harshil,111111111111111111111111111111111111111111@1111111111111111111111111111a1111111111111111111a111111111
27001,harshil,1
27002,harshil,1
27003,harshil,1
27004,harshil,111111111111111111111111111111111111111111@1111111111111111111111111111a1111111111111111111a111111111
27005,harshil,111
27006,harshil,111111111111111111111111111111111111111111@1111111111111111111111111111a1111111111111111111a111111111
27007,harshil,1
27008,harshil,1
27009,harshil,1
27010,harshil,111111111111111111111111111111111111111111@1111111111111111111111111111a1111111111111111111a111111111
27011,harshil,111
27012,harshil,111111111111111111111111111111111111111111@1111111111111111111111111111a1111111111111111111a111111111
27013,harshil,1
27014,harshil,1
27015,harshil,1
27016,harshil,111111111111111111111111111111111111111111@1111111111111111111111111111a1111111111111111111a111111111
27017,harshil,111
27018,harshil,111111111111111111111111111111111111111111@1111111111111111111111111111a1111111111111111111a111111111
27019,harshil,1
27020,harshil,1
27021,harshil,1
27022,harshil,111111111111111111111111111111111111111111@1111111111111111111111111111a1111111111111111111a111111111
27023,harshil,111
27024,harshil,111111111111111111111111111111111111111111@1111111111111111111111111111a1111111111111111111a111111111
27025,harshil,1
27026,harshil,1
27027,harshil,1
27028,harshil,111111111111111111111111111111111111111111@1111111111111111111111111111a1111111111111111111a111111111
27029,harshil,111
27030,harshil,111111111111111111111111111111111111111111@1111111111111111111111111111a1111111111111111111a111111111
27031,harshil,1
27032,harshil,1
27033,harshil,1
27034,harshil,111111111111111111111111111111111111111111@1111111111111111111111111111a1111111111111111111a111111111
27035,harshil,111
27036,harshil,111111111111111111111111111111111111111111@1111111111111111111111111111a1111111111111111111a111111111
27037,harshil,1
27038,harshil,1
27039,harshil,1
27040,harshil,111111111111111111111111111111111111111111@1111111111111111111111111111a1111111111111111111a111111111
27041,harshil,111
27042,harshil,111111111111111111111111111111111111111111@1111111111111111111111111111a1111111111111111111a111111111
27043,harshil,1
27044,harshil,1
27045,harshil,1
27046,harshil,111111111111111111111111111111111111111111@1111111111111111111111111111a1111111111111111111a111111111
27047,harshil,111
27048,harshil,111111111111111111111111111111111111111111@1111111111111111111111111111a1111111111111111111a111111111
27049,harshil,1
27050,harshil,1
27051,harshil,1
27052,harshil,111111111111111111111111111111111111111111@1111111111111111111111111111a1111111111111111111a111111111
27053,harshil,111
27054,harshil,111111111111111111111111111111111111111111@1111111111111111111111111111a1111111111111111111a111111111
27055,harshil,1
27056,harshil,1
27057,harshil,1
27058,harshil,111111111111111111111111111111111111111111@1111111111111111111111111111a1111111111111111111a111111111
27059,harshil,111
27060,harshil,111111111111111111111111111111111111111111@1111111111111111111111111111a1111111111111111111a111111111
27061,harshil,1
27062,harshil,1
27063,harshil,1
27064,harshil,111111111111111111111111111111111111111111@1111111111111111111111111111a1111111111111111111a111111111
27065,harshil,111
27066,harshil,111111111111111111111111111111111111111111@1111111111111111111111111111a1111111111111111111a111111111
27067,harshil,1
27068,harshil,1
27069,harshil,1
27070,harshil,111111111111111111111111111111111111111111@1111111111111111111111111111a1111111111111111111a111111111
27071,harshil,111
27072,harshil,111111111111111111111111111111111111111111@1111111111111111111111111111a1111111111111111111a111111111
27073,harshil,1
27074,harshil,1
27075,harshil,1
27076,harshil,111111111111111111111111111111111111111111@1111111111111111111111111111a1111111111111111111a111111111
27077,harshil,111
27078,harshil,111111111111111111111111111111111111111111@1111111111111111111111111111a1111111111111111111a111111111
27079,harshil,1
27080,harshil,1
27081,harshil,1
27082,harshil,111111111111111111111111111111111111111111@1111111111111111111111111111a1111111111111111111a111111111
27083,harshil,111
27084,harshil,111111111111111111111111111111111111111111@1111111111111111111111111111a1111111111111111111a111111111
27085,harshil,1
27086,harshil,1
27087,harshil,1
27088,harshil,111111111111111111111111111111111111111111@1111111111111111111111111111a1111111111111111111a111111111
27089,harshil,111
27090,harshil,111111111111111111111111111111111111111111@1111111111111111111111111111a1111111111111111111a111111111
27091,harshil,1
27092,harshil,1
27093,harshil,1
27094,harshil,111111111111111111111111111111111111111111@1111111111111111111111111111a1111111111111111111a111111111
27095,harshil,111
27096,harshil,111111111111111111111111111111111111111111@1111111111111111111111111111a1111111111111111111a111111111
27097,harshil,1
27098,harshil,1
27099,harshil,1
27100,harshil,111111111111111111111111111111111111111111@1111111111111111111111111111a1111111111111111111a111111111
27101,harshil,111
27102,harshil,111111111111111111111111111111111111111111@1111111111111111111111111111a1111111111111111111a111111111
27103,harshil,1
27104,harshil,1
27105,harshil,1
27106,harshil,111111111111111111111111111111111111111111@1111111111111111111111111111a1111111111111111111a111111111
27107,harshil,111
27108,harshil,111111111111111111111111111111111111111111@1111111111111111111111111111a1111111111111111111a111111111
27109,harshil,1
27110,harshil,1
27111,harshil,1
27112,harshil,111111111111111111111111111111111111111111@1111111111111111111111111111a1111111111111111111a111111111
27113,harshil,111
27114,harshil,111111111111111111111111111111111111111111@1111111111111111111111111111a1111111111111111111a111111111
27115,harshil,1
27116,harshil,1
27117,harshil,1
27118,harshil,111111111111111111111111111111111111111111@1111111111111111111111111111a1111111111111111111a111111111
27119,harshil,111
27120,harshil,111111111111111111111111111111111111111111@1111111111111111111111111111a1111111111111111111a111111111
27121,harshil,1
27122,harshil,1
27123,harshil,1
27124,harshil,111111111111111111111111111111111111111111@1111111111111111111111111111a1111111111111111111a111111111
27125,harshil,111
27126,harshil,111111111111111111111111111111111111111111@1111111111111111111111111111a1111111111111111111a111111111
27127,harshil,1
27128,harshil,1
27129,harshil,1
27130,harshil,111111111111111111111111111111111111111111@1111111111111111111111111111a1111111111111111111a111111111
27131,harshil,111
27132,harshil,111111111111111111111111111111111111111111@1111111111111111111111111111a1111111111111111111a111111111
27133,harshil,1
27134,harshil,1
27135,harshil,1
27136,harshil,111111111111111111111111111111111111111111@1111111111111111111111111111a1111111111111111111a111111111
27137,harshil,111
27138,harshil,111111111111111111111111111111111111111111@1111111111111111111111111111a1111111111111111111a111111111
27139,harshil,1
27140,harshil,1
27141,harshil,1
27142,harshil,111111111111111111111111111111111111111111@1111111111111111111111111111a1111111111111111111a111111111
27143,harshil,111
27144,harshil,111111111111111111111111111111111111111111@1111111111111111111111111111a1111111111111111111a111111111
27145,harshil,1
27146,harshil,1
27147,harshil,1
27148,harshil,111111111111111111111111111111111111111111@1111111111111111111111111111a1111111111111111111a111111111
27149,harshil,111
27150,harshil,111111111111111111111111111111111111111111@1111111111111111111111111111a1111111111111111111a111111111
27151,harshil,1
27152,harshil,1
27153,harshil,1
27154,harshil,111111111111111111111111111111111111111111@1111111111111111111111111111a1111111111111111111a111111111
27155,harshil,111
27156,harshil,111111111111111111111111111111111111111111@1111111111111111111111111111a1111111111111111111a111111111
27157,harshil,1
27158,harshil,1
27159,harshil,1
27160,harshil,111111111111111111111111111111111111111111@1111111111111111111111111111a1111111111111111111a111111111
27161,harshil,111
27162,harshil,111111111111111111111111111111111111111111@1111111111111111111111111111a1111111111111111111a111111111
27163,harshil,1
27164,harshil,1
27165,harshil,1
27166,harshil,111111111111111111111111111111111111111111@1111111111111111111111111111a1111111111111111111a111111111
27167,harshil,111
27168,harshil,111111111111111111111111111111111111111111@1111111111111111111111111111a1111111111111111111a111111111
27169,harshil,1
27170,harshil,1
27171,harshil,1
27172,harshil,111111111111111111111111111111111111111111@1111111111111111111111111111a1111111111111111111a111111111
27173,harshil,111
27174,harshil,111111111111111111111111111111111111111111@1111111111111111111111111111a1111111111111111111a111111111
27175,harshil,1
27176,harshil,1
27177,harshil,1
27178,harshil,111111111111111111111111111111111111111111@1111111111111111111111111111a1111111111111111111a111111111
27179,harshil,111
27180,harshil,111111111111111111111111111111111111111111@1111111111111111111111111111a1111111111111111111a111111111
27181,harshil,1
27182,harshil,1
27183,harshil,1
27184,harshil,111111111111111111111111111111111111111111@1111111111111111111111111111a1111111111111111111a111111111
27185,harshil,111
27186,harshil,111111111111111111111111111111111111111111@1111111111111111111111111111a1111111111111111111a111111111
27187,harshil,1
27188,harshil,1
27189,harshil,1
27190,harshil,111111111111111111111111111111111111111111@1111111111111111111111111111a1111111111111111111a111111111
27191,harshil,111
27192,harshil,111111111111111111111111111111111111111111@1111111111111111111111111111a1111111111111111111a111111111
27193,harshil,1
27194,harshil,1
27195,harshil,1
27196,harshil,111111111111111111111111111111111111111111@1111111111111111111111111111a1111111111111111111a111111111
27197,harshil,111
27198,harshil,111111111111111111111111111111111111111111@1111111111111111111111111111a1111111111111111111a111111111
27199,harshil,1
27200,harshil,1
27201,harshil,1
27202,harshil,111111111111111111111111111111111111111111@1111111111111111111111111111a1111111111111111111a111111111
27203,harshil,111
27204,harshil,111111111111111111111111111111111111111111@1111111111111111111111111111a1111111111111111111a111111111
27205,harshil,1
27206,harshil,1
27207,harshil,1
27208,harshil,111111111111111111111111111111111111111111@1111111111111111111111111111a1111111111111111111a111111111
27209,harshil,111
27210,harshil,111111111111111111111111111111111111111111@1111111111111111111111111111a1111111111111111111a111111111
27211,harshil,1
27212,harshil,1
27213,harshil,1
27214,harshil,111111111111111111111111111111111111111111@1111111111111111111111111111a1111111111111111111a111111111
27215,harshil,111
27216,harshil,111111111111111111111111111111111111111111@1111111111111111111111111111a1111111111111111111a111111111
27217,harshil,1
27218,harshil,1
27219,harshil,1
27220,harshil,111111111111111111111111111111111111111111@1111111111111111111111111111a1111111111111111111a111111111
27221,harshil,111
27222,harshil,111111111111111111111111111111111111111111@1111111111111111111111111111a1111111111111111111a111111111
27223,harshil,1
27224,harshil,1
27225,harshil,1
27226,harshil,111111111111111111111111111111111111111111@1111111111111111111111111111a1111111111111111111a111111111
27227,harshil,111
27228,harshil,111111111111111111111111111111111111111111@1111111111111111111111111111a1111111111111111111a111111111
27229,harshil,1
27230,harshil,1
27231,harshil,1
27232,harshil,111111111111111111111111111111111111111111@1111111111111111111111111111a1111111111111111111a111111111
27233,harshil,111
27234,harshil,111111111111111111111111111111111111111111@1111111111111111111111111111a1111111111111111111a111111111
27235,harshil,1
27236,harshil,1
27237,harshil,1
27238,harshil,111111111111111111111111111111111111111111@1111111111111111111111111111a1111111111111111111a111111111
27239,harshil,111
27240,harshil,111111111111111111111111111111111111111111@1111111111111111111111111111a1111111111111111111a111111111
27241,harshil,1
27242,harshil,1
27243,harshil,1
27244,harshil,111111111111111111111111111111111111111111@1111111111111111111111111111a1111111111111111111a111111111
27245,harshil,111
27246,harshil,111111111111111111111111111111111111111111@1111111111111111111111111111a1111111111111111111a111111111
27247,harshil,1
27248,harshil,1
27249,harshil,1
27250,harshil,111111111111111111111111111111111111111111@1111111111111111111111111111a1111111111111111111a111111111
27251,harshil,111
27252,harshil,111111111111111111111111111111111111111111@1111111111111111111111111111a1111111111111111111a111111111
27253,harshil,1
27254,harshil,1
27255,harshil,1
27256,harshil,111111111111111111111111111111111111111111@1111111111111111111111111111a1111111111111111111a111111111
27257,harshil,111
27258,harshil,111111111111111111111111111111111111111111@1111111111111111111111111111a1111111111111111111a111111111
27259,harshil,1
27260,harshil,1
27261,harshil,1
27262,harshil,111111111111111111111111111111111111111111@1111111111111111111111111111a1111111111111111111a111111111
27263,harshil,111
27264,harshil,111111111111111111111111111111111111111111@1111111111111111111111111111a1111111111111111111a111111111
27265,harshil,1
27266,harshil,1
27267,harshil,1
27268,harshil,111111111111111111111111111111111111111111@1111111111111111111111111111a1111111111111111111a111111111
27269,harshil,111
27270,harshil,111111111111111111111111111111111111111111@1111111111111111111111111111a1111111111111111111a111111111
27271,harshil,1
27272,harshil,1
27273,harshil,1
27274,harshil,111111111111111111111111111111111111111111@1111111111111111111111111111a1111111111111111111a111111111
27275,harshil,111
27276,harshil,111111111111111111111111111111111111111111@1111111111111111111111111111a1111111111111111111a111111111
27277,harshil,1
27278,harshil,1
27279,harshil,1
27280,harshil,111111111111111111111111111111111111111111@1111111111111111111111111111a1111111111111111111a111111111
27281,harshil,111
27282,harshil,111111111111111111111111111111111111111111@1111111111111111111111111111a1111111111111111111a111111111
27283,harshil,1
27284,harshil,1
27285,harshil,1
27286,harshil,111111111111111111111111111111111111111111@1111111111111111111111111111a1111111111111111111a111111111
27287,harshil,111
27288,harshil,111111111111111111111111111111111111111111@1111111111111111111111111111a1111111111111111111a111111111
27289,harshil,1
27290,harshil,1
27291,harshil,1
27292,harshil,111111111111111111111111111111111111111111@1111111111111111111111111111a1111111111111111111a111111111
27293,harshil,111
27294,harshil,111111111111111111111111111111111111111111@1111111111111111111111111111a1111111111111111111a111111111
27295,harshil,1
27296,harshil,1
27297,harshil,1
27298,harshil,111111111111111111111111111111111111111111@1111111111111111111111111111a1111111111111111111a111111111
27299,harshil,111
27300,harshil,111111111111111111111111111111111111111111@1111111111111111111111111111a1111111111111111111a111111111
27301,harshil,1
27302,harshil,1
27303,harshil,1
27304,harshil,111111111111111111111111111111111111111111@1111111111111111111111111111a1111111111111111111a111111111
27305,harshil,111
27306,harshil,111111111111111111111111111111111111111111@1111111111111111111111111111a1111111111111111111a111111111
27307,harshil,1
27308,harshil,1
27309,harshil,1
27310,harshil,111111111111111111111111111111111111111111@1111111111111111111111111111a1111111111111111111a111111111
27311,harshil,111
27312,harshil,111111111111111111111111111111111111111111@1111111111111111111111111111a1111111111111111111a111111111
27313,harshil,1
27314,harshil,1
27315,harshil,1
27316,harshil,111111111111111111111111111111111111111111@1111111111111111111111111111a1111111111111111111a111111111
27317,harshil,111
27318,harshil,111111111111111111111111111111111111111111@1111111111111111111111111111a1111111111111111111a111111111
27319,harshil,1
27320,harshil,1
27321,harshil,1
27322,harshil,111111111111111111111111111111111111111111@1111111111111111111111111111a1111111111111111111a111111111
27323,harshil,111
27324,harshil,111111111111111111111111111111111111111111@1111111111111111111111111111a1111111111111111111a111111111
27325,harshil,1
27326,harshil,1
27327,harshil,1
27328,harshil,111111111111111111111111111111111111111111@1111111111111111111111111111a1111111111111111111a111111111
27329,harshil,111
27330,harshil,111111111111111111111111111111111111111111@1111111111111111111111111111a1111111111111111111a111111111
27331,harshil,1
27332,harshil,1
27333,harshil,1
27334,harshil,111111111111111111111111111111111111111111@1111111111111111111111111111a1111111111111111111a111111111
27335,harshil,111
27336,harshil,111111111111111111111111111111111111111111@1111111111111111111111111111a1111111111111111111a111111111
27337,harshil,1
27338,harshil,1
27339,harshil,1
27340,harshil,111111111111111111111111111111111111111111@1111111111111111111111111111a1111111111111111111a111111111
27341,harshil,111
27342,harshil,111111111111111111111111111111111111111111@1111111111111111111111111111a1111111111111111111a111111111
27343,harshil,1
27344,harshil,1
27345,harshil,1
27346,harshil,111111111111111111111111111111111111111111@1111111111111111111111111111a1111111111111111111a111111111
27347,harshil,111
27348,harshil,111111111111111111111111111111111111111111@1111111111111111111111111111a1111111111111111111a111111111
27349,harshil,1
27350,harshil,1
27351,harshil,1
27352,harshil,111111111111111111111111111111111111111111@1111111111111111111111111111a1111111111111111111a111111111
27353,harshil,111
27354,harshil,111111111111111111111111111111111111111111@1111111111111111111111111111a1111111111111111111a111111111
27355,harshil,1
27356,harshil,1
27357,harshil,1
27358,harshil,111111111111111111111111111111111111111111@1111111111111111111111111111a1111111111111111111a111111111
27359,harshil,111
27360,harshil,111111111111111111111111111111111111111111@1111111111111111111111111111a1111111111111111111a111111111
27361,harshil,1
27362,harshil,1
27363,harshil,1
27364,harshil,111111111111111111111111111111111111111111@1111111111111111111111111111a1111111111111111111a111111111
27365,harshil,111
27366,harshil,111111111111111111111111111111111111111111@1111111111111111111111111111a1111111111111111111a111111111
27367,harshil,1
27368,harshil,1
27369,harshil,1
27370,harshil,111111111111111111111111111111111111111111@1111111111111111111111111111a1111111111111111111a111111111
27371,harshil,111
27372,harshil,111111111111111111111111111111111111111111@1111111111111111111111111111a1111111111111111111a111111111
27373,harshil,1
27374,harshil,1
27375,harshil,1
27376,harshil,111111111111111111111111111111111111111111@1111111111111111111111111111a1111111111111111111a111111111
27377,harshil,111
27378,harshil,111111111111111111111111111111111111111111@1111111111111111111111111111a1111111111111111111a111111111
27379,harshil,1
27380,harshil,1
27381,harshil,1
27382,harshil,111111111111111111111111111111111111111111@1111111111111111111111111111a1111111111111111111a111111111
27383,harshil,111
27384,harshil,111111111111111111111111111111111111111111@1111111111111111111111111111a1111111111111111111a111111111
27385,harshil,1
27386,harshil,1
27387,harshil,1
27388,harshil,111111111111111111111111111111111111111111@1111111111111111111111111111a1111111111111111111a111111111
27389,harshil,111
27390,harshil,111111111111111111111111111111111111111111@1111111111111111111111111111a1111111111111111111a111111111
27391,harshil,1
27392,harshil,1
27393,harshil,1
27394,harshil,111111111111111111111111111111111111111111@1111111111111111111111111111a1111111111111111111a111111111
27395,harshil,111
27396,harshil,111111111111111111111111111111111111111111@1111111111111111111111111111a1111111111111111111a111111111
27397,harshil,1
27398,harshil,1
27399,harshil,1
27400,harshil,111111111111111111111111111111111111111111@1111111111111111111111111111a1111111111111111111a111111111
27401,harshil,111
27402,harshil,111111111111111111111111111111111111111111@1111111111111111111111111111a1111111111111111111a111111111
27403,harshil,1
27404,harshil,1
27405,harshil,1
27406,harshil,111111111111111111111111111111111111111111@1111111111111111111111111111a1111111111111111111a111111111
27407,harshil,111
27408,harshil,111111111111111111111111111111111111111111@1111111111111111111111111111a1111111111111111111a111111111
27409,harshil,1
27410,harshil,1
27411,harshil,1
27412,harshil,111111111111111111111111111111111111111111@1111111111111111111111111111a1111111111111111111a111111111
27413,harshil,111
27414,harshil,111111111111111111111111111111111111111111@1111111111111111111111111111a1111111111111111111a111111111
27415,harshil,1
27416,harshil,1
27417,harshil,1
27418,harshil,111111111111111111111111111111111111111111@1111111111111111111111111111a1111111111111111111a111111111
27419,harshil,111
27420,harshil,111111111111111111111111111111111111111111@1111111111111111111111111111a1111111111111111111a111111111
27421,harshil,1
27422,harshil,1
27423,harshil,1
27424,harshil,111111111111111111111111111111111111111111@1111111111111111111111111111a1111111111111111111a111111111
27425,harshil,111
27426,harshil,111111111111111111111111111111111111111111@1111111111111111111111111111a1111111111111111111a111111111
27427,harshil,1
27428,harshil,1
27429,harshil,1
27430,harshil,111111111111111111111111111111111111111111@1111111111111111111111111111a1111111111111111111a111111111
27431,harshil,111
27432,harshil,111111111111111111111111111111111111111111@1111111111111111111111111111a1111111111111111111a111111111
27433,harshil,1
27434,harshil,1
27435,harshil,1
27436,harshil,111111111111111111111111111111111111111111@1111111111111111111111111111a1111111111111111111a111111111
27437,harshil,111
27438,harshil,111111111111111111111111111111111111111111@1111111111111111111111111111a1111111111111111111a111111111
27439,harshil,1
27440,harshil,1
27441,harshil,1
27442,harshil,111111111111111111111111111111111111111111@1111111111111111111111111111a1111111111111111111a111111111
27443,harshil,111
27444,harshil,111111111111111111111111111111111111111111@1111111111111111111111111111a1111111111111111111a111111111
27445,harshil,1
27446,harshil,1
27447,harshil,1
27448,harshil,111111111111111111111111111111111111111111@1111111111111111111111111111a1111111111111111111a111111111
27449,harshil,111
27450,harshil,111111111111111111111111111111111111111111@1111111111111111111111111111a1111111111111111111a111111111
27451,harshil,1
27452,harshil,1
27453,harshil,1
27454,harshil,111111111111111111111111111111111111111111@1111111111111111111111111111a1111111111111111111a111111111
27455,harshil,111
27456,harshil,111111111111111111111111111111111111111111@1111111111111111111111111111a1111111111111111111a111111111
27457,harshil,1
27458,harshil,1
27459,harshil,1
27460,harshil,111111111111111111111111111111111111111111@1111111111111111111111111111a1111111111111111111a111111111
27461,harshil,111
27462,harshil,111111111111111111111111111111111111111111@1111111111111111111111111111a1111111111111111111a111111111
27463,harshil,1
27464,harshil,1
27465,harshil,1
27466,harshil,111111111111111111111111111111111111111111@1111111111111111111111111111a1111111111111111111a111111111
27467,harshil,111
27468,harshil,111111111111111111111111111111111111111111@1111111111111111111111111111a1111111111111111111a111111111
27469,harshil,1
27470,harshil,1
27471,harshil,1
27472,harshil,111111111111111111111111111111111111111111@1111111111111111111111111111a1111111111111111111a111111111
27473,harshil,111
27474,harshil,111111111111111111111111111111111111111111@1111111111111111111111111111a1111111111111111111a111111111
27475,harshil,1
27476,harshil,1
27477,harshil,1
27478,harshil,111111111111111111111111111111111111111111@1111111111111111111111111111a1111111111111111111a111111111
27479,harshil,111
27480,harshil,111111111111111111111111111111111111111111@1111111111111111111111111111a1111111111111111111a111111111
27481,harshil,1
27482,harshil,1
27483,harshil,1
27484,harshil,111111111111111111111111111111111111111111@1111111111111111111111111111a1111111111111111111a111111111
27485,harshil,111
27486,harshil,111111111111111111111111111111111111111111@1111111111111111111111111111a1111111111111111111a111111111
27487,harshil,1
27488,harshil,1
27489,harshil,1
27490,harshil,111111111111111111111111111111111111111111@1111111111111111111111111111a1111111111111111111a111111111
27491,harshil,111
27492,harshil,111111111111111111111111111111111111111111@1111111111111111111111111111a1111111111111111111a111111111
27493,harshil,1
27494,harshil,1
27495,harshil,1
27496,harshil,111111111111111111111111111111111111111111@1111111111111111111111111111a1111111111111111111a111111111
27497,harshil,111
27498,harshil,111111111111111111111111111111111111111111@1111111111111111111111111111a1111111111111111111a111111111
27499,harshil,1
27500,harshil,1
27501,harshil,1
27502,harshil,111111111111111111111111111111111111111111@1111111111111111111111111111a1111111111111111111a111111111
27503,harshil,111
27504,harshil,111111111111111111111111111111111111111111@1111111111111111111111111111a1111111111111111111a111111111
27505,harshil,1
27506,harshil,1
27507,harshil,1
27508,harshil,111111111111111111111111111111111111111111@1111111111111111111111111111a1111111111111111111a111111111
27509,harshil,111
27510,harshil,111111111111111111111111111111111111111111@1111111111111111111111111111a1111111111111111111a111111111
27511,harshil,1
27512,harshil,1
27513,harshil,1
27514,harshil,111111111111111111111111111111111111111111@1111111111111111111111111111a1111111111111111111a111111111
27515,harshil,111
27516,harshil,111111111111111111111111111111111111111111@1111111111111111111111111111a1111111111111111111a111111111
27517,harshil,1
27518,harshil,1
27519,harshil,1
27520,harshil,111111111111111111111111111111111111111111@1111111111111111111111111111a1111111111111111111a111111111
27521,harshil,111
27522,harshil,111111111111111111111111111111111111111111@1111111111111111111111111111a1111111111111111111a111111111
27523,harshil,1
27524,harshil,1
27525,harshil,1
27526,harshil,111111111111111111111111111111111111111111@1111111111111111111111111111a1111111111111111111a111111111
27527,harshil,111
27528,harshil,111111111111111111111111111111111111111111@1111111111111111111111111111a1111111111111111111a111111111
27529,harshil,1
27530,harshil,1
27531,harshil,1
27532,harshil,111111111111111111111111111111111111111111@1111111111111111111111111111a1111111111111111111a111111111
27533,harshil,111
27534,harshil,111111111111111111111111111111111111111111@1111111111111111111111111111a1111111111111111111a111111111
27535,harshil,1
27536,harshil,1
27537,harshil,1
27538,harshil,111111111111111111111111111111111111111111@1111111111111111111111111111a1111111111111111111a111111111
27539,harshil,111
27540,harshil,111111111111111111111111111111111111111111@1111111111111111111111111111a1111111111111111111a111111111
27541,harshil,1
27542,harshil,1
27543,harshil,1
27544,harshil,111111111111111111111111111111111111111111@1111111111111111111111111111a1111111111111111111a111111111
27545,harshil,111
27546,harshil,111111111111111111111111111111111111111111@1111111111111111111111111111a1111111111111111111a111111111
27547,harshil,1
27548,harshil,1
27549,harshil,1
27550,harshil,111111111111111111111111111111111111111111@1111111111111111111111111111a1111111111111111111a111111111
27551,harshil,111
27552,harshil,111111111111111111111111111111111111111111@1111111111111111111111111111a1111111111111111111a111111111
27553,harshil,1
27554,harshil,1
27555,harshil,1
27556,harshil,111111111111111111111111111111111111111111@1111111111111111111111111111a1111111111111111111a111111111
27557,harshil,111
27558,harshil,111111111111111111111111111111111111111111@1111111111111111111111111111a1111111111111111111a111111111
27559,harshil,1
27560,harshil,1
27561,harshil,1
27562,harshil,111111111111111111111111111111111111111111@1111111111111111111111111111a1111111111111111111a111111111
27563,harshil,111
27564,harshil,111111111111111111111111111111111111111111@1111111111111111111111111111a1111111111111111111a111111111
27565,harshil,1
27566,harshil,1
27567,harshil,1
27568,harshil,111111111111111111111111111111111111111111@1111111111111111111111111111a1111111111111111111a111111111
27569,harshil,111
27570,harshil,111111111111111111111111111111111111111111@1111111111111111111111111111a1111111111111111111a111111111
27571,harshil,1
27572,harshil,1
27573,harshil,1
27574,harshil,111111111111111111111111111111111111111111@1111111111111111111111111111a1111111111111111111a111111111
27575,harshil,111
27576,harshil,111111111111111111111111111111111111111111@1111111111111111111111111111a1111111111111111111a111111111
27577,harshil,1
27578,harshil,1
27579,harshil,1
27580,harshil,111111111111111111111111111111111111111111@1111111111111111111111111111a1111111111111111111a111111111
27581,harshil,111
27582,harshil,111111111111111111111111111111111111111111@1111111111111111111111111111a1111111111111111111a111111111
27583,harshil,1
27584,harshil,1
27585,harshil,1
27586,harshil,111111111111111111111111111111111111111111@1111111111111111111111111111a1111111111111111111a111111111
27587,harshil,111
27588,harshil,111111111111111111111111111111111111111111@1111111111111111111111111111a1111111111111111111a111111111
27589,harshil,1
27590,harshil,1
27591,harshil,1
27592,harshil,111111111111111111111111111111111111111111@1111111111111111111111111111a1111111111111111111a111111111
27593,harshil,111
27594,harshil,111111111111111111111111111111111111111111@1111111111111111111111111111a1111111111111111111a111111111
27595,harshil,1
27596,harshil,1
27597,harshil,1
27598,harshil,111111111111111111111111111111111111111111@1111111111111111111111111111a1111111111111111111a111111111
27599,harshil,111
27600,harshil,111111111111111111111111111111111111111111@1111111111111111111111111111a1111111111111111111a111111111
27601,harshil,1
27602,harshil,1
27603,harshil,1
27604,harshil,111111111111111111111111111111111111111111@1111111111111111111111111111a1111111111111111111a111111111
27605,harshil,111
27606,harshil,111111111111111111111111111111111111111111@1111111111111111111111111111a1111111111111111111a111111111
27607,harshil,1
27608,harshil,1
27609,harshil,1
27610,harshil,111111111111111111111111111111111111111111@1111111111111111111111111111a1111111111111111111a111111111
27611,harshil,111
27612,harshil,111111111111111111111111111111111111111111@1111111111111111111111111111a1111111111111111111a111111111
27613,harshil,1
27614,harshil,1
27615,harshil,1
27616,harshil,111111111111111111111111111111111111111111@1111111111111111111111111111a1111111111111111111a111111111
27617,harshil,111
27618,harshil,111111111111111111111111111111111111111111@1111111111111111111111111111a1111111111111111111a111111111
27619,harshil,1
27620,harshil,1
27621,harshil,1
27622,harshil,111111111111111111111111111111111111111111@1111111111111111111111111111a1111111111111111111a111111111
27623,harshil,111
27624,harshil,111111111111111111111111111111111111111111@1111111111111111111111111111a1111111111111111111a111111111
27625,harshil,1
27626,harshil,1
27627,harshil,1
27628,harshil,111111111111111111111111111111111111111111@1111111111111111111111111111a1111111111111111111a111111111
27629,harshil,111
27630,harshil,111111111111111111111111111111111111111111@1111111111111111111111111111a1111111111111111111a111111111
27631,harshil,1
27632,harshil,1
27633,harshil,1
27634,harshil,111111111111111111111111111111111111111111@1111111111111111111111111111a1111111111111111111a111111111
27635,harshil,111
27636,harshil,111111111111111111111111111111111111111111@1111111111111111111111111111a1111111111111111111a111111111
27637,harshil,1
27638,harshil,1
27639,harshil,1
27640,harshil,111111111111111111111111111111111111111111@1111111111111111111111111111a1111111111111111111a111111111
27641,harshil,111
27642,harshil,111111111111111111111111111111111111111111@1111111111111111111111111111a1111111111111111111a111111111
27643,harshil,1
27644,harshil,1
27645,harshil,1
27646,harshil,111111111111111111111111111111111111111111@1111111111111111111111111111a1111111111111111111a111111111
27647,harshil,111
27648,harshil,111111111111111111111111111111111111111111@1111111111111111111111111111a1111111111111111111a111111111
27649,harshil,1
27650,harshil,1
27651,harshil,1
27652,harshil,111111111111111111111111111111111111111111@1111111111111111111111111111a1111111111111111111a111111111
27653,harshil,111
27654,harshil,111111111111111111111111111111111111111111@1111111111111111111111111111a1111111111111111111a111111111
27655,harshil,1
27656,harshil,1
27657,harshil,1
27658,harshil,111111111111111111111111111111111111111111@1111111111111111111111111111a1111111111111111111a111111111
27659,harshil,111
27660,harshil,111111111111111111111111111111111111111111@1111111111111111111111111111a1111111111111111111a111111111
27661,harshil,1
27662,harshil,1
27663,harshil,1
27664,harshil,111111111111111111111111111111111111111111@1111111111111111111111111111a1111111111111111111a111111111
27665,harshil,111
27666,harshil,111111111111111111111111111111111111111111@1111111111111111111111111111a1111111111111111111a111111111
27667,harshil,1
27668,harshil,1
27669,harshil,1
27670,harshil,111111111111111111111111111111111111111111@1111111111111111111111111111a1111111111111111111a111111111
27671,harshil,111
27672,harshil,111111111111111111111111111111111111111111@1111111111111111111111111111a1111111111111111111a111111111
27673,harshil,1
27674,harshil,1
27675,harshil,1
27676,harshil,111111111111111111111111111111111111111111@1111111111111111111111111111a1111111111111111111a111111111
27677,harshil,111
27678,harshil,111111111111111111111111111111111111111111@1111111111111111111111111111a1111111111111111111a111111111
27679,harshil,1
27680,harshil,1
27681,harshil,1
27682,harshil,111111111111111111111111111111111111111111@1111111111111111111111111111a1111111111111111111a111111111
27683,harshil,111
27684,harshil,111111111111111111111111111111111111111111@1111111111111111111111111111a1111111111111111111a111111111
27685,harshil,1
27686,harshil,1
27687,harshil,1
27688,harshil,111111111111111111111111111111111111111111@1111111111111111111111111111a1111111111111111111a111111111
27689,harshil,111
27690,harshil,111111111111111111111111111111111111111111@1111111111111111111111111111a1111111111111111111a111111111
27691,harshil,1
27692,harshil,1
27693,harshil,1
27694,harshil,111111111111111111111111111111111111111111@1111111111111111111111111111a1111111111111111111a111111111
27695,harshil,111
27696,harshil,111111111111111111111111111111111111111111@1111111111111111111111111111a1111111111111111111a111111111
27697,harshil,1
27698,harshil,1
27699,harshil,1
27700,harshil,111111111111111111111111111111111111111111@1111111111111111111111111111a1111111111111111111a111111111
27701,harshil,111
27702,harshil,111111111111111111111111111111111111111111@1111111111111111111111111111a1111111111111111111a111111111
27703,harshil,1
27704,harshil,1
27705,harshil,1
27706,harshil,111111111111111111111111111111111111111111@1111111111111111111111111111a1111111111111111111a111111111
27707,harshil,111
27708,harshil,111111111111111111111111111111111111111111@1111111111111111111111111111a1111111111111111111a111111111
27709,harshil,1
27710,harshil,1
27711,harshil,1
27712,harshil,111111111111111111111111111111111111111111@1111111111111111111111111111a1111111111111111111a111111111
27713,harshil,111
27714,harshil,111111111111111111111111111111111111111111@1111111111111111111111111111a1111111111111111111a111111111
27715,harshil,1
27716,harshil,1
27717,harshil,1
27718,harshil,111111111111111111111111111111111111111111@1111111111111111111111111111a1111111111111111111a111111111
27719,harshil,111
27720,harshil,111111111111111111111111111111111111111111@1111111111111111111111111111a1111111111111111111a111111111
27721,harshil,1
27722,harshil,1
27723,harshil,1
27724,harshil,111111111111111111111111111111111111111111@1111111111111111111111111111a1111111111111111111a111111111
27725,harshil,111
27726,harshil,111111111111111111111111111111111111111111@1111111111111111111111111111a1111111111111111111a111111111
27727,harshil,1
27728,harshil,1
27729,harshil,1
27730,harshil,111111111111111111111111111111111111111111@1111111111111111111111111111a1111111111111111111a111111111
27731,harshil,111
27732,harshil,111111111111111111111111111111111111111111@1111111111111111111111111111a1111111111111111111a111111111
27733,harshil,1
27734,harshil,1
27735,harshil,1
27736,harshil,111111111111111111111111111111111111111111@1111111111111111111111111111a1111111111111111111a111111111
27737,harshil,111
27738,harshil,111111111111111111111111111111111111111111@1111111111111111111111111111a1111111111111111111a111111111
27739,harshil,1
27740,harshil,1
27741,harshil,1
27742,harshil,111111111111111111111111111111111111111111@1111111111111111111111111111a1111111111111111111a111111111
27743,harshil,111
27744,harshil,111111111111111111111111111111111111111111@1111111111111111111111111111a1111111111111111111a111111111
27745,harshil,1
27746,harshil,1
27747,harshil,1
27748,harshil,111111111111111111111111111111111111111111@1111111111111111111111111111a1111111111111111111a111111111
27749,harshil,111
27750,harshil,111111111111111111111111111111111111111111@1111111111111111111111111111a1111111111111111111a111111111
27751,harshil,1
27752,harshil,1
27753,harshil,1
27754,harshil,111111111111111111111111111111111111111111@1111111111111111111111111111a1111111111111111111a111111111
27755,harshil,111
27756,harshil,111111111111111111111111111111111111111111@1111111111111111111111111111a1111111111111111111a111111111
27757,harshil,1
27758,harshil,1
27759,harshil,1
27760,harshil,111111111111111111111111111111111111111111@1111111111111111111111111111a1111111111111111111a111111111
27761,harshil,111
27762,harshil,111111111111111111111111111111111111111111@1111111111111111111111111111a1111111111111111111a111111111
27763,harshil,1
27764,harshil,1
27765,harshil,1
27766,harshil,111111111111111111111111111111111111111111@1111111111111111111111111111a1111111111111111111a111111111
27767,harshil,111
27768,harshil,111111111111111111111111111111111111111111@1111111111111111111111111111a1111111111111111111a111111111
27769,harshil,1
27770,harshil,1
27771,harshil,1
27772,harshil,111111111111111111111111111111111111111111@1111111111111111111111111111a1111111111111111111a111111111
27773,harshil,111
27774,harshil,111111111111111111111111111111111111111111@1111111111111111111111111111a1111111111111111111a111111111
27775,harshil,1
27776,harshil,1
27777,harshil,1
27778,harshil,111111111111111111111111111111111111111111@1111111111111111111111111111a1111111111111111111a111111111
27779,harshil,111
27780,harshil,111111111111111111111111111111111111111111@1111111111111111111111111111a1111111111111111111a111111111
27781,harshil,1
27782,harshil,1
27783,harshil,1
27784,harshil,111111111111111111111111111111111111111111@1111111111111111111111111111a1111111111111111111a111111111
27785,harshil,111
27786,harshil,111111111111111111111111111111111111111111@1111111111111111111111111111a1111111111111111111a111111111
27787,harshil,1
27788,harshil,1
27789,harshil,1
27790,harshil,111111111111111111111111111111111111111111@1111111111111111111111111111a1111111111111111111a111111111
27791,harshil,111
27792,harshil,111111111111111111111111111111111111111111@1111111111111111111111111111a1111111111111111111a111111111
27793,harshil,1
27794,harshil,1
27795,harshil,1
27796,harshil,111111111111111111111111111111111111111111@1111111111111111111111111111a1111111111111111111a111111111
27797,harshil,111
27798,harshil,111111111111111111111111111111111111111111@1111111111111111111111111111a1111111111111111111a111111111
27799,harshil,1
27800,harshil,1
27801,harshil,1
27802,harshil,111111111111111111111111111111111111111111@1111111111111111111111111111a1111111111111111111a111111111
27803,harshil,111
27804,harshil,111111111111111111111111111111111111111111@1111111111111111111111111111a1111111111111111111a111111111
27805,harshil,1
27806,harshil,1
27807,harshil,1
27808,harshil,111111111111111111111111111111111111111111@1111111111111111111111111111a1111111111111111111a111111111
27809,harshil,111
27810,harshil,111111111111111111111111111111111111111111@1111111111111111111111111111a1111111111111111111a111111111
27811,harshil,1
27812,harshil,1
27813,harshil,1
27814,harshil,111111111111111111111111111111111111111111@1111111111111111111111111111a1111111111111111111a111111111
27815,harshil,111
27816,harshil,111111111111111111111111111111111111111111@1111111111111111111111111111a1111111111111111111a111111111
27817,harshil,1
27818,harshil,1
27819,harshil,1
27820,harshil,111111111111111111111111111111111111111111@1111111111111111111111111111a1111111111111111111a111111111
27821,harshil,111
27822,harshil,111111111111111111111111111111111111111111@1111111111111111111111111111a1111111111111111111a111111111
27823,harshil,1
27824,harshil,1
27825,harshil,1
27826,harshil,111111111111111111111111111111111111111111@1111111111111111111111111111a1111111111111111111a111111111
27827,harshil,111
27828,harshil,111111111111111111111111111111111111111111@1111111111111111111111111111a1111111111111111111a111111111
27829,harshil,1
27830,harshil,1
27831,harshil,1
27832,harshil,111111111111111111111111111111111111111111@1111111111111111111111111111a1111111111111111111a111111111
27833,harshil,111
27834,harshil,111111111111111111111111111111111111111111@1111111111111111111111111111a1111111111111111111a111111111
27835,harshil,1
27836,harshil,1
27837,harshil,1
27838,harshil,111111111111111111111111111111111111111111@1111111111111111111111111111a1111111111111111111a111111111
27839,harshil,111
27840,harshil,111111111111111111111111111111111111111111@1111111111111111111111111111a1111111111111111111a111111111
27841,harshil,1
27842,harshil,1
27843,harshil,1
27844,harshil,111111111111111111111111111111111111111111@1111111111111111111111111111a1111111111111111111a111111111
27845,harshil,111
27846,harshil,111111111111111111111111111111111111111111@1111111111111111111111111111a1111111111111111111a111111111
27847,harshil,1
27848,harshil,1
27849,harshil,1
27850,harshil,111111111111111111111111111111111111111111@1111111111111111111111111111a1111111111111111111a111111111
27851,harshil,111
27852,harshil,111111111111111111111111111111111111111111@1111111111111111111111111111a1111111111111111111a111111111
27853,harshil,1
27854,harshil,1
27855,harshil,1
27856,harshil,111111111111111111111111111111111111111111@1111111111111111111111111111a1111111111111111111a111111111
27857,harshil,111
27858,harshil,111111111111111111111111111111111111111111@1111111111111111111111111111a1111111111111111111a111111111
27859,harshil,1
27860,harshil,1
27861,harshil,1
27862,harshil,111111111111111111111111111111111111111111@1111111111111111111111111111a1111111111111111111a111111111
27863,harshil,111
27864,harshil,111111111111111111111111111111111111111111@1111111111111111111111111111a1111111111111111111a111111111
27865,harshil,1
27866,harshil,1
27867,harshil,1
27868,harshil,111111111111111111111111111111111111111111@1111111111111111111111111111a1111111111111111111a111111111
27869,harshil,111
27870,harshil,111111111111111111111111111111111111111111@1111111111111111111111111111a1111111111111111111a111111111
27871,harshil,1
27872,harshil,1
27873,harshil,1
27874,harshil,111111111111111111111111111111111111111111@1111111111111111111111111111a1111111111111111111a111111111
27875,harshil,111
27876,harshil,111111111111111111111111111111111111111111@1111111111111111111111111111a1111111111111111111a111111111
27877,harshil,1
27878,harshil,1
27879,harshil,1
27880,harshil,111111111111111111111111111111111111111111@1111111111111111111111111111a1111111111111111111a111111111
27881,harshil,111
27882,harshil,111111111111111111111111111111111111111111@1111111111111111111111111111a1111111111111111111a111111111
27883,harshil,1
27884,harshil,1
27885,harshil,1
27886,harshil,111111111111111111111111111111111111111111@1111111111111111111111111111a1111111111111111111a111111111
27887,harshil,111
27888,harshil,111111111111111111111111111111111111111111@1111111111111111111111111111a1111111111111111111a111111111
27889,harshil,1
27890,harshil,1
27891,harshil,1
27892,harshil,111111111111111111111111111111111111111111@1111111111111111111111111111a1111111111111111111a111111111
27893,harshil,111
27894,harshil,111111111111111111111111111111111111111111@1111111111111111111111111111a1111111111111111111a111111111
27895,harshil,1
27896,harshil,1
27897,harshil,1
27898,harshil,111111111111111111111111111111111111111111@1111111111111111111111111111a1111111111111111111a111111111
27899,harshil,111
27900,harshil,111111111111111111111111111111111111111111@1111111111111111111111111111a1111111111111111111a111111111
27901,harshil,1
27902,harshil,1
27903,harshil,1
27904,harshil,111111111111111111111111111111111111111111@1111111111111111111111111111a1111111111111111111a111111111
27905,harshil,111
27906,harshil,111111111111111111111111111111111111111111@1111111111111111111111111111a1111111111111111111a111111111
27907,harshil,1
27908,harshil,1
27909,harshil,1
27910,harshil,111111111111111111111111111111111111111111@1111111111111111111111111111a1111111111111111111a111111111
27911,harshil,111
27912,harshil,111111111111111111111111111111111111111111@1111111111111111111111111111a1111111111111111111a111111111
27913,harshil,1
27914,harshil,1
27915,harshil,1
27916,harshil,111111111111111111111111111111111111111111@1111111111111111111111111111a1111111111111111111a111111111
27917,harshil,111
27918,harshil,111111111111111111111111111111111111111111@1111111111111111111111111111a1111111111111111111a111111111
27919,harshil,1
27920,harshil,1
27921,harshil,1
27922,harshil,111111111111111111111111111111111111111111@1111111111111111111111111111a1111111111111111111a111111111
27923,harshil,111
27924,harshil,111111111111111111111111111111111111111111@1111111111111111111111111111a1111111111111111111a111111111
27925,harshil,1
27926,harshil,1
27927,harshil,1
27928,harshil,111111111111111111111111111111111111111111@1111111111111111111111111111a1111111111111111111a111111111
27929,harshil,111
27930,harshil,111111111111111111111111111111111111111111@1111111111111111111111111111a1111111111111111111a111111111
27931,harshil,1
27932,harshil,1
27933,harshil,1
27934,harshil,111111111111111111111111111111111111111111@1111111111111111111111111111a1111111111111111111a111111111
27935,harshil,111
27936,harshil,111111111111111111111111111111111111111111@1111111111111111111111111111a1111111111111111111a111111111
27937,harshil,1
27938,harshil,1
27939,harshil,1
27940,harshil,111111111111111111111111111111111111111111@1111111111111111111111111111a1111111111111111111a111111111
27941,harshil,111
27942,harshil,111111111111111111111111111111111111111111@1111111111111111111111111111a1111111111111111111a111111111
27943,harshil,1
27944,harshil,1
27945,harshil,1
27946,harshil,111111111111111111111111111111111111111111@1111111111111111111111111111a1111111111111111111a111111111
27947,harshil,111
27948,harshil,111111111111111111111111111111111111111111@1111111111111111111111111111a1111111111111111111a111111111
27949,harshil,1
27950,harshil,1
27951,harshil,1
27952,harshil,111111111111111111111111111111111111111111@1111111111111111111111111111a1111111111111111111a111111111
27953,harshil,111
27954,harshil,111111111111111111111111111111111111111111@1111111111111111111111111111a1111111111111111111a111111111
27955,harshil,1
27956,harshil,1
27957,harshil,1
27958,harshil,111111111111111111111111111111111111111111@1111111111111111111111111111a1111111111111111111a111111111
27959,harshil,111
27960,harshil,111111111111111111111111111111111111111111@1111111111111111111111111111a1111111111111111111a111111111
27961,harshil,1
27962,harshil,1
27963,harshil,1
27964,harshil,111111111111111111111111111111111111111111@1111111111111111111111111111a1111111111111111111a111111111
27965,harshil,111
27966,harshil,111111111111111111111111111111111111111111@1111111111111111111111111111a1111111111111111111a111111111
27967,harshil,1
27968,harshil,1
27969,harshil,1
27970,harshil,111111111111111111111111111111111111111111@1111111111111111111111111111a1111111111111111111a111111111
27971,harshil,111
27972,harshil,111111111111111111111111111111111111111111@1111111111111111111111111111a1111111111111111111a111111111
27973,harshil,1
27974,harshil,1
27975,harshil,1
27976,harshil,111111111111111111111111111111111111111111@1111111111111111111111111111a1111111111111111111a111111111
27977,harshil,111
27978,harshil,111111111111111111111111111111111111111111@1111111111111111111111111111a1111111111111111111a111111111
27979,harshil,1
27980,harshil,1
27981,harshil,1
27982,harshil,111111111111111111111111111111111111111111@1111111111111111111111111111a1111111111111111111a111111111
27983,harshil,111
27984,harshil,111111111111111111111111111111111111111111@1111111111111111111111111111a1111111111111111111a111111111
27985,harshil,1
27986,harshil,1
27987,harshil,1
27988,harshil,111111111111111111111111111111111111111111@1111111111111111111111111111a1111111111111111111a111111111
27989,harshil,111
27990,harshil,111111111111111111111111111111111111111111@1111111111111111111111111111a1111111111111111111a111111111
27991,harshil,1
27992,harshil,1
27993,harshil,1
27994,harshil,111111111111111111111111111111111111111111@1111111111111111111111111111a1111111111111111111a111111111
27995,harshil,111
27996,harshil,111111111111111111111111111111111111111111@1111111111111111111111111111a1111111111111111111a111111111
27997,harshil,1
27998,harshil,1
27999,harshil,1
28000,harshil,111111111111111111111111111111111111111111@1111111111111111111111111111a1111111111111111111a111111111
28001,harshil,111
28002,harshil,111111111111111111111111111111111111111111@1111111111111111111111111111a1111111111111111111a111111111
28003,harshil,1
28004,harshil,1
28005,harshil,1
28006,harshil,111111111111111111111111111111111111111111@1111111111111111111111111111a1111111111111111111a111111111
28007,harshil,111
28008,harshil,111111111111111111111111111111111111111111@1111111111111111111111111111a1111111111111111111a111111111
28009,harshil,1
28010,harshil,1
28011,harshil,1
28012,harshil,111111111111111111111111111111111111111111@1111111111111111111111111111a1111111111111111111a111111111
28013,harshil,111
28014,harshil,111111111111111111111111111111111111111111@1111111111111111111111111111a1111111111111111111a111111111
28015,harshil,1
28016,harshil,1
28017,harshil,1
28018,harshil,111111111111111111111111111111111111111111@1111111111111111111111111111a1111111111111111111a111111111
28019,harshil,111
28020,harshil,111111111111111111111111111111111111111111@1111111111111111111111111111a1111111111111111111a111111111
28021,harshil,1
28022,harshil,1
28023,harshil,1
28024,harshil,111111111111111111111111111111111111111111@1111111111111111111111111111a1111111111111111111a111111111
28025,harshil,111
28026,harshil,111111111111111111111111111111111111111111@1111111111111111111111111111a1111111111111111111a111111111
28027,harshil,1
28028,harshil,1
28029,harshil,1
28030,harshil,111111111111111111111111111111111111111111@1111111111111111111111111111a1111111111111111111a111111111
28031,harshil,111
28032,harshil,111111111111111111111111111111111111111111@1111111111111111111111111111a1111111111111111111a111111111
28033,harshil,1
28034,harshil,1
28035,harshil,1
28036,harshil,111111111111111111111111111111111111111111@1111111111111111111111111111a1111111111111111111a111111111
28037,harshil,111
28038,harshil,111111111111111111111111111111111111111111@1111111111111111111111111111a1111111111111111111a111111111
28039,harshil,1
28040,harshil,1
28041,harshil,1
28042,harshil,111111111111111111111111111111111111111111@1111111111111111111111111111a1111111111111111111a111111111
28043,harshil,111
28044,harshil,111111111111111111111111111111111111111111@1111111111111111111111111111a1111111111111111111a111111111
28045,harshil,1
28046,harshil,1
28047,harshil,1
28048,harshil,111111111111111111111111111111111111111111@1111111111111111111111111111a1111111111111111111a111111111
28049,harshil,111
28050,harshil,111111111111111111111111111111111111111111@1111111111111111111111111111a1111111111111111111a111111111
28051,harshil,1
28052,harshil,1
28053,harshil,1
28054,harshil,111111111111111111111111111111111111111111@1111111111111111111111111111a1111111111111111111a111111111
28055,harshil,111
28056,harshil,111111111111111111111111111111111111111111@1111111111111111111111111111a1111111111111111111a111111111
28057,harshil,1
28058,harshil,1
28059,harshil,1
28060,harshil,111111111111111111111111111111111111111111@1111111111111111111111111111a1111111111111111111a111111111
28061,harshil,111
28062,harshil,111111111111111111111111111111111111111111@1111111111111111111111111111a1111111111111111111a111111111
28063,harshil,1
28064,harshil,1
28065,harshil,1
28066,harshil,111111111111111111111111111111111111111111@1111111111111111111111111111a1111111111111111111a111111111
28067,harshil,111
28068,harshil,111111111111111111111111111111111111111111@1111111111111111111111111111a1111111111111111111a111111111
28069,harshil,1
28070,harshil,1
28071,harshil,1
28072,harshil,111111111111111111111111111111111111111111@1111111111111111111111111111a1111111111111111111a111111111
28073,harshil,111
28074,harshil,111111111111111111111111111111111111111111@1111111111111111111111111111a1111111111111111111a111111111
28075,harshil,1
28076,harshil,1
28077,harshil,1
28078,harshil,111111111111111111111111111111111111111111@1111111111111111111111111111a1111111111111111111a111111111
28079,harshil,111
28080,harshil,111111111111111111111111111111111111111111@1111111111111111111111111111a1111111111111111111a111111111
28081,harshil,1
28082,harshil,1
28083,harshil,1
28084,harshil,111111111111111111111111111111111111111111@1111111111111111111111111111a1111111111111111111a111111111
28085,harshil,111
28086,harshil,111111111111111111111111111111111111111111@1111111111111111111111111111a1111111111111111111a111111111
28087,harshil,1
28088,harshil,1
28089,harshil,1
28090,harshil,111111111111111111111111111111111111111111@1111111111111111111111111111a1111111111111111111a111111111
28091,harshil,111
28092,harshil,111111111111111111111111111111111111111111@1111111111111111111111111111a1111111111111111111a111111111
28093,harshil,1
28094,harshil,1
28095,harshil,1
28096,harshil,111111111111111111111111111111111111111111@1111111111111111111111111111a1111111111111111111a111111111
28097,harshil,111
28098,harshil,111111111111111111111111111111111111111111@1111111111111111111111111111a1111111111111111111a111111111
28099,harshil,1
28100,harshil,1
28101,harshil,1
28102,harshil,111111111111111111111111111111111111111111@1111111111111111111111111111a1111111111111111111a111111111
28103,harshil,111
28104,harshil,111111111111111111111111111111111111111111@1111111111111111111111111111a1111111111111111111a111111111
28105,harshil,1
28106,harshil,1
28107,harshil,1
28108,harshil,111111111111111111111111111111111111111111@1111111111111111111111111111a1111111111111111111a111111111
28109,harshil,111
28110,harshil,111111111111111111111111111111111111111111@1111111111111111111111111111a1111111111111111111a111111111
28111,harshil,1
28112,harshil,1
28113,harshil,1
28114,harshil,111111111111111111111111111111111111111111@1111111111111111111111111111a1111111111111111111a111111111
28115,harshil,111
28116,harshil,111111111111111111111111111111111111111111@1111111111111111111111111111a1111111111111111111a111111111
28117,harshil,1
28118,harshil,1
28119,harshil,1
28120,harshil,111111111111111111111111111111111111111111@1111111111111111111111111111a1111111111111111111a111111111
28121,harshil,111
28122,harshil,111111111111111111111111111111111111111111@1111111111111111111111111111a1111111111111111111a111111111
28123,harshil,1
28124,harshil,1
28125,harshil,1
28126,harshil,111111111111111111111111111111111111111111@1111111111111111111111111111a1111111111111111111a111111111
28127,harshil,111
28128,harshil,111111111111111111111111111111111111111111@1111111111111111111111111111a1111111111111111111a111111111
28129,harshil,1
28130,harshil,1
28131,harshil,1
28132,harshil,111111111111111111111111111111111111111111@1111111111111111111111111111a1111111111111111111a111111111
28133,harshil,111
28134,harshil,111111111111111111111111111111111111111111@1111111111111111111111111111a1111111111111111111a111111111
28135,harshil,1
28136,harshil,1
28137,harshil,1
28138,harshil,111111111111111111111111111111111111111111@1111111111111111111111111111a1111111111111111111a111111111
28139,harshil,111
28140,harshil,111111111111111111111111111111111111111111@1111111111111111111111111111a1111111111111111111a111111111
28141,harshil,1
28142,harshil,1
28143,harshil,1
28144,harshil,111111111111111111111111111111111111111111@1111111111111111111111111111a1111111111111111111a111111111
28145,harshil,111
28146,harshil,111111111111111111111111111111111111111111@1111111111111111111111111111a1111111111111111111a111111111
28147,harshil,1
28148,harshil,1
28149,harshil,1
28150,harshil,111111111111111111111111111111111111111111@1111111111111111111111111111a1111111111111111111a111111111
28151,harshil,111
28152,harshil,111111111111111111111111111111111111111111@1111111111111111111111111111a1111111111111111111a111111111
28153,harshil,1
28154,harshil,1
28155,harshil,1
28156,harshil,111111111111111111111111111111111111111111@1111111111111111111111111111a1111111111111111111a111111111
28157,harshil,111
28158,harshil,111111111111111111111111111111111111111111@1111111111111111111111111111a1111111111111111111a111111111
28159,harshil,1
28160,harshil,1
28161,harshil,1
28162,harshil,111111111111111111111111111111111111111111@1111111111111111111111111111a1111111111111111111a111111111
28163,harshil,111
28164,harshil,111111111111111111111111111111111111111111@1111111111111111111111111111a1111111111111111111a111111111
28165,harshil,1
28166,harshil,1
28167,harshil,1
28168,harshil,111111111111111111111111111111111111111111@1111111111111111111111111111a1111111111111111111a111111111
28169,harshil,111
28170,harshil,111111111111111111111111111111111111111111@1111111111111111111111111111a1111111111111111111a111111111
28171,harshil,1
28172,harshil,1
28173,harshil,1
28174,harshil,111111111111111111111111111111111111111111@1111111111111111111111111111a1111111111111111111a111111111
28175,harshil,111
28176,harshil,111111111111111111111111111111111111111111@1111111111111111111111111111a1111111111111111111a111111111
28177,harshil,1
28178,harshil,1
28179,harshil,1
28180,harshil,111111111111111111111111111111111111111111@1111111111111111111111111111a1111111111111111111a111111111
28181,harshil,111
28182,harshil,111111111111111111111111111111111111111111@1111111111111111111111111111a1111111111111111111a111111111
28183,harshil,1
28184,harshil,1
28185,harshil,1
28186,harshil,111111111111111111111111111111111111111111@1111111111111111111111111111a1111111111111111111a111111111
28187,harshil,111
28188,harshil,111111111111111111111111111111111111111111@1111111111111111111111111111a1111111111111111111a111111111
28189,harshil,1
28190,harshil,1
28191,harshil,1
28192,harshil,111111111111111111111111111111111111111111@1111111111111111111111111111a1111111111111111111a111111111
28193,harshil,111
28194,harshil,111111111111111111111111111111111111111111@1111111111111111111111111111a1111111111111111111a111111111
28195,harshil,1
28196,harshil,1
28197,harshil,1
28198,harshil,111111111111111111111111111111111111111111@1111111111111111111111111111a1111111111111111111a111111111
28199,harshil,111
28200,harshil,111111111111111111111111111111111111111111@1111111111111111111111111111a1111111111111111111a111111111
28201,harshil,1
28202,harshil,1
28203,harshil,1
28204,harshil,111111111111111111111111111111111111111111@1111111111111111111111111111a1111111111111111111a111111111
28205,harshil,111
28206,harshil,111111111111111111111111111111111111111111@1111111111111111111111111111a1111111111111111111a111111111
28207,harshil,1
28208,harshil,1
28209,harshil,1
28210,harshil,111111111111111111111111111111111111111111@1111111111111111111111111111a1111111111111111111a111111111
28211,harshil,111
28212,harshil,111111111111111111111111111111111111111111@1111111111111111111111111111a1111111111111111111a111111111
28213,harshil,1
28214,harshil,1
28215,harshil,1
28216,harshil,111111111111111111111111111111111111111111@1111111111111111111111111111a1111111111111111111a111111111
28217,harshil,111
28218,harshil,111111111111111111111111111111111111111111@1111111111111111111111111111a1111111111111111111a111111111
28219,harshil,1
28220,harshil,1
28221,harshil,1
28222,harshil,111111111111111111111111111111111111111111@1111111111111111111111111111a1111111111111111111a111111111
28223,harshil,111
28224,harshil,111111111111111111111111111111111111111111@1111111111111111111111111111a1111111111111111111a111111111
28225,harshil,1
28226,harshil,1
28227,harshil,1
28228,harshil,111111111111111111111111111111111111111111@1111111111111111111111111111a1111111111111111111a111111111
28229,harshil,111
28230,harshil,111111111111111111111111111111111111111111@1111111111111111111111111111a1111111111111111111a111111111
28231,harshil,1
28232,harshil,1
28233,harshil,1
28234,harshil,111111111111111111111111111111111111111111@1111111111111111111111111111a1111111111111111111a111111111
28235,harshil,111
28236,harshil,111111111111111111111111111111111111111111@1111111111111111111111111111a1111111111111111111a111111111
28237,harshil,1
28238,harshil,1
28239,harshil,1
28240,harshil,111111111111111111111111111111111111111111@1111111111111111111111111111a1111111111111111111a111111111
28241,harshil,111
28242,harshil,111111111111111111111111111111111111111111@1111111111111111111111111111a1111111111111111111a111111111
28243,harshil,1
28244,harshil,1
28245,harshil,1
28246,harshil,111111111111111111111111111111111111111111@1111111111111111111111111111a1111111111111111111a111111111
28247,harshil,111
28248,harshil,111111111111111111111111111111111111111111@1111111111111111111111111111a1111111111111111111a111111111
28249,harshil,1
28250,harshil,1
28251,harshil,1
28252,harshil,111111111111111111111111111111111111111111@1111111111111111111111111111a1111111111111111111a111111111
28253,harshil,111
28254,harshil,111111111111111111111111111111111111111111@1111111111111111111111111111a1111111111111111111a111111111
28255,harshil,1
28256,harshil,1
28257,harshil,1
28258,harshil,111111111111111111111111111111111111111111@1111111111111111111111111111a1111111111111111111a111111111
28259,harshil,111
28260,harshil,111111111111111111111111111111111111111111@1111111111111111111111111111a1111111111111111111a111111111
28261,harshil,1
28262,harshil,1
28263,harshil,1
28264,harshil,111111111111111111111111111111111111111111@1111111111111111111111111111a1111111111111111111a111111111
28265,harshil,111
28266,harshil,111111111111111111111111111111111111111111@1111111111111111111111111111a1111111111111111111a111111111
28267,harshil,1
28268,harshil,1
28269,harshil,1
28270,harshil,111111111111111111111111111111111111111111@1111111111111111111111111111a1111111111111111111a111111111
28271,harshil,111
28272,harshil,111111111111111111111111111111111111111111@1111111111111111111111111111a1111111111111111111a111111111
28273,harshil,1
28274,harshil,1
28275,harshil,1
28276,harshil,111111111111111111111111111111111111111111@1111111111111111111111111111a1111111111111111111a111111111
28277,harshil,111
28278,harshil,111111111111111111111111111111111111111111@1111111111111111111111111111a1111111111111111111a111111111
28279,harshil,1
28280,harshil,1
28281,harshil,1
28282,harshil,111111111111111111111111111111111111111111@1111111111111111111111111111a1111111111111111111a111111111
28283,harshil,111
28284,harshil,111111111111111111111111111111111111111111@1111111111111111111111111111a1111111111111111111a111111111
28285,harshil,1
28286,harshil,1
28287,harshil,1
28288,harshil,111111111111111111111111111111111111111111@1111111111111111111111111111a1111111111111111111a111111111
28289,harshil,111
28290,harshil,111111111111111111111111111111111111111111@1111111111111111111111111111a1111111111111111111a111111111
28291,harshil,1
28292,harshil,1
28293,harshil,1
28294,harshil,111111111111111111111111111111111111111111@1111111111111111111111111111a1111111111111111111a111111111
28295,harshil,111
28296,harshil,111111111111111111111111111111111111111111@1111111111111111111111111111a1111111111111111111a111111111
28297,harshil,1
28298,harshil,1
28299,harshil,1
28300,harshil,111111111111111111111111111111111111111111@1111111111111111111111111111a1111111111111111111a111111111
28301,harshil,111
28302,harshil,111111111111111111111111111111111111111111@1111111111111111111111111111a1111111111111111111a111111111
28303,harshil,1
28304,harshil,1
28305,harshil,1
28306,harshil,111111111111111111111111111111111111111111@1111111111111111111111111111a1111111111111111111a111111111
28307,harshil,111
28308,harshil,111111111111111111111111111111111111111111@1111111111111111111111111111a1111111111111111111a111111111
28309,harshil,1
28310,harshil,1
28311,harshil,1
28312,harshil,111111111111111111111111111111111111111111@1111111111111111111111111111a1111111111111111111a111111111
28313,harshil,111
28314,harshil,111111111111111111111111111111111111111111@1111111111111111111111111111a1111111111111111111a111111111
28315,harshil,1
28316,harshil,1
28317,harshil,1
28318,harshil,111111111111111111111111111111111111111111@1111111111111111111111111111a1111111111111111111a111111111
28319,harshil,111
28320,harshil,111111111111111111111111111111111111111111@1111111111111111111111111111a1111111111111111111a111111111
28321,harshil,1
28322,harshil,1
28323,harshil,1
28324,harshil,111111111111111111111111111111111111111111@1111111111111111111111111111a1111111111111111111a111111111
28325,harshil,111
28326,harshil,111111111111111111111111111111111111111111@1111111111111111111111111111a1111111111111111111a111111111
28327,harshil,1
28328,harshil,1
28329,harshil,1
28330,harshil,111111111111111111111111111111111111111111@1111111111111111111111111111a1111111111111111111a111111111
28331,harshil,111
28332,harshil,111111111111111111111111111111111111111111@1111111111111111111111111111a1111111111111111111a111111111
28333,harshil,1
28334,harshil,1
28335,harshil,1
28336,harshil,111111111111111111111111111111111111111111@1111111111111111111111111111a1111111111111111111a111111111
28337,harshil,111
28338,harshil,111111111111111111111111111111111111111111@1111111111111111111111111111a1111111111111111111a111111111
28339,harshil,1
28340,harshil,1
28341,harshil,1
28342,harshil,111111111111111111111111111111111111111111@1111111111111111111111111111a1111111111111111111a111111111
28343,harshil,111
28344,harshil,111111111111111111111111111111111111111111@1111111111111111111111111111a1111111111111111111a111111111
28345,harshil,1
28346,harshil,1
28347,harshil,1
28348,harshil,111111111111111111111111111111111111111111@1111111111111111111111111111a1111111111111111111a111111111
28349,harshil,111
28350,harshil,111111111111111111111111111111111111111111@1111111111111111111111111111a1111111111111111111a111111111
28351,harshil,1
28352,harshil,1
28353,harshil,1
28354,harshil,111111111111111111111111111111111111111111@1111111111111111111111111111a1111111111111111111a111111111
28355,harshil,111
28356,harshil,111111111111111111111111111111111111111111@1111111111111111111111111111a1111111111111111111a111111111
28357,harshil,1
28358,harshil,1
28359,harshil,1
28360,harshil,111111111111111111111111111111111111111111@1111111111111111111111111111a1111111111111111111a111111111
28361,harshil,111
28362,harshil,111111111111111111111111111111111111111111@1111111111111111111111111111a1111111111111111111a111111111
28363,harshil,1
28364,harshil,1
28365,harshil,1
28366,harshil,111111111111111111111111111111111111111111@1111111111111111111111111111a1111111111111111111a111111111
28367,harshil,111
28368,harshil,111111111111111111111111111111111111111111@1111111111111111111111111111a1111111111111111111a111111111
28369,harshil,1
28370,harshil,1
28371,harshil,1
28372,harshil,111111111111111111111111111111111111111111@1111111111111111111111111111a1111111111111111111a111111111
28373,harshil,111
28374,harshil,111111111111111111111111111111111111111111@1111111111111111111111111111a1111111111111111111a111111111
28375,harshil,1
28376,harshil,1
28377,harshil,1
28378,harshil,111111111111111111111111111111111111111111@1111111111111111111111111111a1111111111111111111a111111111
28379,harshil,111
28380,harshil,111111111111111111111111111111111111111111@1111111111111111111111111111a1111111111111111111a111111111
28381,harshil,1
28382,harshil,1
28383,harshil,1
28384,harshil,111111111111111111111111111111111111111111@1111111111111111111111111111a1111111111111111111a111111111
28385,harshil,111
28386,harshil,111111111111111111111111111111111111111111@1111111111111111111111111111a1111111111111111111a111111111
28387,harshil,1
28388,harshil,1
28389,harshil,1
28390,harshil,111111111111111111111111111111111111111111@1111111111111111111111111111a1111111111111111111a111111111
28391,harshil,111
28392,harshil,111111111111111111111111111111111111111111@1111111111111111111111111111a1111111111111111111a111111111
28393,harshil,1
28394,harshil,1
28395,harshil,1
28396,harshil,111111111111111111111111111111111111111111@1111111111111111111111111111a1111111111111111111a111111111
28397,harshil,111
28398,harshil,111111111111111111111111111111111111111111@1111111111111111111111111111a1111111111111111111a111111111
28399,harshil,1
28400,harshil,1
28401,harshil,1
28402,harshil,111111111111111111111111111111111111111111@1111111111111111111111111111a1111111111111111111a111111111
28403,harshil,111
28404,harshil,111111111111111111111111111111111111111111@1111111111111111111111111111a1111111111111111111a111111111
28405,harshil,1
28406,harshil,1
28407,harshil,1
28408,harshil,111111111111111111111111111111111111111111@1111111111111111111111111111a1111111111111111111a111111111
28409,harshil,111
28410,harshil,111111111111111111111111111111111111111111@1111111111111111111111111111a1111111111111111111a111111111
28411,harshil,1
28412,harshil,1
28413,harshil,1
28414,harshil,111111111111111111111111111111111111111111@1111111111111111111111111111a1111111111111111111a111111111
28415,harshil,111
28416,harshil,111111111111111111111111111111111111111111@1111111111111111111111111111a1111111111111111111a111111111
28417,harshil,1
28418,harshil,1
28419,harshil,1
28420,harshil,111111111111111111111111111111111111111111@1111111111111111111111111111a1111111111111111111a111111111
28421,harshil,111
28422,harshil,111111111111111111111111111111111111111111@1111111111111111111111111111a1111111111111111111a111111111
28423,harshil,1
28424,harshil,1
28425,harshil,1
28426,harshil,111111111111111111111111111111111111111111@1111111111111111111111111111a1111111111111111111a111111111
28427,harshil,111
28428,harshil,111111111111111111111111111111111111111111@1111111111111111111111111111a1111111111111111111a111111111
28429,harshil,1
28430,harshil,1
28431,harshil,1
28432,harshil,111111111111111111111111111111111111111111@1111111111111111111111111111a1111111111111111111a111111111
28433,harshil,111
28434,harshil,111111111111111111111111111111111111111111@1111111111111111111111111111a1111111111111111111a111111111
28435,harshil,1
28436,harshil,1
28437,harshil,1
28438,harshil,111111111111111111111111111111111111111111@1111111111111111111111111111a1111111111111111111a111111111
28439,harshil,111
28440,harshil,111111111111111111111111111111111111111111@1111111111111111111111111111a1111111111111111111a111111111
28441,harshil,1
28442,harshil,1
28443,harshil,1
28444,harshil,111111111111111111111111111111111111111111@1111111111111111111111111111a1111111111111111111a111111111
28445,harshil,111
28446,harshil,111111111111111111111111111111111111111111@1111111111111111111111111111a1111111111111111111a111111111
28447,harshil,1
28448,harshil,1
28449,harshil,1
28450,harshil,111111111111111111111111111111111111111111@1111111111111111111111111111a1111111111111111111a111111111
28451,harshil,111
28452,harshil,111111111111111111111111111111111111111111@1111111111111111111111111111a1111111111111111111a111111111
28453,harshil,1
28454,harshil,1
28455,harshil,1
28456,harshil,111111111111111111111111111111111111111111@1111111111111111111111111111a1111111111111111111a111111111
28457,harshil,111
28458,harshil,111111111111111111111111111111111111111111@1111111111111111111111111111a1111111111111111111a111111111
28459,harshil,1
28460,harshil,1
28461,harshil,1
28462,harshil,111111111111111111111111111111111111111111@1111111111111111111111111111a1111111111111111111a111111111
28463,harshil,111
28464,harshil,111111111111111111111111111111111111111111@1111111111111111111111111111a1111111111111111111a111111111
28465,harshil,1
28466,harshil,1
28467,harshil,1
28468,harshil,111111111111111111111111111111111111111111@1111111111111111111111111111a1111111111111111111a111111111
28469,harshil,111
28470,harshil,111111111111111111111111111111111111111111@1111111111111111111111111111a1111111111111111111a111111111
28471,harshil,1
28472,harshil,1
28473,harshil,1
28474,harshil,111111111111111111111111111111111111111111@1111111111111111111111111111a1111111111111111111a111111111
28475,harshil,111
28476,harshil,111111111111111111111111111111111111111111@1111111111111111111111111111a1111111111111111111a111111111
28477,harshil,1
28478,harshil,1
28479,harshil,1
28480,harshil,111111111111111111111111111111111111111111@1111111111111111111111111111a1111111111111111111a111111111
28481,harshil,111
28482,harshil,111111111111111111111111111111111111111111@1111111111111111111111111111a1111111111111111111a111111111
28483,harshil,1
28484,harshil,1
28485,harshil,1
28486,harshil,111111111111111111111111111111111111111111@1111111111111111111111111111a1111111111111111111a111111111
28487,harshil,111
28488,harshil,111111111111111111111111111111111111111111@1111111111111111111111111111a1111111111111111111a111111111
28489,harshil,1
28490,harshil,1
28491,harshil,1
28492,harshil,111111111111111111111111111111111111111111@1111111111111111111111111111a1111111111111111111a111111111
28493,harshil,111
28494,harshil,111111111111111111111111111111111111111111@1111111111111111111111111111a1111111111111111111a111111111
28495,harshil,1
28496,harshil,1
28497,harshil,1
28498,harshil,111111111111111111111111111111111111111111@1111111111111111111111111111a1111111111111111111a111111111
28499,harshil,111
28500,harshil,111111111111111111111111111111111111111111@1111111111111111111111111111a1111111111111111111a111111111
28501,harshil,1
28502,harshil,1
28503,harshil,1
28504,harshil,111111111111111111111111111111111111111111@1111111111111111111111111111a1111111111111111111a111111111
28505,harshil,111
28506,harshil,111111111111111111111111111111111111111111@1111111111111111111111111111a1111111111111111111a111111111
28507,harshil,1
28508,harshil,1
28509,harshil,1
28510,harshil,111111111111111111111111111111111111111111@1111111111111111111111111111a1111111111111111111a111111111
28511,harshil,111
28512,harshil,111111111111111111111111111111111111111111@1111111111111111111111111111a1111111111111111111a111111111
28513,harshil,1
28514,harshil,1
28515,harshil,1
28516,harshil,111111111111111111111111111111111111111111@1111111111111111111111111111a1111111111111111111a111111111
28517,harshil,111
28518,harshil,111111111111111111111111111111111111111111@1111111111111111111111111111a1111111111111111111a111111111
28519,harshil,1
28520,harshil,1
28521,harshil,1
28522,harshil,111111111111111111111111111111111111111111@1111111111111111111111111111a1111111111111111111a111111111
28523,harshil,111
28524,harshil,111111111111111111111111111111111111111111@1111111111111111111111111111a1111111111111111111a111111111
28525,harshil,1
28526,harshil,1
28527,harshil,1
28528,harshil,111111111111111111111111111111111111111111@1111111111111111111111111111a1111111111111111111a111111111
28529,harshil,111
28530,harshil,111111111111111111111111111111111111111111@1111111111111111111111111111a1111111111111111111a111111111
28531,harshil,1
28532,harshil,1
28533,harshil,1
28534,harshil,111111111111111111111111111111111111111111@1111111111111111111111111111a1111111111111111111a111111111
28535,harshil,111
28536,harshil,111111111111111111111111111111111111111111@1111111111111111111111111111a1111111111111111111a111111111
28537,harshil,1
28538,harshil,1
28539,harshil,1
28540,harshil,111111111111111111111111111111111111111111@1111111111111111111111111111a1111111111111111111a111111111
28541,harshil,111
28542,harshil,111111111111111111111111111111111111111111@1111111111111111111111111111a1111111111111111111a111111111
28543,harshil,1
28544,harshil,1
28545,harshil,1
28546,harshil,111111111111111111111111111111111111111111@1111111111111111111111111111a1111111111111111111a111111111
28547,harshil,111
28548,harshil,111111111111111111111111111111111111111111@1111111111111111111111111111a1111111111111111111a111111111
28549,harshil,1
28550,harshil,1
28551,harshil,1
28552,harshil,111111111111111111111111111111111111111111@1111111111111111111111111111a1111111111111111111a111111111
28553,harshil,111
28554,harshil,111111111111111111111111111111111111111111@1111111111111111111111111111a1111111111111111111a111111111
28555,harshil,1
28556,harshil,1
28557,harshil,1
28558,harshil,111111111111111111111111111111111111111111@1111111111111111111111111111a1111111111111111111a111111111
28559,harshil,111
28560,harshil,111111111111111111111111111111111111111111@1111111111111111111111111111a1111111111111111111a111111111
28561,harshil,1
28562,harshil,1
28563,harshil,1
28564,harshil,111111111111111111111111111111111111111111@1111111111111111111111111111a1111111111111111111a111111111
28565,harshil,111
28566,harshil,111111111111111111111111111111111111111111@1111111111111111111111111111a1111111111111111111a111111111
28567,harshil,1
28568,harshil,1
28569,harshil,1
28570,harshil,111111111111111111111111111111111111111111@1111111111111111111111111111a1111111111111111111a111111111
28571,harshil,111
28572,harshil,111111111111111111111111111111111111111111@1111111111111111111111111111a1111111111111111111a111111111
28573,harshil,1
28574,harshil,1
28575,harshil,1
28576,harshil,111111111111111111111111111111111111111111@1111111111111111111111111111a1111111111111111111a111111111
28577,harshil,111
28578,harshil,111111111111111111111111111111111111111111@1111111111111111111111111111a1111111111111111111a111111111
28579,harshil,1
28580,harshil,1
28581,harshil,1
28582,harshil,111111111111111111111111111111111111111111@1111111111111111111111111111a1111111111111111111a111111111
28583,harshil,111
28584,harshil,111111111111111111111111111111111111111111@1111111111111111111111111111a1111111111111111111a111111111
28585,harshil,1
28586,harshil,1
28587,harshil,1
28588,harshil,111111111111111111111111111111111111111111@1111111111111111111111111111a1111111111111111111a111111111
28589,harshil,111
28590,harshil,111111111111111111111111111111111111111111@1111111111111111111111111111a1111111111111111111a111111111
28591,harshil,1
28592,harshil,1
28593,harshil,1
28594,harshil,111111111111111111111111111111111111111111@1111111111111111111111111111a1111111111111111111a111111111
28595,harshil,111
28596,harshil,111111111111111111111111111111111111111111@1111111111111111111111111111a1111111111111111111a111111111
28597,harshil,1
28598,harshil,1
28599,harshil,1
28600,harshil,111111111111111111111111111111111111111111@1111111111111111111111111111a1111111111111111111a111111111
28601,harshil,111
28602,harshil,111111111111111111111111111111111111111111@1111111111111111111111111111a1111111111111111111a111111111
28603,harshil,1
28604,harshil,1
28605,harshil,1
28606,harshil,111111111111111111111111111111111111111111@1111111111111111111111111111a1111111111111111111a111111111
28607,harshil,111
28608,harshil,111111111111111111111111111111111111111111@1111111111111111111111111111a1111111111111111111a111111111
28609,harshil,1
28610,harshil,1
28611,harshil,1
28612,harshil,111111111111111111111111111111111111111111@1111111111111111111111111111a1111111111111111111a111111111
28613,harshil,111
28614,harshil,111111111111111111111111111111111111111111@1111111111111111111111111111a1111111111111111111a111111111
28615,harshil,1
28616,harshil,1
28617,harshil,1
28618,harshil,111111111111111111111111111111111111111111@1111111111111111111111111111a1111111111111111111a111111111
28619,harshil,111
28620,harshil,111111111111111111111111111111111111111111@1111111111111111111111111111a1111111111111111111a111111111
28621,harshil,1
28622,harshil,1
28623,harshil,1
28624,harshil,111111111111111111111111111111111111111111@1111111111111111111111111111a1111111111111111111a111111111
28625,harshil,111
28626,harshil,111111111111111111111111111111111111111111@1111111111111111111111111111a1111111111111111111a111111111
28627,harshil,1
28628,harshil,1
28629,harshil,1
28630,harshil,111111111111111111111111111111111111111111@1111111111111111111111111111a1111111111111111111a111111111
28631,harshil,111
28632,harshil,111111111111111111111111111111111111111111@1111111111111111111111111111a1111111111111111111a111111111
28633,harshil,1
28634,harshil,1
28635,harshil,1
28636,harshil,111111111111111111111111111111111111111111@1111111111111111111111111111a1111111111111111111a111111111
28637,harshil,111
28638,harshil,111111111111111111111111111111111111111111@1111111111111111111111111111a1111111111111111111a111111111
28639,harshil,1
28640,harshil,1
28641,harshil,1
28642,harshil,111111111111111111111111111111111111111111@1111111111111111111111111111a1111111111111111111a111111111
28643,harshil,111
28644,harshil,111111111111111111111111111111111111111111@1111111111111111111111111111a1111111111111111111a111111111
28645,harshil,1
28646,harshil,1
28647,harshil,1
28648,harshil,111111111111111111111111111111111111111111@1111111111111111111111111111a1111111111111111111a111111111
28649,harshil,111
28650,harshil,111111111111111111111111111111111111111111@1111111111111111111111111111a1111111111111111111a111111111
28651,harshil,1
28652,harshil,1
28653,harshil,1
28654,harshil,111111111111111111111111111111111111111111@1111111111111111111111111111a1111111111111111111a111111111
28655,harshil,111
28656,harshil,111111111111111111111111111111111111111111@1111111111111111111111111111a1111111111111111111a111111111
28657,harshil,1
28658,harshil,1
28659,harshil,1
28660,harshil,111111111111111111111111111111111111111111@1111111111111111111111111111a1111111111111111111a111111111
28661,harshil,111
28662,harshil,111111111111111111111111111111111111111111@1111111111111111111111111111a1111111111111111111a111111111
28663,harshil,1
28664,harshil,1
28665,harshil,1
28666,harshil,111111111111111111111111111111111111111111@1111111111111111111111111111a1111111111111111111a111111111
28667,harshil,111
28668,harshil,111111111111111111111111111111111111111111@1111111111111111111111111111a1111111111111111111a111111111
28669,harshil,1
28670,harshil,1
28671,harshil,1
28672,harshil,111111111111111111111111111111111111111111@1111111111111111111111111111a1111111111111111111a111111111
28673,harshil,111
28674,harshil,111111111111111111111111111111111111111111@1111111111111111111111111111a1111111111111111111a111111111
28675,harshil,1
28676,harshil,1
28677,harshil,1
28678,harshil,111111111111111111111111111111111111111111@1111111111111111111111111111a1111111111111111111a111111111
28679,harshil,111
28680,harshil,111111111111111111111111111111111111111111@1111111111111111111111111111a1111111111111111111a111111111
28681,harshil,1
28682,harshil,1
28683,harshil,1
28684,harshil,111111111111111111111111111111111111111111@1111111111111111111111111111a1111111111111111111a111111111
28685,harshil,111
28686,harshil,111111111111111111111111111111111111111111@1111111111111111111111111111a1111111111111111111a111111111
28687,harshil,1
28688,harshil,1
28689,harshil,1
28690,harshil,111111111111111111111111111111111111111111@1111111111111111111111111111a1111111111111111111a111111111
28691,harshil,111
28692,harshil,111111111111111111111111111111111111111111@1111111111111111111111111111a1111111111111111111a111111111
28693,harshil,1
28694,harshil,1
28695,harshil,1
28696,harshil,111111111111111111111111111111111111111111@1111111111111111111111111111a1111111111111111111a111111111
28697,harshil,111
28698,harshil,111111111111111111111111111111111111111111@1111111111111111111111111111a1111111111111111111a111111111
28699,harshil,1
28700,harshil,1
28701,harshil,1
28702,harshil,111111111111111111111111111111111111111111@1111111111111111111111111111a1111111111111111111a111111111
28703,harshil,111
28704,harshil,111111111111111111111111111111111111111111@1111111111111111111111111111a1111111111111111111a111111111
28705,harshil,1
28706,harshil,1
28707,harshil,1
28708,harshil,111111111111111111111111111111111111111111@1111111111111111111111111111a1111111111111111111a111111111
28709,harshil,111
28710,harshil,111111111111111111111111111111111111111111@1111111111111111111111111111a1111111111111111111a111111111
28711,harshil,1
28712,harshil,1
28713,harshil,1
28714,harshil,111111111111111111111111111111111111111111@1111111111111111111111111111a1111111111111111111a111111111
28715,harshil,111
28716,harshil,111111111111111111111111111111111111111111@1111111111111111111111111111a1111111111111111111a111111111
28717,harshil,1
28718,harshil,1
28719,harshil,1
28720,harshil,111111111111111111111111111111111111111111@1111111111111111111111111111a1111111111111111111a111111111
28721,harshil,111
28722,harshil,111111111111111111111111111111111111111111@1111111111111111111111111111a1111111111111111111a111111111
28723,harshil,1
28724,harshil,1
28725,harshil,1
28726,harshil,111111111111111111111111111111111111111111@1111111111111111111111111111a1111111111111111111a111111111
28727,harshil,111
28728,harshil,111111111111111111111111111111111111111111@1111111111111111111111111111a1111111111111111111a111111111
28729,harshil,1
28730,harshil,1
28731,harshil,1
28732,harshil,111111111111111111111111111111111111111111@1111111111111111111111111111a1111111111111111111a111111111
28733,harshil,111
28734,harshil,111111111111111111111111111111111111111111@1111111111111111111111111111a1111111111111111111a111111111
28735,harshil,1
28736,harshil,1
28737,harshil,1
28738,harshil,111111111111111111111111111111111111111111@1111111111111111111111111111a1111111111111111111a111111111
28739,harshil,111
28740,harshil,111111111111111111111111111111111111111111@1111111111111111111111111111a1111111111111111111a111111111
28741,harshil,1
28742,harshil,1
28743,harshil,1
28744,harshil,111111111111111111111111111111111111111111@1111111111111111111111111111a1111111111111111111a111111111
28745,harshil,111
28746,harshil,111111111111111111111111111111111111111111@1111111111111111111111111111a1111111111111111111a111111111
28747,harshil,1
28748,harshil,1
28749,harshil,1
28750,harshil,111111111111111111111111111111111111111111@1111111111111111111111111111a1111111111111111111a111111111
28751,harshil,111
28752,harshil,111111111111111111111111111111111111111111@1111111111111111111111111111a1111111111111111111a111111111
28753,harshil,1
28754,harshil,1
28755,harshil,1
28756,harshil,111111111111111111111111111111111111111111@1111111111111111111111111111a1111111111111111111a111111111
28757,harshil,111
28758,harshil,111111111111111111111111111111111111111111@1111111111111111111111111111a1111111111111111111a111111111
28759,harshil,1
28760,harshil,1
28761,harshil,1
28762,harshil,111111111111111111111111111111111111111111@1111111111111111111111111111a1111111111111111111a111111111
28763,harshil,111
28764,harshil,111111111111111111111111111111111111111111@1111111111111111111111111111a1111111111111111111a111111111
28765,harshil,1
28766,harshil,1
28767,harshil,1
28768,harshil,111111111111111111111111111111111111111111@1111111111111111111111111111a1111111111111111111a111111111
28769,harshil,111
28770,harshil,111111111111111111111111111111111111111111@1111111111111111111111111111a1111111111111111111a111111111
28771,harshil,1
28772,harshil,1
28773,harshil,1
28774,harshil,111111111111111111111111111111111111111111@1111111111111111111111111111a1111111111111111111a111111111
28775,harshil,111
28776,harshil,111111111111111111111111111111111111111111@1111111111111111111111111111a1111111111111111111a111111111
28777,harshil,1
28778,harshil,1
28779,harshil,1
28780,harshil,111111111111111111111111111111111111111111@1111111111111111111111111111a1111111111111111111a111111111
28781,harshil,111
28782,harshil,111111111111111111111111111111111111111111@1111111111111111111111111111a1111111111111111111a111111111
28783,harshil,1
28784,harshil,1
28785,harshil,1
28786,harshil,111111111111111111111111111111111111111111@1111111111111111111111111111a1111111111111111111a111111111
28787,harshil,111
28788,harshil,111111111111111111111111111111111111111111@1111111111111111111111111111a1111111111111111111a111111111
28789,harshil,1
28790,harshil,1
28791,harshil,1
28792,harshil,111111111111111111111111111111111111111111@1111111111111111111111111111a1111111111111111111a111111111
28793,harshil,111
28794,harshil,111111111111111111111111111111111111111111@1111111111111111111111111111a1111111111111111111a111111111
28795,harshil,1
28796,harshil,1
28797,harshil,1
28798,harshil,111111111111111111111111111111111111111111@1111111111111111111111111111a1111111111111111111a111111111
28799,harshil,111
28800,harshil,111111111111111111111111111111111111111111@1111111111111111111111111111a1111111111111111111a111111111
28801,harshil,1
28802,harshil,1
28803,harshil,1
28804,harshil,111111111111111111111111111111111111111111@1111111111111111111111111111a1111111111111111111a111111111
28805,harshil,111
28806,harshil,111111111111111111111111111111111111111111@1111111111111111111111111111a1111111111111111111a111111111
28807,harshil,1
28808,harshil,1
28809,harshil,1
28810,harshil,111111111111111111111111111111111111111111@1111111111111111111111111111a1111111111111111111a111111111
28811,harshil,111
28812,harshil,111111111111111111111111111111111111111111@1111111111111111111111111111a1111111111111111111a111111111
28813,harshil,1
28814,harshil,1
28815,harshil,1
28816,harshil,111111111111111111111111111111111111111111@1111111111111111111111111111a1111111111111111111a111111111
28817,harshil,111
28818,harshil,111111111111111111111111111111111111111111@1111111111111111111111111111a1111111111111111111a111111111
28819,harshil,1
28820,harshil,1
28821,harshil,1
28822,harshil,111111111111111111111111111111111111111111@1111111111111111111111111111a1111111111111111111a111111111
28823,harshil,111
28824,harshil,111111111111111111111111111111111111111111@1111111111111111111111111111a1111111111111111111a111111111
28825,harshil,1
28826,harshil,1
28827,harshil,1
28828,harshil,111111111111111111111111111111111111111111@1111111111111111111111111111a1111111111111111111a111111111
28829,harshil,111
28830,harshil,111111111111111111111111111111111111111111@1111111111111111111111111111a1111111111111111111a111111111
28831,harshil,1
28832,harshil,1
28833,harshil,1
28834,harshil,111111111111111111111111111111111111111111@1111111111111111111111111111a1111111111111111111a111111111
28835,harshil,111
28836,harshil,111111111111111111111111111111111111111111@1111111111111111111111111111a1111111111111111111a111111111
28837,harshil,1
28838,harshil,1
28839,harshil,1
28840,harshil,111111111111111111111111111111111111111111@1111111111111111111111111111a1111111111111111111a111111111
28841,harshil,111
28842,harshil,111111111111111111111111111111111111111111@1111111111111111111111111111a1111111111111111111a111111111
28843,harshil,1
28844,harshil,1
28845,harshil,1
28846,harshil,111111111111111111111111111111111111111111@1111111111111111111111111111a1111111111111111111a111111111
28847,harshil,111
28848,harshil,111111111111111111111111111111111111111111@1111111111111111111111111111a1111111111111111111a111111111
28849,harshil,1
28850,harshil,1
28851,harshil,1
28852,harshil,111111111111111111111111111111111111111111@1111111111111111111111111111a1111111111111111111a111111111
28853,harshil,111
28854,harshil,111111111111111111111111111111111111111111@1111111111111111111111111111a1111111111111111111a111111111
28855,harshil,1
28856,harshil,1
28857,harshil,1
28858,harshil,111111111111111111111111111111111111111111@1111111111111111111111111111a1111111111111111111a111111111
28859,harshil,111
28860,harshil,111111111111111111111111111111111111111111@1111111111111111111111111111a1111111111111111111a111111111
28861,harshil,1
28862,harshil,1
28863,harshil,1
28864,harshil,111111111111111111111111111111111111111111@1111111111111111111111111111a1111111111111111111a111111111
28865,harshil,111
28866,harshil,111111111111111111111111111111111111111111@1111111111111111111111111111a1111111111111111111a111111111
28867,harshil,1
28868,harshil,1
28869,harshil,1
28870,harshil,111111111111111111111111111111111111111111@1111111111111111111111111111a1111111111111111111a111111111
28871,harshil,111
28872,harshil,111111111111111111111111111111111111111111@1111111111111111111111111111a1111111111111111111a111111111
28873,harshil,1
28874,harshil,1
28875,harshil,1
28876,harshil,111111111111111111111111111111111111111111@1111111111111111111111111111a1111111111111111111a111111111
28877,harshil,111
28878,harshil,111111111111111111111111111111111111111111@1111111111111111111111111111a1111111111111111111a111111111
28879,harshil,1
28880,harshil,1
28881,harshil,1
28882,harshil,111111111111111111111111111111111111111111@1111111111111111111111111111a1111111111111111111a111111111
28883,harshil,111
28884,harshil,111111111111111111111111111111111111111111@1111111111111111111111111111a1111111111111111111a111111111
28885,harshil,1
28886,harshil,1
28887,harshil,1
28888,harshil,111111111111111111111111111111111111111111@1111111111111111111111111111a1111111111111111111a111111111
28889,harshil,111
28890,harshil,111111111111111111111111111111111111111111@1111111111111111111111111111a1111111111111111111a111111111
28891,harshil,1
28892,harshil,1
28893,harshil,1
28894,harshil,111111111111111111111111111111111111111111@1111111111111111111111111111a1111111111111111111a111111111
28895,harshil,111
28896,harshil,111111111111111111111111111111111111111111@1111111111111111111111111111a1111111111111111111a111111111
28897,harshil,1
28898,harshil,1
28899,harshil,1
28900,harshil,111111111111111111111111111111111111111111@1111111111111111111111111111a1111111111111111111a111111111
28901,harshil,111
28902,harshil,111111111111111111111111111111111111111111@1111111111111111111111111111a1111111111111111111a111111111
28903,harshil,1
28904,harshil,1
28905,harshil,1
28906,harshil,111111111111111111111111111111111111111111@1111111111111111111111111111a1111111111111111111a111111111
28907,harshil,111
28908,harshil,111111111111111111111111111111111111111111@1111111111111111111111111111a1111111111111111111a111111111
28909,harshil,1
28910,harshil,1
28911,harshil,1
28912,harshil,111111111111111111111111111111111111111111@1111111111111111111111111111a1111111111111111111a111111111
28913,harshil,111
28914,harshil,111111111111111111111111111111111111111111@1111111111111111111111111111a1111111111111111111a111111111
28915,harshil,1
28916,harshil,1
28917,harshil,1
28918,harshil,111111111111111111111111111111111111111111@1111111111111111111111111111a1111111111111111111a111111111
28919,harshil,111
28920,harshil,111111111111111111111111111111111111111111@1111111111111111111111111111a1111111111111111111a111111111
28921,harshil,1
28922,harshil,1
28923,harshil,1
28924,harshil,111111111111111111111111111111111111111111@1111111111111111111111111111a1111111111111111111a111111111
28925,harshil,111
28926,harshil,111111111111111111111111111111111111111111@1111111111111111111111111111a1111111111111111111a111111111
28927,harshil,1
28928,harshil,1
28929,harshil,1
28930,harshil,111111111111111111111111111111111111111111@1111111111111111111111111111a1111111111111111111a111111111
28931,harshil,111
28932,harshil,111111111111111111111111111111111111111111@1111111111111111111111111111a1111111111111111111a111111111
28933,harshil,1
28934,harshil,1
28935,harshil,1
28936,harshil,111111111111111111111111111111111111111111@1111111111111111111111111111a1111111111111111111a111111111
28937,harshil,111
28938,harshil,111111111111111111111111111111111111111111@1111111111111111111111111111a1111111111111111111a111111111
28939,harshil,1
28940,harshil,1
28941,harshil,1
28942,harshil,111111111111111111111111111111111111111111@1111111111111111111111111111a1111111111111111111a111111111
28943,harshil,111
28944,harshil,111111111111111111111111111111111111111111@1111111111111111111111111111a1111111111111111111a111111111
28945,harshil,1
28946,harshil,1
28947,harshil,1
28948,harshil,111111111111111111111111111111111111111111@1111111111111111111111111111a1111111111111111111a111111111
28949,harshil,111
28950,harshil,111111111111111111111111111111111111111111@1111111111111111111111111111a1111111111111111111a111111111
28951,harshil,1
28952,harshil,1
28953,harshil,1
28954,harshil,111111111111111111111111111111111111111111@1111111111111111111111111111a1111111111111111111a111111111
28955,harshil,111
28956,harshil,111111111111111111111111111111111111111111@1111111111111111111111111111a1111111111111111111a111111111
28957,harshil,1
28958,harshil,1
28959,harshil,1
28960,harshil,111111111111111111111111111111111111111111@1111111111111111111111111111a1111111111111111111a111111111
28961,harshil,111
28962,harshil,111111111111111111111111111111111111111111@1111111111111111111111111111a1111111111111111111a111111111
28963,harshil,1
28964,harshil,1
28965,harshil,1
28966,harshil,111111111111111111111111111111111111111111@1111111111111111111111111111a1111111111111111111a111111111
28967,harshil,111
28968,harshil,111111111111111111111111111111111111111111@1111111111111111111111111111a1111111111111111111a111111111
28969,harshil,1
28970,harshil,1
28971,harshil,1
28972,harshil,111111111111111111111111111111111111111111@1111111111111111111111111111a1111111111111111111a111111111
28973,harshil,111
28974,harshil,111111111111111111111111111111111111111111@1111111111111111111111111111a1111111111111111111a111111111
28975,harshil,1
28976,harshil,1
28977,harshil,1
28978,harshil,111111111111111111111111111111111111111111@1111111111111111111111111111a1111111111111111111a111111111
28979,harshil,111
28980,harshil,111111111111111111111111111111111111111111@1111111111111111111111111111a1111111111111111111a111111111
28981,harshil,1
28982,harshil,1
28983,harshil,1
28984,harshil,111111111111111111111111111111111111111111@1111111111111111111111111111a1111111111111111111a111111111
28985,harshil,111
28986,harshil,111111111111111111111111111111111111111111@1111111111111111111111111111a1111111111111111111a111111111
28987,harshil,1
28988,harshil,1
28989,harshil,1
28990,harshil,111111111111111111111111111111111111111111@1111111111111111111111111111a1111111111111111111a111111111
28991,harshil,111
28992,harshil,111111111111111111111111111111111111111111@1111111111111111111111111111a1111111111111111111a111111111
28993,harshil,1
28994,harshil,1
28995,harshil,1
28996,harshil,111111111111111111111111111111111111111111@1111111111111111111111111111a1111111111111111111a111111111
28997,harshil,111
28998,harshil,111111111111111111111111111111111111111111@1111111111111111111111111111a1111111111111111111a111111111
28999,harshil,1
29000,harshil,1
29001,harshil,1
29002,harshil,111111111111111111111111111111111111111111@1111111111111111111111111111a1111111111111111111a111111111
29003,harshil,111
29004,harshil,111111111111111111111111111111111111111111@1111111111111111111111111111a1111111111111111111a111111111
29005,harshil,1
29006,harshil,1
29007,harshil,1
29008,harshil,111111111111111111111111111111111111111111@1111111111111111111111111111a1111111111111111111a111111111
29009,harshil,111
29010,harshil,111111111111111111111111111111111111111111@1111111111111111111111111111a1111111111111111111a111111111
29011,harshil,1
29012,harshil,1
29013,harshil,1
29014,harshil,111111111111111111111111111111111111111111@1111111111111111111111111111a1111111111111111111a111111111
29015,harshil,111
29016,harshil,111111111111111111111111111111111111111111@1111111111111111111111111111a1111111111111111111a111111111
29017,harshil,1
29018,harshil,1
29019,harshil,1
29020,harshil,111111111111111111111111111111111111111111@1111111111111111111111111111a1111111111111111111a111111111
29021,harshil,111
29022,harshil,111111111111111111111111111111111111111111@1111111111111111111111111111a1111111111111111111a111111111
29023,harshil,1
29024,harshil,1
29025,harshil,1
29026,harshil,111111111111111111111111111111111111111111@1111111111111111111111111111a1111111111111111111a111111111
29027,harshil,111
29028,harshil,111111111111111111111111111111111111111111@1111111111111111111111111111a1111111111111111111a111111111
29029,harshil,1
29030,harshil,1
29031,harshil,1
29032,harshil,111111111111111111111111111111111111111111@1111111111111111111111111111a1111111111111111111a111111111
29033,harshil,111
29034,harshil,111111111111111111111111111111111111111111@1111111111111111111111111111a1111111111111111111a111111111
29035,harshil,1
29036,harshil,1
29037,harshil,1
29038,harshil,111111111111111111111111111111111111111111@1111111111111111111111111111a1111111111111111111a111111111
29039,harshil,111
29040,harshil,111111111111111111111111111111111111111111@1111111111111111111111111111a1111111111111111111a111111111
29041,harshil,1
29042,harshil,1
29043,harshil,1
29044,harshil,111111111111111111111111111111111111111111@1111111111111111111111111111a1111111111111111111a111111111
29045,harshil,111
29046,harshil,111111111111111111111111111111111111111111@1111111111111111111111111111a1111111111111111111a111111111
29047,harshil,1
29048,harshil,1
29049,harshil,1
29050,harshil,111111111111111111111111111111111111111111@1111111111111111111111111111a1111111111111111111a111111111
29051,harshil,111
29052,harshil,111111111111111111111111111111111111111111@1111111111111111111111111111a1111111111111111111a111111111
29053,harshil,1
29054,harshil,1
29055,harshil,1
29056,harshil,111111111111111111111111111111111111111111@1111111111111111111111111111a1111111111111111111a111111111
29057,harshil,111
29058,harshil,111111111111111111111111111111111111111111@1111111111111111111111111111a1111111111111111111a111111111
29059,harshil,1
29060,harshil,1
29061,harshil,1
29062,harshil,111111111111111111111111111111111111111111@1111111111111111111111111111a1111111111111111111a111111111
29063,harshil,111
29064,harshil,111111111111111111111111111111111111111111@1111111111111111111111111111a1111111111111111111a111111111
29065,harshil,1
29066,harshil,1
29067,harshil,1
29068,harshil,111111111111111111111111111111111111111111@1111111111111111111111111111a1111111111111111111a111111111
29069,harshil,111
29070,harshil,111111111111111111111111111111111111111111@1111111111111111111111111111a1111111111111111111a111111111
29071,harshil,1
29072,harshil,1
29073,harshil,1
29074,harshil,111111111111111111111111111111111111111111@1111111111111111111111111111a1111111111111111111a111111111
29075,harshil,111
29076,harshil,111111111111111111111111111111111111111111@1111111111111111111111111111a1111111111111111111a111111111
29077,harshil,1
29078,harshil,1
29079,harshil,1
29080,harshil,111111111111111111111111111111111111111111@1111111111111111111111111111a1111111111111111111a111111111
29081,harshil,111
29082,harshil,111111111111111111111111111111111111111111@1111111111111111111111111111a1111111111111111111a111111111
29083,harshil,1
29084,harshil,1
29085,harshil,1
29086,harshil,111111111111111111111111111111111111111111@1111111111111111111111111111a1111111111111111111a111111111
29087,harshil,111
29088,harshil,111111111111111111111111111111111111111111@1111111111111111111111111111a1111111111111111111a111111111
29089,harshil,1
29090,harshil,1
29091,harshil,1
29092,harshil,111111111111111111111111111111111111111111@1111111111111111111111111111a1111111111111111111a111111111
29093,harshil,111
29094,harshil,111111111111111111111111111111111111111111@1111111111111111111111111111a1111111111111111111a111111111
29095,harshil,1
29096,harshil,1
29097,harshil,1
29098,harshil,111111111111111111111111111111111111111111@1111111111111111111111111111a1111111111111111111a111111111
29099,harshil,111
29100,harshil,111111111111111111111111111111111111111111@1111111111111111111111111111a1111111111111111111a111111111
29101,harshil,1
29102,harshil,1
29103,harshil,1
29104,harshil,111111111111111111111111111111111111111111@1111111111111111111111111111a1111111111111111111a111111111
29105,harshil,111
29106,harshil,111111111111111111111111111111111111111111@1111111111111111111111111111a1111111111111111111a111111111
29107,harshil,1
29108,harshil,1
29109,harshil,1
29110,harshil,111111111111111111111111111111111111111111@1111111111111111111111111111a1111111111111111111a111111111
29111,harshil,111
29112,harshil,111111111111111111111111111111111111111111@1111111111111111111111111111a1111111111111111111a111111111
29113,harshil,1
29114,harshil,1
29115,harshil,1
29116,harshil,111111111111111111111111111111111111111111@1111111111111111111111111111a1111111111111111111a111111111
29117,harshil,111
29118,harshil,111111111111111111111111111111111111111111@1111111111111111111111111111a1111111111111111111a111111111
29119,harshil,1
29120,harshil,1
29121,harshil,1
29122,harshil,111111111111111111111111111111111111111111@1111111111111111111111111111a1111111111111111111a111111111
29123,harshil,111
29124,harshil,111111111111111111111111111111111111111111@1111111111111111111111111111a1111111111111111111a111111111
29125,harshil,1
29126,harshil,1
29127,harshil,1
29128,harshil,111111111111111111111111111111111111111111@1111111111111111111111111111a1111111111111111111a111111111
29129,harshil,111
29130,harshil,111111111111111111111111111111111111111111@1111111111111111111111111111a1111111111111111111a111111111
29131,harshil,1
29132,harshil,1
29133,harshil,1
29134,harshil,111111111111111111111111111111111111111111@1111111111111111111111111111a1111111111111111111a111111111
29135,harshil,111
29136,harshil,111111111111111111111111111111111111111111@1111111111111111111111111111a1111111111111111111a111111111
29137,harshil,1
29138,harshil,1
29139,harshil,1
29140,harshil,111111111111111111111111111111111111111111@1111111111111111111111111111a1111111111111111111a111111111
29141,harshil,111
29142,harshil,111111111111111111111111111111111111111111@1111111111111111111111111111a1111111111111111111a111111111
29143,harshil,1
29144,harshil,1
29145,harshil,1
29146,harshil,111111111111111111111111111111111111111111@1111111111111111111111111111a1111111111111111111a111111111
29147,harshil,111
29148,harshil,111111111111111111111111111111111111111111@1111111111111111111111111111a1111111111111111111a111111111
29149,harshil,1
29150,harshil,1
29151,harshil,1
29152,harshil,111111111111111111111111111111111111111111@1111111111111111111111111111a1111111111111111111a111111111
29153,harshil,111
29154,harshil,111111111111111111111111111111111111111111@1111111111111111111111111111a1111111111111111111a111111111
29155,harshil,1
29156,harshil,1
29157,harshil,1
29158,harshil,111111111111111111111111111111111111111111@1111111111111111111111111111a1111111111111111111a111111111
29159,harshil,111
29160,harshil,111111111111111111111111111111111111111111@1111111111111111111111111111a1111111111111111111a111111111
29161,harshil,1
29162,harshil,1
29163,harshil,1
29164,harshil,111111111111111111111111111111111111111111@1111111111111111111111111111a1111111111111111111a111111111
29165,harshil,111
29166,harshil,111111111111111111111111111111111111111111@1111111111111111111111111111a1111111111111111111a111111111
29167,harshil,1
29168,harshil,1
29169,harshil,1
29170,harshil,111111111111111111111111111111111111111111@1111111111111111111111111111a1111111111111111111a111111111
29171,harshil,111
29172,harshil,111111111111111111111111111111111111111111@1111111111111111111111111111a1111111111111111111a111111111
29173,harshil,1
29174,harshil,1
29175,harshil,1
29176,harshil,111111111111111111111111111111111111111111@1111111111111111111111111111a1111111111111111111a111111111
29177,harshil,111
29178,harshil,111111111111111111111111111111111111111111@1111111111111111111111111111a1111111111111111111a111111111
29179,harshil,1
29180,harshil,1
29181,harshil,1
29182,harshil,111111111111111111111111111111111111111111@1111111111111111111111111111a1111111111111111111a111111111
29183,harshil,111
29184,harshil,111111111111111111111111111111111111111111@1111111111111111111111111111a1111111111111111111a111111111
29185,harshil,1
29186,harshil,1
29187,harshil,1
29188,harshil,111111111111111111111111111111111111111111@1111111111111111111111111111a1111111111111111111a111111111
29189,harshil,111
29190,harshil,111111111111111111111111111111111111111111@1111111111111111111111111111a1111111111111111111a111111111
29191,harshil,1
29192,harshil,1
29193,harshil,1
29194,harshil,111111111111111111111111111111111111111111@1111111111111111111111111111a1111111111111111111a111111111
29195,harshil,111
29196,harshil,111111111111111111111111111111111111111111@1111111111111111111111111111a1111111111111111111a111111111
29197,harshil,1
29198,harshil,1
29199,harshil,1
29200,harshil,111111111111111111111111111111111111111111@1111111111111111111111111111a1111111111111111111a111111111
29201,harshil,111
29202,harshil,111111111111111111111111111111111111111111@1111111111111111111111111111a1111111111111111111a111111111
29203,harshil,1
29204,harshil,1
29205,harshil,1
29206,harshil,111111111111111111111111111111111111111111@1111111111111111111111111111a1111111111111111111a111111111
29207,harshil,111
29208,harshil,111111111111111111111111111111111111111111@1111111111111111111111111111a1111111111111111111a111111111
29209,harshil,1
29210,harshil,1
29211,harshil,1
29212,harshil,111111111111111111111111111111111111111111@1111111111111111111111111111a1111111111111111111a111111111
29213,harshil,111
29214,harshil,111111111111111111111111111111111111111111@1111111111111111111111111111a1111111111111111111a111111111
29215,harshil,1
29216,harshil,1
29217,harshil,1
29218,harshil,111111111111111111111111111111111111111111@1111111111111111111111111111a1111111111111111111a111111111
29219,harshil,111
29220,harshil,111111111111111111111111111111111111111111@1111111111111111111111111111a1111111111111111111a111111111
29221,harshil,1
29222,harshil,1
29223,harshil,1
29224,harshil,111111111111111111111111111111111111111111@1111111111111111111111111111a1111111111111111111a111111111
29225,harshil,111
29226,harshil,111111111111111111111111111111111111111111@1111111111111111111111111111a1111111111111111111a111111111
29227,harshil,1
29228,harshil,1
29229,harshil,1
29230,harshil,111111111111111111111111111111111111111111@1111111111111111111111111111a1111111111111111111a111111111
29231,harshil,111
29232,harshil,111111111111111111111111111111111111111111@1111111111111111111111111111a1111111111111111111a111111111
29233,harshil,1
29234,harshil,1
29235,harshil,1
29236,harshil,111111111111111111111111111111111111111111@1111111111111111111111111111a1111111111111111111a111111111
29237,harshil,111
29238,harshil,111111111111111111111111111111111111111111@1111111111111111111111111111a1111111111111111111a111111111
29239,harshil,1
29240,harshil,1
29241,harshil,1
29242,harshil,111111111111111111111111111111111111111111@1111111111111111111111111111a1111111111111111111a111111111
29243,harshil,111
29244,harshil,111111111111111111111111111111111111111111@1111111111111111111111111111a1111111111111111111a111111111
29245,harshil,1
29246,harshil,1
29247,harshil,1
29248,harshil,111111111111111111111111111111111111111111@1111111111111111111111111111a1111111111111111111a111111111
29249,harshil,111
29250,harshil,111111111111111111111111111111111111111111@1111111111111111111111111111a1111111111111111111a111111111
29251,harshil,1
29252,harshil,1
29253,harshil,1
29254,harshil,111111111111111111111111111111111111111111@1111111111111111111111111111a1111111111111111111a111111111
29255,harshil,111
29256,harshil,111111111111111111111111111111111111111111@1111111111111111111111111111a1111111111111111111a111111111
29257,harshil,1
29258,harshil,1
29259,harshil,1
29260,harshil,111111111111111111111111111111111111111111@1111111111111111111111111111a1111111111111111111a111111111
29261,harshil,111
29262,harshil,111111111111111111111111111111111111111111@1111111111111111111111111111a1111111111111111111a111111111
29263,harshil,1
29264,harshil,1
29265,harshil,1
29266,harshil,111111111111111111111111111111111111111111@1111111111111111111111111111a1111111111111111111a111111111
29267,harshil,111
29268,harshil,111111111111111111111111111111111111111111@1111111111111111111111111111a1111111111111111111a111111111
29269,harshil,1
29270,harshil,1
29271,harshil,1
29272,harshil,111111111111111111111111111111111111111111@1111111111111111111111111111a1111111111111111111a111111111
29273,harshil,111
29274,harshil,111111111111111111111111111111111111111111@1111111111111111111111111111a1111111111111111111a111111111
29275,harshil,1
29276,harshil,1
29277,harshil,1
29278,harshil,111111111111111111111111111111111111111111@1111111111111111111111111111a1111111111111111111a111111111
29279,harshil,111
29280,harshil,111111111111111111111111111111111111111111@1111111111111111111111111111a1111111111111111111a111111111
29281,harshil,1
29282,harshil,1
29283,harshil,1
29284,harshil,111111111111111111111111111111111111111111@1111111111111111111111111111a1111111111111111111a111111111
29285,harshil,111
29286,harshil,111111111111111111111111111111111111111111@1111111111111111111111111111a1111111111111111111a111111111
29287,harshil,1
29288,harshil,1
29289,harshil,1
29290,harshil,111111111111111111111111111111111111111111@1111111111111111111111111111a1111111111111111111a111111111
29291,harshil,111
29292,harshil,111111111111111111111111111111111111111111@1111111111111111111111111111a1111111111111111111a111111111
29293,harshil,1
29294,harshil,1
29295,harshil,1
29296,harshil,111111111111111111111111111111111111111111@1111111111111111111111111111a1111111111111111111a111111111
29297,harshil,111
29298,harshil,111111111111111111111111111111111111111111@1111111111111111111111111111a1111111111111111111a111111111
29299,harshil,1
29300,harshil,1
29301,harshil,1
29302,harshil,111111111111111111111111111111111111111111@1111111111111111111111111111a1111111111111111111a111111111
29303,harshil,111
29304,harshil,111111111111111111111111111111111111111111@1111111111111111111111111111a1111111111111111111a111111111
29305,harshil,1
29306,harshil,1
29307,harshil,1
29308,harshil,111111111111111111111111111111111111111111@1111111111111111111111111111a1111111111111111111a111111111
29309,harshil,111
29310,harshil,111111111111111111111111111111111111111111@1111111111111111111111111111a1111111111111111111a111111111
29311,harshil,1
29312,harshil,1
29313,harshil,1
29314,harshil,111111111111111111111111111111111111111111@1111111111111111111111111111a1111111111111111111a111111111
29315,harshil,111
29316,harshil,111111111111111111111111111111111111111111@1111111111111111111111111111a1111111111111111111a111111111
29317,harshil,1
29318,harshil,1
29319,harshil,1
29320,harshil,111111111111111111111111111111111111111111@1111111111111111111111111111a1111111111111111111a111111111
29321,harshil,111
29322,harshil,111111111111111111111111111111111111111111@1111111111111111111111111111a1111111111111111111a111111111
29323,harshil,1
29324,harshil,1
29325,harshil,1
29326,harshil,111111111111111111111111111111111111111111@1111111111111111111111111111a1111111111111111111a111111111
29327,harshil,111
29328,harshil,111111111111111111111111111111111111111111@1111111111111111111111111111a1111111111111111111a111111111
29329,harshil,1
29330,harshil,1
29331,harshil,1
29332,harshil,111111111111111111111111111111111111111111@1111111111111111111111111111a1111111111111111111a111111111
29333,harshil,111
29334,harshil,111111111111111111111111111111111111111111@1111111111111111111111111111a1111111111111111111a111111111
29335,harshil,1
29336,harshil,1
29337,harshil,1
29338,harshil,111111111111111111111111111111111111111111@1111111111111111111111111111a1111111111111111111a111111111
29339,harshil,111
29340,harshil,111111111111111111111111111111111111111111@1111111111111111111111111111a1111111111111111111a111111111
29341,harshil,1
29342,harshil,1
29343,harshil,1
29344,harshil,111111111111111111111111111111111111111111@1111111111111111111111111111a1111111111111111111a111111111
29345,harshil,111
29346,harshil,111111111111111111111111111111111111111111@1111111111111111111111111111a1111111111111111111a111111111
29347,harshil,1
29348,harshil,1
29349,harshil,1
29350,harshil,111111111111111111111111111111111111111111@1111111111111111111111111111a1111111111111111111a111111111
29351,harshil,111
29352,harshil,111111111111111111111111111111111111111111@1111111111111111111111111111a1111111111111111111a111111111
29353,harshil,1
29354,harshil,1
29355,harshil,1
29356,harshil,111111111111111111111111111111111111111111@1111111111111111111111111111a1111111111111111111a111111111
29357,harshil,111
29358,harshil,111111111111111111111111111111111111111111@1111111111111111111111111111a1111111111111111111a111111111
29359,harshil,1
29360,harshil,1
29361,harshil,1
29362,harshil,111111111111111111111111111111111111111111@1111111111111111111111111111a1111111111111111111a111111111
29363,harshil,111
29364,harshil,111111111111111111111111111111111111111111@1111111111111111111111111111a1111111111111111111a111111111
29365,harshil,1
29366,harshil,1
29367,harshil,1
29368,harshil,111111111111111111111111111111111111111111@1111111111111111111111111111a1111111111111111111a111111111
29369,harshil,111
29370,harshil,111111111111111111111111111111111111111111@1111111111111111111111111111a1111111111111111111a111111111
29371,harshil,1
29372,harshil,1
29373,harshil,1
29374,harshil,111111111111111111111111111111111111111111@1111111111111111111111111111a1111111111111111111a111111111
29375,harshil,111
29376,harshil,111111111111111111111111111111111111111111@1111111111111111111111111111a1111111111111111111a111111111
29377,harshil,1
29378,harshil,1
29379,harshil,1
29380,harshil,111111111111111111111111111111111111111111@1111111111111111111111111111a1111111111111111111a111111111
29381,harshil,111
29382,harshil,111111111111111111111111111111111111111111@1111111111111111111111111111a1111111111111111111a111111111
29383,harshil,1
29384,harshil,1
29385,harshil,1
29386,harshil,111111111111111111111111111111111111111111@1111111111111111111111111111a1111111111111111111a111111111
29387,harshil,111
29388,harshil,111111111111111111111111111111111111111111@1111111111111111111111111111a1111111111111111111a111111111
29389,harshil,1
29390,harshil,1
29391,harshil,1
29392,harshil,111111111111111111111111111111111111111111@1111111111111111111111111111a1111111111111111111a111111111
29393,harshil,111
29394,harshil,111111111111111111111111111111111111111111@1111111111111111111111111111a1111111111111111111a111111111
29395,harshil,1
29396,harshil,1
29397,harshil,1
29398,harshil,111111111111111111111111111111111111111111@1111111111111111111111111111a1111111111111111111a111111111
29399,harshil,111
29400,harshil,111111111111111111111111111111111111111111@1111111111111111111111111111a1111111111111111111a111111111
29401,harshil,1
29402,harshil,1
29403,harshil,1
29404,harshil,111111111111111111111111111111111111111111@1111111111111111111111111111a1111111111111111111a111111111
29405,harshil,111
29406,harshil,111111111111111111111111111111111111111111@1111111111111111111111111111a1111111111111111111a111111111
29407,harshil,1
29408,harshil,1
29409,harshil,1
29410,harshil,111111111111111111111111111111111111111111@1111111111111111111111111111a1111111111111111111a111111111
29411,harshil,111
29412,harshil,111111111111111111111111111111111111111111@1111111111111111111111111111a1111111111111111111a111111111
29413,harshil,1
29414,harshil,1
29415,harshil,1
29416,harshil,111111111111111111111111111111111111111111@1111111111111111111111111111a1111111111111111111a111111111
29417,harshil,111
29418,harshil,111111111111111111111111111111111111111111@1111111111111111111111111111a1111111111111111111a111111111
29419,harshil,1
29420,harshil,1
29421,harshil,1
29422,harshil,111111111111111111111111111111111111111111@1111111111111111111111111111a1111111111111111111a111111111
29423,harshil,111
29424,harshil,111111111111111111111111111111111111111111@1111111111111111111111111111a1111111111111111111a111111111
29425,harshil,1
29426,harshil,1
29427,harshil,1
29428,harshil,111111111111111111111111111111111111111111@1111111111111111111111111111a1111111111111111111a111111111
29429,harshil,111
29430,harshil,111111111111111111111111111111111111111111@1111111111111111111111111111a1111111111111111111a111111111
29431,harshil,1
29432,harshil,1
29433,harshil,1
29434,harshil,111111111111111111111111111111111111111111@1111111111111111111111111111a1111111111111111111a111111111
29435,harshil,111
29436,harshil,111111111111111111111111111111111111111111@1111111111111111111111111111a1111111111111111111a111111111
29437,harshil,1
29438,harshil,1
29439,harshil,1
29440,harshil,111111111111111111111111111111111111111111@1111111111111111111111111111a1111111111111111111a111111111
29441,harshil,111
29442,harshil,111111111111111111111111111111111111111111@1111111111111111111111111111a1111111111111111111a111111111
29443,harshil,1
29444,harshil,1
29445,harshil,1
29446,harshil,111111111111111111111111111111111111111111@1111111111111111111111111111a1111111111111111111a111111111
29447,harshil,111
29448,harshil,111111111111111111111111111111111111111111@1111111111111111111111111111a1111111111111111111a111111111
29449,harshil,1
29450,harshil,1
29451,harshil,1
29452,harshil,111111111111111111111111111111111111111111@1111111111111111111111111111a1111111111111111111a111111111
29453,harshil,111
29454,harshil,111111111111111111111111111111111111111111@1111111111111111111111111111a1111111111111111111a111111111
29455,harshil,1
29456,harshil,1
29457,harshil,1
29458,harshil,111111111111111111111111111111111111111111@1111111111111111111111111111a1111111111111111111a111111111
29459,harshil,111
29460,harshil,111111111111111111111111111111111111111111@1111111111111111111111111111a1111111111111111111a111111111
29461,harshil,1
29462,harshil,1
29463,harshil,1
29464,harshil,111111111111111111111111111111111111111111@1111111111111111111111111111a1111111111111111111a111111111
29465,harshil,111
29466,harshil,111111111111111111111111111111111111111111@1111111111111111111111111111a1111111111111111111a111111111
29467,harshil,1
29468,harshil,1
29469,harshil,1
29470,harshil,111111111111111111111111111111111111111111@1111111111111111111111111111a1111111111111111111a111111111
29471,harshil,111
29472,harshil,111111111111111111111111111111111111111111@1111111111111111111111111111a1111111111111111111a111111111
29473,harshil,1
29474,harshil,1
29475,harshil,1
29476,harshil,111111111111111111111111111111111111111111@1111111111111111111111111111a1111111111111111111a111111111
29477,harshil,111
29478,harshil,111111111111111111111111111111111111111111@1111111111111111111111111111a1111111111111111111a111111111
29479,harshil,1
29480,harshil,1
29481,harshil,1
29482,harshil,111111111111111111111111111111111111111111@1111111111111111111111111111a1111111111111111111a111111111
29483,harshil,111
29484,harshil,111111111111111111111111111111111111111111@1111111111111111111111111111a1111111111111111111a111111111
29485,harshil,1
29486,harshil,1
29487,harshil,1
29488,harshil,111111111111111111111111111111111111111111@1111111111111111111111111111a1111111111111111111a111111111
29489,harshil,111
29490,harshil,111111111111111111111111111111111111111111@1111111111111111111111111111a1111111111111111111a111111111
29491,harshil,1
29492,harshil,1
29493,harshil,1
29494,harshil,111111111111111111111111111111111111111111@1111111111111111111111111111a1111111111111111111a111111111
29495,harshil,111
29496,harshil,111111111111111111111111111111111111111111@1111111111111111111111111111a1111111111111111111a111111111
29497,harshil,1
29498,harshil,1
29499,harshil,1
29500,harshil,111111111111111111111111111111111111111111@1111111111111111111111111111a1111111111111111111a111111111
29501,harshil,111
29502,harshil,111111111111111111111111111111111111111111@1111111111111111111111111111a1111111111111111111a111111111
29503,harshil,1
29504,harshil,1
29505,harshil,1
29506,harshil,111111111111111111111111111111111111111111@1111111111111111111111111111a1111111111111111111a111111111
29507,harshil,111
29508,harshil,111111111111111111111111111111111111111111@1111111111111111111111111111a1111111111111111111a111111111
29509,harshil,1
29510,harshil,1
29511,harshil,1
29512,harshil,111111111111111111111111111111111111111111@1111111111111111111111111111a1111111111111111111a111111111
29513,harshil,111
29514,harshil,111111111111111111111111111111111111111111@1111111111111111111111111111a1111111111111111111a111111111
29515,harshil,1
29516,harshil,1
29517,harshil,1
29518,harshil,111111111111111111111111111111111111111111@1111111111111111111111111111a1111111111111111111a111111111
29519,harshil,111
29520,harshil,111111111111111111111111111111111111111111@1111111111111111111111111111a1111111111111111111a111111111
29521,harshil,1
29522,harshil,1
29523,harshil,1
29524,harshil,111111111111111111111111111111111111111111@1111111111111111111111111111a1111111111111111111a111111111
29525,harshil,111
29526,harshil,111111111111111111111111111111111111111111@1111111111111111111111111111a1111111111111111111a111111111
29527,harshil,1
29528,harshil,1
29529,harshil,1
29530,harshil,111111111111111111111111111111111111111111@1111111111111111111111111111a1111111111111111111a111111111
29531,harshil,111
29532,harshil,111111111111111111111111111111111111111111@1111111111111111111111111111a1111111111111111111a111111111
29533,harshil,1
29534,harshil,1
29535,harshil,1
29536,harshil,111111111111111111111111111111111111111111@1111111111111111111111111111a1111111111111111111a111111111
29537,harshil,111
29538,harshil,111111111111111111111111111111111111111111@1111111111111111111111111111a1111111111111111111a111111111
29539,harshil,1
29540,harshil,1
29541,harshil,1
29542,harshil,111111111111111111111111111111111111111111@1111111111111111111111111111a1111111111111111111a111111111
29543,harshil,111
29544,harshil,111111111111111111111111111111111111111111@1111111111111111111111111111a1111111111111111111a111111111
29545,harshil,1
29546,harshil,1
29547,harshil,1
29548,harshil,111111111111111111111111111111111111111111@1111111111111111111111111111a1111111111111111111a111111111
29549,harshil,111
29550,harshil,111111111111111111111111111111111111111111@1111111111111111111111111111a1111111111111111111a111111111
29551,harshil,1
29552,harshil,1
29553,harshil,1
29554,harshil,111111111111111111111111111111111111111111@1111111111111111111111111111a1111111111111111111a111111111
29555,harshil,111
29556,harshil,111111111111111111111111111111111111111111@1111111111111111111111111111a1111111111111111111a111111111
29557,harshil,1
29558,harshil,1
29559,harshil,1
29560,harshil,111111111111111111111111111111111111111111@1111111111111111111111111111a1111111111111111111a111111111
29561,harshil,111
29562,harshil,111111111111111111111111111111111111111111@1111111111111111111111111111a1111111111111111111a111111111
29563,harshil,1
29564,harshil,1
29565,harshil,1
29566,harshil,111111111111111111111111111111111111111111@1111111111111111111111111111a1111111111111111111a111111111
29567,harshil,111
29568,harshil,111111111111111111111111111111111111111111@1111111111111111111111111111a1111111111111111111a111111111
29569,harshil,1
29570,harshil,1
29571,harshil,1
29572,harshil,111111111111111111111111111111111111111111@1111111111111111111111111111a1111111111111111111a111111111
29573,harshil,111
29574,harshil,111111111111111111111111111111111111111111@1111111111111111111111111111a1111111111111111111a111111111
29575,harshil,1
29576,harshil,1
29577,harshil,1
29578,harshil,111111111111111111111111111111111111111111@1111111111111111111111111111a1111111111111111111a111111111
29579,harshil,111
29580,harshil,111111111111111111111111111111111111111111@1111111111111111111111111111a1111111111111111111a111111111
29581,harshil,1
29582,harshil,1
29583,harshil,1
29584,harshil,111111111111111111111111111111111111111111@1111111111111111111111111111a1111111111111111111a111111111
29585,harshil,111
29586,harshil,111111111111111111111111111111111111111111@1111111111111111111111111111a1111111111111111111a111111111
29587,harshil,1
29588,harshil,1
29589,harshil,1
29590,harshil,111111111111111111111111111111111111111111@1111111111111111111111111111a1111111111111111111a111111111
29591,harshil,111
29592,harshil,111111111111111111111111111111111111111111@1111111111111111111111111111a1111111111111111111a111111111
29593,harshil,1
29594,harshil,1
29595,harshil,1
29596,harshil,111111111111111111111111111111111111111111@1111111111111111111111111111a1111111111111111111a111111111
29597,harshil,111
29598,harshil,111111111111111111111111111111111111111111@1111111111111111111111111111a1111111111111111111a111111111
29599,harshil,1
29600,harshil,1
29601,harshil,1
29602,harshil,111111111111111111111111111111111111111111@1111111111111111111111111111a1111111111111111111a111111111
29603,harshil,111
29604,harshil,111111111111111111111111111111111111111111@1111111111111111111111111111a1111111111111111111a111111111
29605,harshil,1
29606,harshil,1
29607,harshil,1
29608,harshil,111111111111111111111111111111111111111111@1111111111111111111111111111a1111111111111111111a111111111
29609,harshil,111
29610,harshil,111111111111111111111111111111111111111111@1111111111111111111111111111a1111111111111111111a111111111
29611,harshil,1
29612,harshil,1
29613,harshil,1
29614,harshil,111111111111111111111111111111111111111111@1111111111111111111111111111a1111111111111111111a111111111
29615,harshil,111
29616,harshil,111111111111111111111111111111111111111111@1111111111111111111111111111a1111111111111111111a111111111
29617,harshil,1
29618,harshil,1
29619,harshil,1
29620,harshil,111111111111111111111111111111111111111111@1111111111111111111111111111a1111111111111111111a111111111
29621,harshil,111
29622,harshil,111111111111111111111111111111111111111111@1111111111111111111111111111a1111111111111111111a111111111
29623,harshil,1
29624,harshil,1
29625,harshil,1
29626,harshil,111111111111111111111111111111111111111111@1111111111111111111111111111a1111111111111111111a111111111
29627,harshil,111
29628,harshil,111111111111111111111111111111111111111111@1111111111111111111111111111a1111111111111111111a111111111
29629,harshil,1
29630,harshil,1
29631,harshil,1
29632,harshil,111111111111111111111111111111111111111111@1111111111111111111111111111a1111111111111111111a111111111
29633,harshil,111
29634,harshil,111111111111111111111111111111111111111111@1111111111111111111111111111a1111111111111111111a111111111
29635,harshil,1
29636,harshil,1
29637,harshil,1
29638,harshil,111111111111111111111111111111111111111111@1111111111111111111111111111a1111111111111111111a111111111
29639,harshil,111
29640,harshil,111111111111111111111111111111111111111111@1111111111111111111111111111a1111111111111111111a111111111
29641,harshil,1
29642,harshil,1
29643,harshil,1
29644,harshil,111111111111111111111111111111111111111111@1111111111111111111111111111a1111111111111111111a111111111
29645,harshil,111
29646,harshil,111111111111111111111111111111111111111111@1111111111111111111111111111a1111111111111111111a111111111
29647,harshil,1
29648,harshil,1
29649,harshil,1
29650,harshil,111111111111111111111111111111111111111111@1111111111111111111111111111a1111111111111111111a111111111
29651,harshil,111
29652,harshil,111111111111111111111111111111111111111111@1111111111111111111111111111a1111111111111111111a111111111
29653,harshil,1
29654,harshil,1
29655,harshil,1
29656,harshil,111111111111111111111111111111111111111111@1111111111111111111111111111a1111111111111111111a111111111
29657,harshil,111
29658,harshil,111111111111111111111111111111111111111111@1111111111111111111111111111a1111111111111111111a111111111
29659,harshil,1
29660,harshil,1
29661,harshil,1
29662,harshil,111111111111111111111111111111111111111111@1111111111111111111111111111a1111111111111111111a111111111
29663,harshil,111
29664,harshil,111111111111111111111111111111111111111111@1111111111111111111111111111a1111111111111111111a111111111
29665,harshil,1
29666,harshil,1
29667,harshil,1
29668,harshil,111111111111111111111111111111111111111111@1111111111111111111111111111a1111111111111111111a111111111
29669,harshil,111
29670,harshil,111111111111111111111111111111111111111111@1111111111111111111111111111a1111111111111111111a111111111
29671,harshil,1
29672,harshil,1
29673,harshil,1
29674,harshil,111111111111111111111111111111111111111111@1111111111111111111111111111a1111111111111111111a111111111
29675,harshil,111
29676,harshil,111111111111111111111111111111111111111111@1111111111111111111111111111a1111111111111111111a111111111
29677,harshil,1
29678,harshil,1
29679,harshil,1
29680,harshil,111111111111111111111111111111111111111111@1111111111111111111111111111a1111111111111111111a111111111
29681,harshil,111
29682,harshil,111111111111111111111111111111111111111111@1111111111111111111111111111a1111111111111111111a111111111
29683,harshil,1
29684,harshil,1
29685,harshil,1
29686,harshil,111111111111111111111111111111111111111111@1111111111111111111111111111a1111111111111111111a111111111
29687,harshil,111
29688,harshil,111111111111111111111111111111111111111111@1111111111111111111111111111a1111111111111111111a111111111
29689,harshil,1
29690,harshil,1
29691,harshil,1
29692,harshil,111111111111111111111111111111111111111111@1111111111111111111111111111a1111111111111111111a111111111
29693,harshil,111
29694,harshil,111111111111111111111111111111111111111111@1111111111111111111111111111a1111111111111111111a111111111
29695,harshil,1
29696,harshil,1
29697,harshil,1
29698,harshil,111111111111111111111111111111111111111111@1111111111111111111111111111a1111111111111111111a111111111
29699,harshil,111
29700,harshil,111111111111111111111111111111111111111111@1111111111111111111111111111a1111111111111111111a111111111
29701,harshil,1
29702,harshil,1
29703,harshil,1
29704,harshil,111111111111111111111111111111111111111111@1111111111111111111111111111a1111111111111111111a111111111
29705,harshil,111
29706,harshil,111111111111111111111111111111111111111111@1111111111111111111111111111a1111111111111111111a111111111
29707,harshil,1
29708,harshil,1
29709,harshil,1
29710,harshil,111111111111111111111111111111111111111111@1111111111111111111111111111a1111111111111111111a111111111
29711,harshil,111
29712,harshil,111111111111111111111111111111111111111111@1111111111111111111111111111a1111111111111111111a111111111
29713,harshil,1
29714,harshil,1
29715,harshil,1
29716,harshil,111111111111111111111111111111111111111111@1111111111111111111111111111a1111111111111111111a111111111
29717,harshil,111
29718,harshil,111111111111111111111111111111111111111111@1111111111111111111111111111a1111111111111111111a111111111
29719,harshil,1
29720,harshil,1
29721,harshil,1
29722,harshil,111111111111111111111111111111111111111111@1111111111111111111111111111a1111111111111111111a111111111
29723,harshil,111
29724,harshil,111111111111111111111111111111111111111111@1111111111111111111111111111a1111111111111111111a111111111
29725,harshil,1
29726,harshil,1
29727,harshil,1
29728,harshil,111111111111111111111111111111111111111111@1111111111111111111111111111a1111111111111111111a111111111
29729,harshil,111
29730,harshil,111111111111111111111111111111111111111111@1111111111111111111111111111a1111111111111111111a111111111
29731,harshil,1
29732,harshil,1
29733,harshil,1
29734,harshil,111111111111111111111111111111111111111111@1111111111111111111111111111a1111111111111111111a111111111
29735,harshil,111
29736,harshil,111111111111111111111111111111111111111111@1111111111111111111111111111a1111111111111111111a111111111
29737,harshil,1
29738,harshil,1
29739,harshil,1
29740,harshil,111111111111111111111111111111111111111111@1111111111111111111111111111a1111111111111111111a111111111
29741,harshil,111
29742,harshil,111111111111111111111111111111111111111111@1111111111111111111111111111a1111111111111111111a111111111
29743,harshil,1
29744,harshil,1
29745,harshil,1
29746,harshil,111111111111111111111111111111111111111111@1111111111111111111111111111a1111111111111111111a111111111
29747,harshil,111
29748,harshil,111111111111111111111111111111111111111111@1111111111111111111111111111a1111111111111111111a111111111
29749,harshil,1
29750,harshil,1
29751,harshil,1
29752,harshil,111111111111111111111111111111111111111111@1111111111111111111111111111a1111111111111111111a111111111
29753,harshil,111
29754,harshil,111111111111111111111111111111111111111111@1111111111111111111111111111a1111111111111111111a111111111
29755,harshil,1
29756,harshil,1
29757,harshil,1
29758,harshil,111111111111111111111111111111111111111111@1111111111111111111111111111a1111111111111111111a111111111
29759,harshil,111
29760,harshil,111111111111111111111111111111111111111111@1111111111111111111111111111a1111111111111111111a111111111
29761,harshil,1
29762,harshil,1
29763,harshil,1
29764,harshil,111111111111111111111111111111111111111111@1111111111111111111111111111a1111111111111111111a111111111
29765,harshil,111
29766,harshil,111111111111111111111111111111111111111111@1111111111111111111111111111a1111111111111111111a111111111
29767,harshil,1
29768,harshil,1
29769,harshil,1
29770,harshil,111111111111111111111111111111111111111111@1111111111111111111111111111a1111111111111111111a111111111
29771,harshil,111
29772,harshil,111111111111111111111111111111111111111111@1111111111111111111111111111a1111111111111111111a111111111
29773,harshil,1
29774,harshil,1
29775,harshil,1
29776,harshil,111111111111111111111111111111111111111111@1111111111111111111111111111a1111111111111111111a111111111
29777,harshil,111
29778,harshil,111111111111111111111111111111111111111111@1111111111111111111111111111a1111111111111111111a111111111
29779,harshil,1
29780,harshil,1
29781,harshil,1
29782,harshil,111111111111111111111111111111111111111111@1111111111111111111111111111a1111111111111111111a111111111
29783,harshil,111
29784,harshil,111111111111111111111111111111111111111111@1111111111111111111111111111a1111111111111111111a111111111
29785,harshil,1
29786,harshil,1
29787,harshil,1
29788,harshil,111111111111111111111111111111111111111111@1111111111111111111111111111a1111111111111111111a111111111
29789,harshil,111
29790,harshil,111111111111111111111111111111111111111111@1111111111111111111111111111a1111111111111111111a111111111
29791,harshil,1
29792,harshil,1
29793,harshil,1
29794,harshil,111111111111111111111111111111111111111111@1111111111111111111111111111a1111111111111111111a111111111
29795,harshil,111
29796,harshil,111111111111111111111111111111111111111111@1111111111111111111111111111a1111111111111111111a111111111
29797,harshil,1
29798,harshil,1
29799,harshil,1
29800,harshil,111111111111111111111111111111111111111111@1111111111111111111111111111a1111111111111111111a111111111
29801,harshil,111
29802,harshil,111111111111111111111111111111111111111111@1111111111111111111111111111a1111111111111111111a111111111
29803,harshil,1
29804,harshil,1
29805,harshil,1
29806,harshil,111111111111111111111111111111111111111111@1111111111111111111111111111a1111111111111111111a111111111
29807,harshil,111
29808,harshil,111111111111111111111111111111111111111111@1111111111111111111111111111a1111111111111111111a111111111
29809,harshil,1
29810,harshil,1
29811,harshil,1
29812,harshil,111111111111111111111111111111111111111111@1111111111111111111111111111a1111111111111111111a111111111
29813,harshil,111
29814,harshil,111111111111111111111111111111111111111111@1111111111111111111111111111a1111111111111111111a111111111
29815,harshil,1
29816,harshil,1
29817,harshil,1
29818,harshil,111111111111111111111111111111111111111111@1111111111111111111111111111a1111111111111111111a111111111
29819,harshil,111
29820,harshil,111111111111111111111111111111111111111111@1111111111111111111111111111a1111111111111111111a111111111
29821,harshil,1
29822,harshil,1
29823,harshil,1
29824,harshil,111111111111111111111111111111111111111111@1111111111111111111111111111a1111111111111111111a111111111
29825,harshil,111
29826,harshil,111111111111111111111111111111111111111111@1111111111111111111111111111a1111111111111111111a111111111
29827,harshil,1
29828,harshil,1
29829,harshil,1
29830,harshil,111111111111111111111111111111111111111111@1111111111111111111111111111a1111111111111111111a111111111
29831,harshil,111
29832,harshil,111111111111111111111111111111111111111111@1111111111111111111111111111a1111111111111111111a111111111
29833,harshil,1
29834,harshil,1
29835,harshil,1
29836,harshil,111111111111111111111111111111111111111111@1111111111111111111111111111a1111111111111111111a111111111
29837,harshil,111
29838,harshil,111111111111111111111111111111111111111111@1111111111111111111111111111a1111111111111111111a111111111
29839,harshil,1
29840,harshil,1
29841,harshil,1
29842,harshil,111111111111111111111111111111111111111111@1111111111111111111111111111a1111111111111111111a111111111
29843,harshil,111
29844,harshil,111111111111111111111111111111111111111111@1111111111111111111111111111a1111111111111111111a111111111
29845,harshil,1
29846,harshil,1
29847,harshil,1
29848,harshil,111111111111111111111111111111111111111111@1111111111111111111111111111a1111111111111111111a111111111
29849,harshil,111
29850,harshil,111111111111111111111111111111111111111111@1111111111111111111111111111a1111111111111111111a111111111
29851,harshil,1
29852,harshil,1
29853,harshil,1
29854,harshil,111111111111111111111111111111111111111111@1111111111111111111111111111a1111111111111111111a111111111
29855,harshil,111
29856,harshil,111111111111111111111111111111111111111111@1111111111111111111111111111a1111111111111111111a111111111
29857,harshil,1
29858,harshil,1
29859,harshil,1
29860,harshil,111111111111111111111111111111111111111111@1111111111111111111111111111a1111111111111111111a111111111
29861,harshil,111
29862,harshil,111111111111111111111111111111111111111111@1111111111111111111111111111a1111111111111111111a111111111
29863,harshil,1
29864,harshil,1
29865,harshil,1
29866,harshil,111111111111111111111111111111111111111111@1111111111111111111111111111a1111111111111111111a111111111
29867,harshil,111
29868,harshil,111111111111111111111111111111111111111111@1111111111111111111111111111a1111111111111111111a111111111
29869,harshil,1
29870,harshil,1
29871,harshil,1
29872,harshil,111111111111111111111111111111111111111111@1111111111111111111111111111a1111111111111111111a111111111
29873,harshil,111
29874,harshil,111111111111111111111111111111111111111111@1111111111111111111111111111a1111111111111111111a111111111
29875,harshil,1
29876,harshil,1
29877,harshil,1
29878,harshil,111111111111111111111111111111111111111111@1111111111111111111111111111a1111111111111111111a111111111
29879,harshil,111
29880,harshil,111111111111111111111111111111111111111111@1111111111111111111111111111a1111111111111111111a111111111
29881,harshil,1
29882,harshil,1
29883,harshil,1
29884,harshil,111111111111111111111111111111111111111111@1111111111111111111111111111a1111111111111111111a111111111
29885,harshil,111
29886,harshil,111111111111111111111111111111111111111111@1111111111111111111111111111a1111111111111111111a111111111
29887,harshil,1
29888,harshil,1
29889,harshil,1
29890,harshil,111111111111111111111111111111111111111111@1111111111111111111111111111a1111111111111111111a111111111
29891,harshil,111
29892,harshil,111111111111111111111111111111111111111111@1111111111111111111111111111a1111111111111111111a111111111
29893,harshil,1
29894,harshil,1
29895,harshil,1
29896,harshil,111111111111111111111111111111111111111111@1111111111111111111111111111a1111111111111111111a111111111
29897,harshil,111
29898,harshil,111111111111111111111111111111111111111111@1111111111111111111111111111a1111111111111111111a111111111
29899,harshil,1
29900,harshil,1
29901,harshil,1
29902,harshil,111111111111111111111111111111111111111111@1111111111111111111111111111a1111111111111111111a111111111
29903,harshil,111
29904,harshil,111111111111111111111111111111111111111111@1111111111111111111111111111a1111111111111111111a111111111
29905,harshil,1
29906,harshil,1
29907,harshil,1
29908,harshil,111111111111111111111111111111111111111111@1111111111111111111111111111a1111111111111111111a111111111
29909,harshil,111
29910,harshil,111111111111111111111111111111111111111111@1111111111111111111111111111a1111111111111111111a111111111
29911,harshil,1
29912,harshil,1
29913,harshil,1
29914,harshil,111111111111111111111111111111111111111111@1111111111111111111111111111a1111111111111111111a111111111
29915,harshil,111
29916,harshil,111111111111111111111111111111111111111111@1111111111111111111111111111a1111111111111111111a111111111
29917,harshil,1
29918,harshil,1
29919,harshil,1
29920,harshil,111111111111111111111111111111111111111111@1111111111111111111111111111a1111111111111111111a111111111
29921,harshil,111
29922,harshil,111111111111111111111111111111111111111111@1111111111111111111111111111a1111111111111111111a111111111
29923,harshil,1
29924,harshil,1
29925,harshil,1
29926,harshil,111111111111111111111111111111111111111111@1111111111111111111111111111a1111111111111111111a111111111
29927,harshil,111
29928,harshil,111111111111111111111111111111111111111111@1111111111111111111111111111a1111111111111111111a111111111
29929,harshil,1
29930,harshil,1
29931,harshil,1
29932,harshil,111111111111111111111111111111111111111111@1111111111111111111111111111a1111111111111111111a111111111
29933,harshil,111
29934,harshil,111111111111111111111111111111111111111111@1111111111111111111111111111a1111111111111111111a111111111
29935,harshil,1
29936,harshil,1
29937,harshil,1
29938,harshil,111111111111111111111111111111111111111111@1111111111111111111111111111a1111111111111111111a111111111
29939,harshil,111
29940,harshil,111111111111111111111111111111111111111111@1111111111111111111111111111a1111111111111111111a111111111
29941,harshil,1
29942,harshil,1
29943,harshil,1
29944,harshil,111111111111111111111111111111111111111111@1111111111111111111111111111a1111111111111111111a111111111
29945,harshil,111
29946,harshil,111111111111111111111111111111111111111111@1111111111111111111111111111a1111111111111111111a111111111
29947,harshil,1
29948,harshil,1
29949,harshil,1
29950,harshil,111111111111111111111111111111111111111111@1111111111111111111111111111a1111111111111111111a111111111
29951,harshil,111
29952,harshil,111111111111111111111111111111111111111111@1111111111111111111111111111a1111111111111111111a111111111
29953,harshil,1
29954,harshil,1
29955,harshil,1
29956,harshil,111111111111111111111111111111111111111111@1111111111111111111111111111a1111111111111111111a111111111
29957,harshil,111
29958,harshil,111111111111111111111111111111111111111111@1111111111111111111111111111a1111111111111111111a111111111
29959,harshil,1
29960,harshil,1
29961,harshil,1
29962,harshil,111111111111111111111111111111111111111111@1111111111111111111111111111a1111111111111111111a111111111
29963,harshil,111
29964,harshil,111111111111111111111111111111111111111111@1111111111111111111111111111a1111111111111111111a111111111
29965,harshil,1
29966,harshil,1
29967,harshil,1
29968,harshil,111111111111111111111111111111111111111111@1111111111111111111111111111a1111111111111111111a111111111
29969,harshil,111
29970,harshil,111111111111111111111111111111111111111111@1111111111111111111111111111a1111111111111111111a111111111
29971,harshil,1
29972,harshil,1
29973,harshil,1
29974,harshil,111111111111111111111111111111111111111111@1111111111111111111111111111a1111111111111111111a111111111
29975,harshil,111
29976,harshil,111111111111111111111111111111111111111111@1111111111111111111111111111a1111111111111111111a111111111
29977,harshil,1
29978,harshil,1
29979,harshil,1
29980,harshil,111111111111111111111111111111111111111111@1111111111111111111111111111a1111111111111111111a111111111
29981,harshil,111
29982,harshil,111111111111111111111111111111111111111111@1111111111111111111111111111a1111111111111111111a111111111
29983,harshil,1
29984,harshil,1
29985,harshil,1
29986,harshil,111111111111111111111111111111111111111111@1111111111111111111111111111a1111111111111111111a111111111
29987,harshil,111
29988,harshil,111111111111111111111111111111111111111111@1111111111111111111111111111a1111111111111111111a111111111
29989,harshil,1
29990,harshil,1
29991,harshil,1
29992,harshil,111111111111111111111111111111111111111111@1111111111111111111111111111a1111111111111111111a111111111
29993,harshil,111
29994,harshil,111111111111111111111111111111111111111111@1111111111111111111111111111a1111111111111111111a111111111
29995,harshil,1
29996,harshil,1
29997,harshil,1
29998,harshil,111111111111111111111111111111111111111111@1111111111111111111111111111a1111111111111111111a111111111
29999,harshil,111
30000,harshil,111111111111111111111111111111111111111111@1111111111111111111111111111a1111111111111111111a111111111
30001,harshil,1
30002,harshil,1
30003,harshil,1
30004,harshil,111111111111111111111111111111111111111111@1111111111111111111111111111a1111111111111111111a111111111
30005,harshil,111
30006,harshil,111111111111111111111111111111111111111111@1111111111111111111111111111a1111111111111111111a111111111
30007,harshil,1
30008,harshil,1
30009,harshil,1
30010,harshil,111111111111111111111111111111111111111111@1111111111111111111111111111a1111111111111111111a111111111
30011,harshil,111
30012,harshil,111111111111111111111111111111111111111111@1111111111111111111111111111a1111111111111111111a111111111
30013,harshil,1
30014,harshil,1
30015,harshil,1
30016,harshil,111111111111111111111111111111111111111111@1111111111111111111111111111a1111111111111111111a111111111
30017,harshil,111
30018,harshil,111111111111111111111111111111111111111111@1111111111111111111111111111a1111111111111111111a111111111
30019,harshil,1
30020,harshil,1
30021,harshil,1
30022,harshil,111111111111111111111111111111111111111111@1111111111111111111111111111a1111111111111111111a111111111
30023,harshil,111
30024,harshil,111111111111111111111111111111111111111111@1111111111111111111111111111a1111111111111111111a111111111
30025,harshil,1
30026,harshil,1
30027,harshil,1
30028,harshil,111111111111111111111111111111111111111111@1111111111111111111111111111a1111111111111111111a111111111
30029,harshil,111
30030,harshil,111111111111111111111111111111111111111111@1111111111111111111111111111a1111111111111111111a111111111
30031,harshil,1
30032,harshil,1
30033,harshil,1
30034,harshil,111111111111111111111111111111111111111111@1111111111111111111111111111a1111111111111111111a111111111
30035,harshil,111
30036,harshil,111111111111111111111111111111111111111111@1111111111111111111111111111a1111111111111111111a111111111
30037,harshil,1
30038,harshil,1
30039,harshil,1
30040,harshil,111111111111111111111111111111111111111111@1111111111111111111111111111a1111111111111111111a111111111
30041,harshil,111
30042,harshil,111111111111111111111111111111111111111111@1111111111111111111111111111a1111111111111111111a111111111
30043,harshil,1
30044,harshil,1
30045,harshil,1
30046,harshil,111111111111111111111111111111111111111111@1111111111111111111111111111a1111111111111111111a111111111
30047,harshil,111
30048,harshil,111111111111111111111111111111111111111111@1111111111111111111111111111a1111111111111111111a111111111
30049,harshil,1
30050,harshil,1
30051,harshil,1
30052,harshil,111111111111111111111111111111111111111111@1111111111111111111111111111a1111111111111111111a111111111
30053,harshil,111
30054,harshil,111111111111111111111111111111111111111111@1111111111111111111111111111a1111111111111111111a111111111
30055,harshil,1
30056,harshil,1
30057,harshil,1
30058,harshil,111111111111111111111111111111111111111111@1111111111111111111111111111a1111111111111111111a111111111
30059,harshil,111
30060,harshil,111111111111111111111111111111111111111111@1111111111111111111111111111a1111111111111111111a111111111
30061,harshil,1
30062,harshil,1
30063,harshil,1
30064,harshil,111111111111111111111111111111111111111111@1111111111111111111111111111a1111111111111111111a111111111
30065,harshil,111
30066,harshil,111111111111111111111111111111111111111111@1111111111111111111111111111a1111111111111111111a111111111
30067,harshil,1
30068,harshil,1
30069,harshil,1
30070,harshil,111111111111111111111111111111111111111111@1111111111111111111111111111a1111111111111111111a111111111
30071,harshil,111
30072,harshil,111111111111111111111111111111111111111111@1111111111111111111111111111a1111111111111111111a111111111
30073,harshil,1
30074,harshil,1
30075,harshil,1
30076,harshil,111111111111111111111111111111111111111111@1111111111111111111111111111a1111111111111111111a111111111
30077,harshil,111
30078,harshil,111111111111111111111111111111111111111111@1111111111111111111111111111a1111111111111111111a111111111
30079,harshil,1
30080,harshil,1
30081,harshil,1
30082,harshil,111111111111111111111111111111111111111111@1111111111111111111111111111a1111111111111111111a111111111
30083,harshil,111
30084,harshil,111111111111111111111111111111111111111111@1111111111111111111111111111a1111111111111111111a111111111
30085,harshil,1
30086,harshil,1
30087,harshil,1
30088,harshil,111111111111111111111111111111111111111111@1111111111111111111111111111a1111111111111111111a111111111
30089,harshil,111
30090,harshil,111111111111111111111111111111111111111111@1111111111111111111111111111a1111111111111111111a111111111
30091,harshil,1
30092,harshil,1
30093,harshil,1
30094,harshil,111111111111111111111111111111111111111111@1111111111111111111111111111a1111111111111111111a111111111
30095,harshil,111
30096,harshil,111111111111111111111111111111111111111111@1111111111111111111111111111a1111111111111111111a111111111
30097,harshil,1
30098,harshil,1
30099,harshil,1
30100,harshil,111111111111111111111111111111111111111111@1111111111111111111111111111a1111111111111111111a111111111
30101,harshil,111
30102,harshil,111111111111111111111111111111111111111111@1111111111111111111111111111a1111111111111111111a111111111
30103,harshil,1
30104,harshil,1
30105,harshil,1
30106,harshil,111111111111111111111111111111111111111111@1111111111111111111111111111a1111111111111111111a111111111
30107,harshil,111
30108,harshil,111111111111111111111111111111111111111111@1111111111111111111111111111a1111111111111111111a111111111
30109,harshil,1
30110,harshil,1
30111,harshil,1
30112,harshil,111111111111111111111111111111111111111111@1111111111111111111111111111a1111111111111111111a111111111
30113,harshil,111
30114,harshil,111111111111111111111111111111111111111111@1111111111111111111111111111a1111111111111111111a111111111
30115,harshil,1
30116,harshil,1
30117,harshil,1
30118,harshil,111111111111111111111111111111111111111111@1111111111111111111111111111a1111111111111111111a111111111
30119,harshil,111
30120,harshil,111111111111111111111111111111111111111111@1111111111111111111111111111a1111111111111111111a111111111
30121,harshil,1
30122,harshil,1
30123,harshil,1
30124,harshil,111111111111111111111111111111111111111111@1111111111111111111111111111a1111111111111111111a111111111
30125,harshil,111
30126,harshil,111111111111111111111111111111111111111111@1111111111111111111111111111a1111111111111111111a111111111
30127,harshil,1
30128,harshil,1
30129,harshil,1
30130,harshil,111111111111111111111111111111111111111111@1111111111111111111111111111a1111111111111111111a111111111
30131,harshil,111
30132,harshil,111111111111111111111111111111111111111111@1111111111111111111111111111a1111111111111111111a111111111
30133,harshil,1
30134,harshil,1
30135,harshil,1
30136,harshil,111111111111111111111111111111111111111111@1111111111111111111111111111a1111111111111111111a111111111
30137,harshil,111
30138,harshil,111111111111111111111111111111111111111111@1111111111111111111111111111a1111111111111111111a111111111
30139,harshil,1
30140,harshil,1
30141,harshil,1
30142,harshil,111111111111111111111111111111111111111111@1111111111111111111111111111a1111111111111111111a111111111
30143,harshil,111
30144,harshil,111111111111111111111111111111111111111111@1111111111111111111111111111a1111111111111111111a111111111
30145,harshil,1
30146,harshil,1
30147,harshil,1
30148,harshil,111111111111111111111111111111111111111111@1111111111111111111111111111a1111111111111111111a111111111
30149,harshil,111
30150,harshil,111111111111111111111111111111111111111111@1111111111111111111111111111a1111111111111111111a111111111
30151,harshil,1
30152,harshil,1
30153,harshil,1
30154,harshil,111111111111111111111111111111111111111111@1111111111111111111111111111a1111111111111111111a111111111
30155,harshil,111
30156,harshil,111111111111111111111111111111111111111111@1111111111111111111111111111a1111111111111111111a111111111
30157,harshil,1
30158,harshil,1
30159,harshil,1
30160,harshil,111111111111111111111111111111111111111111@1111111111111111111111111111a1111111111111111111a111111111
30161,harshil,111
30162,harshil,111111111111111111111111111111111111111111@1111111111111111111111111111a1111111111111111111a111111111
30163,harshil,1
30164,harshil,1
30165,harshil,1
30166,harshil,111111111111111111111111111111111111111111@1111111111111111111111111111a1111111111111111111a111111111
30167,harshil,111
30168,harshil,111111111111111111111111111111111111111111@1111111111111111111111111111a1111111111111111111a111111111
30169,harshil,1
30170,harshil,1
30171,harshil,1
30172,harshil,111111111111111111111111111111111111111111@1111111111111111111111111111a1111111111111111111a111111111
30173,harshil,111
30174,harshil,111111111111111111111111111111111111111111@1111111111111111111111111111a1111111111111111111a111111111
30175,harshil,1
30176,harshil,1
30177,harshil,1
30178,harshil,111111111111111111111111111111111111111111@1111111111111111111111111111a1111111111111111111a111111111
30179,harshil,111
30180,harshil,111111111111111111111111111111111111111111@1111111111111111111111111111a1111111111111111111a111111111
30181,harshil,1
30182,harshil,1
30183,harshil,1
30184,harshil,111111111111111111111111111111111111111111@1111111111111111111111111111a1111111111111111111a111111111
30185,harshil,111
30186,harshil,111111111111111111111111111111111111111111@1111111111111111111111111111a1111111111111111111a111111111
30187,harshil,1
30188,harshil,1
30189,harshil,1
30190,harshil,111111111111111111111111111111111111111111@1111111111111111111111111111a1111111111111111111a111111111
30191,harshil,111
30192,harshil,111111111111111111111111111111111111111111@1111111111111111111111111111a1111111111111111111a111111111
30193,harshil,1
30194,harshil,1
30195,harshil,1
30196,harshil,111111111111111111111111111111111111111111@1111111111111111111111111111a1111111111111111111a111111111
30197,harshil,111
30198,harshil,111111111111111111111111111111111111111111@1111111111111111111111111111a1111111111111111111a111111111
30199,harshil,1
30200,harshil,1
30201,harshil,1
30202,harshil,111111111111111111111111111111111111111111@1111111111111111111111111111a1111111111111111111a111111111
30203,harshil,111
30204,harshil,111111111111111111111111111111111111111111@1111111111111111111111111111a1111111111111111111a111111111
30205,harshil,1
30206,harshil,1
30207,harshil,1
30208,harshil,111111111111111111111111111111111111111111@1111111111111111111111111111a1111111111111111111a111111111
30209,harshil,111
30210,harshil,111111111111111111111111111111111111111111@1111111111111111111111111111a1111111111111111111a111111111
30211,harshil,1
30212,harshil,1
30213,harshil,1
30214,harshil,111111111111111111111111111111111111111111@1111111111111111111111111111a1111111111111111111a111111111
30215,harshil,111
30216,harshil,111111111111111111111111111111111111111111@1111111111111111111111111111a1111111111111111111a111111111
30217,harshil,1
30218,harshil,1
30219,harshil,1
30220,harshil,111111111111111111111111111111111111111111@1111111111111111111111111111a1111111111111111111a111111111
30221,harshil,111
30222,harshil,111111111111111111111111111111111111111111@1111111111111111111111111111a1111111111111111111a111111111
30223,harshil,1
30224,harshil,1
30225,harshil,1
30226,harshil,111111111111111111111111111111111111111111@1111111111111111111111111111a1111111111111111111a111111111
30227,harshil,111
30228,harshil,111111111111111111111111111111111111111111@1111111111111111111111111111a1111111111111111111a111111111
30229,harshil,1
30230,harshil,1
30231,harshil,1
30232,harshil,111111111111111111111111111111111111111111@1111111111111111111111111111a1111111111111111111a111111111
30233,harshil,111
30234,harshil,111111111111111111111111111111111111111111@1111111111111111111111111111a1111111111111111111a111111111
30235,harshil,1
30236,harshil,1
30237,harshil,1
30238,harshil,111111111111111111111111111111111111111111@1111111111111111111111111111a1111111111111111111a111111111
30239,harshil,111
30240,harshil,111111111111111111111111111111111111111111@1111111111111111111111111111a1111111111111111111a111111111
30241,harshil,1
30242,harshil,1
30243,harshil,1
30244,harshil,111111111111111111111111111111111111111111@1111111111111111111111111111a1111111111111111111a111111111
30245,harshil,111
30246,harshil,111111111111111111111111111111111111111111@1111111111111111111111111111a1111111111111111111a111111111
30247,harshil,1
30248,harshil,1
30249,harshil,1
30250,harshil,111111111111111111111111111111111111111111@1111111111111111111111111111a1111111111111111111a111111111
30251,harshil,111
30252,harshil,111111111111111111111111111111111111111111@1111111111111111111111111111a1111111111111111111a111111111
30253,harshil,1
30254,harshil,1
30255,harshil,1
30256,harshil,111111111111111111111111111111111111111111@1111111111111111111111111111a1111111111111111111a111111111
30257,harshil,111
30258,harshil,111111111111111111111111111111111111111111@1111111111111111111111111111a1111111111111111111a111111111
30259,harshil,1
30260,harshil,1
30261,harshil,1
30262,harshil,111111111111111111111111111111111111111111@1111111111111111111111111111a1111111111111111111a111111111
30263,harshil,111
30264,harshil,111111111111111111111111111111111111111111@1111111111111111111111111111a1111111111111111111a111111111
30265,harshil,1
30266,harshil,1
30267,harshil,1
30268,harshil,111111111111111111111111111111111111111111@1111111111111111111111111111a1111111111111111111a111111111
30269,harshil,111
30270,harshil,111111111111111111111111111111111111111111@1111111111111111111111111111a1111111111111111111a111111111
30271,harshil,1
30272,harshil,1
30273,harshil,1
30274,harshil,111111111111111111111111111111111111111111@1111111111111111111111111111a1111111111111111111a111111111
30275,harshil,111
30276,harshil,111111111111111111111111111111111111111111@1111111111111111111111111111a1111111111111111111a111111111
30277,harshil,1
30278,harshil,1
30279,harshil,1
30280,harshil,111111111111111111111111111111111111111111@1111111111111111111111111111a1111111111111111111a111111111
30281,harshil,111
30282,harshil,111111111111111111111111111111111111111111@1111111111111111111111111111a1111111111111111111a111111111
30283,harshil,1
30284,harshil,1
30285,harshil,1
30286,harshil,111111111111111111111111111111111111111111@1111111111111111111111111111a1111111111111111111a111111111
30287,harshil,111
30288,harshil,111111111111111111111111111111111111111111@1111111111111111111111111111a1111111111111111111a111111111
30289,harshil,1
30290,harshil,1
30291,harshil,1
30292,harshil,111111111111111111111111111111111111111111@1111111111111111111111111111a1111111111111111111a111111111
30293,harshil,111
30294,harshil,111111111111111111111111111111111111111111@1111111111111111111111111111a1111111111111111111a111111111
30295,harshil,1
30296,harshil,1
30297,harshil,1
30298,harshil,111111111111111111111111111111111111111111@1111111111111111111111111111a1111111111111111111a111111111
30299,harshil,111
30300,harshil,111111111111111111111111111111111111111111@1111111111111111111111111111a1111111111111111111a111111111
30301,harshil,1
30302,harshil,1
30303,harshil,1
30304,harshil,111111111111111111111111111111111111111111@1111111111111111111111111111a1111111111111111111a111111111
30305,harshil,111
30306,harshil,111111111111111111111111111111111111111111@1111111111111111111111111111a1111111111111111111a111111111
30307,harshil,1
30308,harshil,1
30309,harshil,1
30310,harshil,111111111111111111111111111111111111111111@1111111111111111111111111111a1111111111111111111a111111111
30311,harshil,111
30312,harshil,111111111111111111111111111111111111111111@1111111111111111111111111111a1111111111111111111a111111111
30313,harshil,1
30314,harshil,1
30315,harshil,1
30316,harshil,111111111111111111111111111111111111111111@1111111111111111111111111111a1111111111111111111a111111111
30317,harshil,111
30318,harshil,111111111111111111111111111111111111111111@1111111111111111111111111111a1111111111111111111a111111111
30319,harshil,1
30320,harshil,1
30321,harshil,1
30322,harshil,111111111111111111111111111111111111111111@1111111111111111111111111111a1111111111111111111a111111111
30323,harshil,111
30324,harshil,111111111111111111111111111111111111111111@1111111111111111111111111111a1111111111111111111a111111111
30325,harshil,1
30326,harshil,1
30327,harshil,1
30328,harshil,111111111111111111111111111111111111111111@1111111111111111111111111111a1111111111111111111a111111111
30329,harshil,111
30330,harshil,111111111111111111111111111111111111111111@1111111111111111111111111111a1111111111111111111a111111111
30331,harshil,1
30332,harshil,1
30333,harshil,1
30334,harshil,111111111111111111111111111111111111111111@1111111111111111111111111111a1111111111111111111a111111111
30335,harshil,111
30336,harshil,111111111111111111111111111111111111111111@1111111111111111111111111111a1111111111111111111a111111111
30337,harshil,1
30338,harshil,1
30339,harshil,1
30340,harshil,111111111111111111111111111111111111111111@1111111111111111111111111111a1111111111111111111a111111111
30341,harshil,111
30342,harshil,111111111111111111111111111111111111111111@1111111111111111111111111111a1111111111111111111a111111111
30343,harshil,1
30344,harshil,1
30345,harshil,1
30346,harshil,111111111111111111111111111111111111111111@1111111111111111111111111111a1111111111111111111a111111111
30347,harshil,111
30348,harshil,111111111111111111111111111111111111111111@1111111111111111111111111111a1111111111111111111a111111111
30349,harshil,1
30350,harshil,1
30351,harshil,1
30352,harshil,111111111111111111111111111111111111111111@1111111111111111111111111111a1111111111111111111a111111111
30353,harshil,111
30354,harshil,111111111111111111111111111111111111111111@1111111111111111111111111111a1111111111111111111a111111111
30355,harshil,1
30356,harshil,1
30357,harshil,1
30358,harshil,111111111111111111111111111111111111111111@1111111111111111111111111111a1111111111111111111a111111111
30359,harshil,111
30360,harshil,111111111111111111111111111111111111111111@1111111111111111111111111111a1111111111111111111a111111111
30361,harshil,1
30362,harshil,1
30363,harshil,1
30364,harshil,111111111111111111111111111111111111111111@1111111111111111111111111111a1111111111111111111a111111111
30365,harshil,111
30366,harshil,111111111111111111111111111111111111111111@1111111111111111111111111111a1111111111111111111a111111111
30367,harshil,1
30368,harshil,1
30369,harshil,1
30370,harshil,111111111111111111111111111111111111111111@1111111111111111111111111111a1111111111111111111a111111111
30371,harshil,111
30372,harshil,111111111111111111111111111111111111111111@1111111111111111111111111111a1111111111111111111a111111111
30373,harshil,1
30374,harshil,1
30375,harshil,1
30376,harshil,111111111111111111111111111111111111111111@1111111111111111111111111111a1111111111111111111a111111111
30377,harshil,111
30378,harshil,111111111111111111111111111111111111111111@1111111111111111111111111111a1111111111111111111a111111111
30379,harshil,1
30380,harshil,1
30381,harshil,1
30382,harshil,111111111111111111111111111111111111111111@1111111111111111111111111111a1111111111111111111a111111111
30383,harshil,111
30384,harshil,111111111111111111111111111111111111111111@1111111111111111111111111111a1111111111111111111a111111111
30385,harshil,1
30386,harshil,1
30387,harshil,1
30388,harshil,111111111111111111111111111111111111111111@1111111111111111111111111111a1111111111111111111a111111111
30389,harshil,111
30390,harshil,111111111111111111111111111111111111111111@1111111111111111111111111111a1111111111111111111a111111111
30391,harshil,1
30392,harshil,1
30393,harshil,1
30394,harshil,111111111111111111111111111111111111111111@1111111111111111111111111111a1111111111111111111a111111111
30395,harshil,111
30396,harshil,111111111111111111111111111111111111111111@1111111111111111111111111111a1111111111111111111a111111111
30397,harshil,1
30398,harshil,1
30399,harshil,1
30400,harshil,111111111111111111111111111111111111111111@1111111111111111111111111111a1111111111111111111a111111111
30401,harshil,111
30402,harshil,111111111111111111111111111111111111111111@1111111111111111111111111111a1111111111111111111a111111111
30403,harshil,1
30404,harshil,1
30405,harshil,1
30406,harshil,111111111111111111111111111111111111111111@1111111111111111111111111111a1111111111111111111a111111111
30407,harshil,111
30408,harshil,111111111111111111111111111111111111111111@1111111111111111111111111111a1111111111111111111a111111111
30409,harshil,1
30410,harshil,1
30411,harshil,1
30412,harshil,111111111111111111111111111111111111111111@1111111111111111111111111111a1111111111111111111a111111111
30413,harshil,111
30414,harshil,111111111111111111111111111111111111111111@1111111111111111111111111111a1111111111111111111a111111111
30415,harshil,1
30416,harshil,1
30417,harshil,1
30418,harshil,111111111111111111111111111111111111111111@1111111111111111111111111111a1111111111111111111a111111111
30419,harshil,111
30420,harshil,111111111111111111111111111111111111111111@1111111111111111111111111111a1111111111111111111a111111111
30421,harshil,1
30422,harshil,1
30423,harshil,1
30424,harshil,111111111111111111111111111111111111111111@1111111111111111111111111111a1111111111111111111a111111111
30425,harshil,111
30426,harshil,111111111111111111111111111111111111111111@1111111111111111111111111111a1111111111111111111a111111111
30427,harshil,1
30428,harshil,1
30429,harshil,1
30430,harshil,111111111111111111111111111111111111111111@1111111111111111111111111111a1111111111111111111a111111111
30431,harshil,111
30432,harshil,111111111111111111111111111111111111111111@1111111111111111111111111111a1111111111111111111a111111111
30433,harshil,1
30434,harshil,1
30435,harshil,1
30436,harshil,111111111111111111111111111111111111111111@1111111111111111111111111111a1111111111111111111a111111111
30437,harshil,111
30438,harshil,111111111111111111111111111111111111111111@1111111111111111111111111111a1111111111111111111a111111111
30439,harshil,1
30440,harshil,1
30441,harshil,1
30442,harshil,111111111111111111111111111111111111111111@1111111111111111111111111111a1111111111111111111a111111111
30443,harshil,111
30444,harshil,111111111111111111111111111111111111111111@1111111111111111111111111111a1111111111111111111a111111111
30445,harshil,1
30446,harshil,1
30447,harshil,1
30448,harshil,111111111111111111111111111111111111111111@1111111111111111111111111111a1111111111111111111a111111111
30449,harshil,111
30450,harshil,111111111111111111111111111111111111111111@1111111111111111111111111111a1111111111111111111a111111111
30451,harshil,1
30452,harshil,1
30453,harshil,1
30454,harshil,111111111111111111111111111111111111111111@1111111111111111111111111111a1111111111111111111a111111111
30455,harshil,111
30456,harshil,111111111111111111111111111111111111111111@1111111111111111111111111111a1111111111111111111a111111111
30457,harshil,1
30458,harshil,1
30459,harshil,1
30460,harshil,111111111111111111111111111111111111111111@1111111111111111111111111111a1111111111111111111a111111111
30461,harshil,111
30462,harshil,111111111111111111111111111111111111111111@1111111111111111111111111111a1111111111111111111a111111111
30463,harshil,1
30464,harshil,1
30465,harshil,1
30466,harshil,111111111111111111111111111111111111111111@1111111111111111111111111111a1111111111111111111a111111111
30467,harshil,111
30468,harshil,111111111111111111111111111111111111111111@1111111111111111111111111111a1111111111111111111a111111111
30469,harshil,1
30470,harshil,1
30471,harshil,1
30472,harshil,111111111111111111111111111111111111111111@1111111111111111111111111111a1111111111111111111a111111111
30473,harshil,111
30474,harshil,111111111111111111111111111111111111111111@1111111111111111111111111111a1111111111111111111a111111111
30475,harshil,1
30476,harshil,1
30477,harshil,1
30478,harshil,111111111111111111111111111111111111111111@1111111111111111111111111111a1111111111111111111a111111111
30479,harshil,111
30480,harshil,111111111111111111111111111111111111111111@1111111111111111111111111111a1111111111111111111a111111111
30481,harshil,1
30482,harshil,1
30483,harshil,1
30484,harshil,111111111111111111111111111111111111111111@1111111111111111111111111111a1111111111111111111a111111111
30485,harshil,111
30486,harshil,111111111111111111111111111111111111111111@1111111111111111111111111111a1111111111111111111a111111111
30487,harshil,1
30488,harshil,1
30489,harshil,1
30490,harshil,111111111111111111111111111111111111111111@1111111111111111111111111111a1111111111111111111a111111111
30491,harshil,111
30492,harshil,111111111111111111111111111111111111111111@1111111111111111111111111111a1111111111111111111a111111111
30493,harshil,1
30494,harshil,1
30495,harshil,1
30496,harshil,111111111111111111111111111111111111111111@1111111111111111111111111111a1111111111111111111a111111111
30497,harshil,111
30498,harshil,111111111111111111111111111111111111111111@1111111111111111111111111111a1111111111111111111a111111111
30499,harshil,1
30500,harshil,1
30501,harshil,1
30502,harshil,111111111111111111111111111111111111111111@1111111111111111111111111111a1111111111111111111a111111111
30503,harshil,111
30504,harshil,111111111111111111111111111111111111111111@1111111111111111111111111111a1111111111111111111a111111111
30505,harshil,1
30506,harshil,1
30507,harshil,1
30508,harshil,111111111111111111111111111111111111111111@1111111111111111111111111111a1111111111111111111a111111111
30509,harshil,111
30510,harshil,111111111111111111111111111111111111111111@1111111111111111111111111111a1111111111111111111a111111111
30511,harshil,1
30512,harshil,1
30513,harshil,1
30514,harshil,111111111111111111111111111111111111111111@1111111111111111111111111111a1111111111111111111a111111111
30515,harshil,111
30516,harshil,111111111111111111111111111111111111111111@1111111111111111111111111111a1111111111111111111a111111111
30517,harshil,1
30518,harshil,1
30519,harshil,1
30520,harshil,111111111111111111111111111111111111111111@1111111111111111111111111111a1111111111111111111a111111111
30521,harshil,111
30522,harshil,111111111111111111111111111111111111111111@1111111111111111111111111111a1111111111111111111a111111111
30523,harshil,1
30524,harshil,1
30525,harshil,1
30526,harshil,111111111111111111111111111111111111111111@1111111111111111111111111111a1111111111111111111a111111111
30527,harshil,111
30528,harshil,111111111111111111111111111111111111111111@1111111111111111111111111111a1111111111111111111a111111111
30529,harshil,1
30530,harshil,1
30531,harshil,1
30532,harshil,111111111111111111111111111111111111111111@1111111111111111111111111111a1111111111111111111a111111111
30533,harshil,111
30534,harshil,111111111111111111111111111111111111111111@1111111111111111111111111111a1111111111111111111a111111111
30535,harshil,1
30536,harshil,1
30537,harshil,1
30538,harshil,111111111111111111111111111111111111111111@1111111111111111111111111111a1111111111111111111a111111111
30539,harshil,111
30540,harshil,111111111111111111111111111111111111111111@1111111111111111111111111111a1111111111111111111a111111111
30541,harshil,1
30542,harshil,1
30543,harshil,1
30544,harshil,111111111111111111111111111111111111111111@1111111111111111111111111111a1111111111111111111a111111111
30545,harshil,111
30546,harshil,111111111111111111111111111111111111111111@1111111111111111111111111111a1111111111111111111a111111111
30547,harshil,1
30548,harshil,1
30549,harshil,1
30550,harshil,111111111111111111111111111111111111111111@1111111111111111111111111111a1111111111111111111a111111111
30551,harshil,111
30552,harshil,111111111111111111111111111111111111111111@1111111111111111111111111111a1111111111111111111a111111111
30553,harshil,1
30554,harshil,1
30555,harshil,1
30556,harshil,111111111111111111111111111111111111111111@1111111111111111111111111111a1111111111111111111a111111111
30557,harshil,111
30558,harshil,111111111111111111111111111111111111111111@1111111111111111111111111111a1111111111111111111a111111111
30559,harshil,1
30560,harshil,1
30561,harshil,1
30562,harshil,111111111111111111111111111111111111111111@1111111111111111111111111111a1111111111111111111a111111111
30563,harshil,111
30564,harshil,111111111111111111111111111111111111111111@1111111111111111111111111111a1111111111111111111a111111111
30565,harshil,1
30566,harshil,1
30567,harshil,1
30568,harshil,111111111111111111111111111111111111111111@1111111111111111111111111111a1111111111111111111a111111111
30569,harshil,111
30570,harshil,111111111111111111111111111111111111111111@1111111111111111111111111111a1111111111111111111a111111111
30571,harshil,1
30572,harshil,1
30573,harshil,1
30574,harshil,111111111111111111111111111111111111111111@1111111111111111111111111111a1111111111111111111a111111111
30575,harshil,111
30576,harshil,111111111111111111111111111111111111111111@1111111111111111111111111111a1111111111111111111a111111111
30577,harshil,1
30578,harshil,1
30579,harshil,1
30580,harshil,111111111111111111111111111111111111111111@1111111111111111111111111111a1111111111111111111a111111111
30581,harshil,111
30582,harshil,111111111111111111111111111111111111111111@1111111111111111111111111111a1111111111111111111a111111111
30583,harshil,1
30584,harshil,1
30585,harshil,1
30586,harshil,111111111111111111111111111111111111111111@1111111111111111111111111111a1111111111111111111a111111111
30587,harshil,111
30588,harshil,111111111111111111111111111111111111111111@1111111111111111111111111111a1111111111111111111a111111111
30589,harshil,1
30590,harshil,1
30591,harshil,1
30592,harshil,111111111111111111111111111111111111111111@1111111111111111111111111111a1111111111111111111a111111111
30593,harshil,111
30594,harshil,111111111111111111111111111111111111111111@1111111111111111111111111111a1111111111111111111a111111111
30595,harshil,1
30596,harshil,1
30597,harshil,1
30598,harshil,111111111111111111111111111111111111111111@1111111111111111111111111111a1111111111111111111a111111111
30599,harshil,111
30600,harshil,111111111111111111111111111111111111111111@1111111111111111111111111111a1111111111111111111a111111111
30601,harshil,1
30602,harshil,1
30603,harshil,1
30604,harshil,111111111111111111111111111111111111111111@1111111111111111111111111111a1111111111111111111a111111111
30605,harshil,111
30606,harshil,111111111111111111111111111111111111111111@1111111111111111111111111111a1111111111111111111a111111111
30607,harshil,1
30608,harshil,1
30609,harshil,1
30610,harshil,111111111111111111111111111111111111111111@1111111111111111111111111111a1111111111111111111a111111111
30611,harshil,111
30612,harshil,111111111111111111111111111111111111111111@1111111111111111111111111111a1111111111111111111a111111111
30613,harshil,1
30614,harshil,1
30615,harshil,1
30616,harshil,111111111111111111111111111111111111111111@1111111111111111111111111111a1111111111111111111a111111111
30617,harshil,111
30618,harshil,111111111111111111111111111111111111111111@1111111111111111111111111111a1111111111111111111a111111111
30619,harshil,1
30620,harshil,1
30621,harshil,1
30622,harshil,111111111111111111111111111111111111111111@1111111111111111111111111111a1111111111111111111a111111111
30623,harshil,111
30624,harshil,111111111111111111111111111111111111111111@1111111111111111111111111111a1111111111111111111a111111111
30625,harshil,1
30626,harshil,1
30627,harshil,1
30628,harshil,111111111111111111111111111111111111111111@1111111111111111111111111111a1111111111111111111a111111111
30629,harshil,111
30630,harshil,111111111111111111111111111111111111111111@1111111111111111111111111111a1111111111111111111a111111111
30631,harshil,1
30632,harshil,1
30633,harshil,1
30634,harshil,111111111111111111111111111111111111111111@1111111111111111111111111111a1111111111111111111a111111111
30635,harshil,111
30636,harshil,111111111111111111111111111111111111111111@1111111111111111111111111111a1111111111111111111a111111111
30637,harshil,1
30638,harshil,1
30639,harshil,1
30640,harshil,111111111111111111111111111111111111111111@1111111111111111111111111111a1111111111111111111a111111111
30641,harshil,111
30642,harshil,111111111111111111111111111111111111111111@1111111111111111111111111111a1111111111111111111a111111111
30643,harshil,1
30644,harshil,1
30645,harshil,1
30646,harshil,111111111111111111111111111111111111111111@1111111111111111111111111111a1111111111111111111a111111111
30647,harshil,111
30648,harshil,111111111111111111111111111111111111111111@1111111111111111111111111111a1111111111111111111a111111111
30649,harshil,1
30650,harshil,1
30651,harshil,1
30652,harshil,111111111111111111111111111111111111111111@1111111111111111111111111111a1111111111111111111a111111111
30653,harshil,111
30654,harshil,111111111111111111111111111111111111111111@1111111111111111111111111111a1111111111111111111a111111111
30655,harshil,1
30656,harshil,1
30657,harshil,1
30658,harshil,111111111111111111111111111111111111111111@1111111111111111111111111111a1111111111111111111a111111111
30659,harshil,111
30660,harshil,111111111111111111111111111111111111111111@1111111111111111111111111111a1111111111111111111a111111111
30661,harshil,1
30662,harshil,1
30663,harshil,1
30664,harshil,111111111111111111111111111111111111111111@1111111111111111111111111111a1111111111111111111a111111111
30665,harshil,111
30666,harshil,111111111111111111111111111111111111111111@1111111111111111111111111111a1111111111111111111a111111111
30667,harshil,1
30668,harshil,1
30669,harshil,1
30670,harshil,111111111111111111111111111111111111111111@1111111111111111111111111111a1111111111111111111a111111111
30671,harshil,111
30672,harshil,111111111111111111111111111111111111111111@1111111111111111111111111111a1111111111111111111a111111111
30673,harshil,1
30674,harshil,1
30675,harshil,1
30676,harshil,111111111111111111111111111111111111111111@1111111111111111111111111111a1111111111111111111a111111111
30677,harshil,111
30678,harshil,111111111111111111111111111111111111111111@1111111111111111111111111111a1111111111111111111a111111111
30679,harshil,1
30680,harshil,1
30681,harshil,1
30682,harshil,111111111111111111111111111111111111111111@1111111111111111111111111111a1111111111111111111a111111111
30683,harshil,111
30684,harshil,111111111111111111111111111111111111111111@1111111111111111111111111111a1111111111111111111a111111111
30685,harshil,1
30686,harshil,1
30687,harshil,1
30688,harshil,111111111111111111111111111111111111111111@1111111111111111111111111111a1111111111111111111a111111111
30689,harshil,111
30690,harshil,111111111111111111111111111111111111111111@1111111111111111111111111111a1111111111111111111a111111111
30691,harshil,1
30692,harshil,1
30693,harshil,1
30694,harshil,111111111111111111111111111111111111111111@1111111111111111111111111111a1111111111111111111a111111111
30695,harshil,111
30696,harshil,111111111111111111111111111111111111111111@1111111111111111111111111111a1111111111111111111a111111111
30697,harshil,1
30698,harshil,1
30699,harshil,1
30700,harshil,111111111111111111111111111111111111111111@1111111111111111111111111111a1111111111111111111a111111111
30701,harshil,111
30702,harshil,111111111111111111111111111111111111111111@1111111111111111111111111111a1111111111111111111a111111111
30703,harshil,1
30704,harshil,1
30705,harshil,1
30706,harshil,111111111111111111111111111111111111111111@1111111111111111111111111111a1111111111111111111a111111111
30707,harshil,111
30708,harshil,111111111111111111111111111111111111111111@1111111111111111111111111111a1111111111111111111a111111111
30709,harshil,1
30710,harshil,1
30711,harshil,1
30712,harshil,111111111111111111111111111111111111111111@1111111111111111111111111111a1111111111111111111a111111111
30713,harshil,111
30714,harshil,111111111111111111111111111111111111111111@1111111111111111111111111111a1111111111111111111a111111111
30715,harshil,1
30716,harshil,1
30717,harshil,1
30718,harshil,111111111111111111111111111111111111111111@1111111111111111111111111111a1111111111111111111a111111111
30719,harshil,111
30720,harshil,111111111111111111111111111111111111111111@1111111111111111111111111111a1111111111111111111a111111111
30721,harshil,1
30722,harshil,1
30723,harshil,1
30724,harshil,111111111111111111111111111111111111111111@1111111111111111111111111111a1111111111111111111a111111111
30725,harshil,111
30726,harshil,111111111111111111111111111111111111111111@1111111111111111111111111111a1111111111111111111a111111111
30727,harshil,1
30728,harshil,1
30729,harshil,1
30730,harshil,111111111111111111111111111111111111111111@1111111111111111111111111111a1111111111111111111a111111111
30731,harshil,111
30732,harshil,111111111111111111111111111111111111111111@1111111111111111111111111111a1111111111111111111a111111111
30733,harshil,1
30734,harshil,1
30735,harshil,1
30736,harshil,111111111111111111111111111111111111111111@1111111111111111111111111111a1111111111111111111a111111111
30737,harshil,111
30738,harshil,111111111111111111111111111111111111111111@1111111111111111111111111111a1111111111111111111a111111111
30739,harshil,1
30740,harshil,1
30741,harshil,1
30742,harshil,111111111111111111111111111111111111111111@1111111111111111111111111111a1111111111111111111a111111111
30743,harshil,111
30744,harshil,111111111111111111111111111111111111111111@1111111111111111111111111111a1111111111111111111a111111111
30745,harshil,1
30746,harshil,1
30747,harshil,1
30748,harshil,111111111111111111111111111111111111111111@1111111111111111111111111111a1111111111111111111a111111111
30749,harshil,111
30750,harshil,111111111111111111111111111111111111111111@1111111111111111111111111111a1111111111111111111a111111111
30751,harshil,1
30752,harshil,1
30753,harshil,1
30754,harshil,111111111111111111111111111111111111111111@1111111111111111111111111111a1111111111111111111a111111111
30755,harshil,111
30756,harshil,111111111111111111111111111111111111111111@1111111111111111111111111111a1111111111111111111a111111111
30757,harshil,1
30758,harshil,1
30759,harshil,1
30760,harshil,111111111111111111111111111111111111111111@1111111111111111111111111111a1111111111111111111a111111111
30761,harshil,111
30762,harshil,111111111111111111111111111111111111111111@1111111111111111111111111111a1111111111111111111a111111111
30763,harshil,1
30764,harshil,1
30765,harshil,1
30766,harshil,111111111111111111111111111111111111111111@1111111111111111111111111111a1111111111111111111a111111111
30767,harshil,111
30768,harshil,111111111111111111111111111111111111111111@1111111111111111111111111111a1111111111111111111a111111111
30769,harshil,1
30770,harshil,1
30771,harshil,1
30772,harshil,111111111111111111111111111111111111111111@1111111111111111111111111111a1111111111111111111a111111111
30773,harshil,111
30774,harshil,111111111111111111111111111111111111111111@1111111111111111111111111111a1111111111111111111a111111111
30775,harshil,1
30776,harshil,1
30777,harshil,1
30778,harshil,111111111111111111111111111111111111111111@1111111111111111111111111111a1111111111111111111a111111111
30779,harshil,111
30780,harshil,111111111111111111111111111111111111111111@1111111111111111111111111111a1111111111111111111a111111111
30781,harshil,1
30782,harshil,1
30783,harshil,1
30784,harshil,111111111111111111111111111111111111111111@1111111111111111111111111111a1111111111111111111a111111111
30785,harshil,111
30786,harshil,111111111111111111111111111111111111111111@1111111111111111111111111111a1111111111111111111a111111111
30787,harshil,1
30788,harshil,1
30789,harshil,1
30790,harshil,111111111111111111111111111111111111111111@1111111111111111111111111111a1111111111111111111a111111111
30791,harshil,111
30792,harshil,111111111111111111111111111111111111111111@1111111111111111111111111111a1111111111111111111a111111111
30793,harshil,1
30794,harshil,1
30795,harshil,1
30796,harshil,111111111111111111111111111111111111111111@1111111111111111111111111111a1111111111111111111a111111111
30797,harshil,111
30798,harshil,111111111111111111111111111111111111111111@1111111111111111111111111111a1111111111111111111a111111111
30799,harshil,1
30800,harshil,1
30801,harshil,1
30802,harshil,111111111111111111111111111111111111111111@1111111111111111111111111111a1111111111111111111a111111111
30803,harshil,111
30804,harshil,111111111111111111111111111111111111111111@1111111111111111111111111111a1111111111111111111a111111111
30805,harshil,1
30806,harshil,1
30807,harshil,1
30808,harshil,111111111111111111111111111111111111111111@1111111111111111111111111111a1111111111111111111a111111111
30809,harshil,111
30810,harshil,111111111111111111111111111111111111111111@1111111111111111111111111111a1111111111111111111a111111111
30811,harshil,1
30812,harshil,1
30813,harshil,1
30814,harshil,111111111111111111111111111111111111111111@1111111111111111111111111111a1111111111111111111a111111111
30815,harshil,111
30816,harshil,111111111111111111111111111111111111111111@1111111111111111111111111111a1111111111111111111a111111111
30817,harshil,1
30818,harshil,1
30819,harshil,1
30820,harshil,111111111111111111111111111111111111111111@1111111111111111111111111111a1111111111111111111a111111111
30821,harshil,111
30822,harshil,111111111111111111111111111111111111111111@1111111111111111111111111111a1111111111111111111a111111111
30823,harshil,1
30824,harshil,1
30825,harshil,1
30826,harshil,111111111111111111111111111111111111111111@1111111111111111111111111111a1111111111111111111a111111111
30827,harshil,111
30828,harshil,111111111111111111111111111111111111111111@1111111111111111111111111111a1111111111111111111a111111111
30829,harshil,1
30830,harshil,1
30831,harshil,1
30832,harshil,111111111111111111111111111111111111111111@1111111111111111111111111111a1111111111111111111a111111111
30833,harshil,111
30834,harshil,111111111111111111111111111111111111111111@1111111111111111111111111111a1111111111111111111a111111111
30835,harshil,1
30836,harshil,1
30837,harshil,1
30838,harshil,111111111111111111111111111111111111111111@1111111111111111111111111111a1111111111111111111a111111111
30839,harshil,111
30840,harshil,111111111111111111111111111111111111111111@1111111111111111111111111111a1111111111111111111a111111111
30841,harshil,1
30842,harshil,1
30843,harshil,1
30844,harshil,111111111111111111111111111111111111111111@1111111111111111111111111111a1111111111111111111a111111111
30845,harshil,111
30846,harshil,111111111111111111111111111111111111111111@1111111111111111111111111111a1111111111111111111a111111111
30847,harshil,1
30848,harshil,1
30849,harshil,1
30850,harshil,111111111111111111111111111111111111111111@1111111111111111111111111111a1111111111111111111a111111111
30851,harshil,111
30852,harshil,111111111111111111111111111111111111111111@1111111111111111111111111111a1111111111111111111a111111111
30853,harshil,1
30854,harshil,1
30855,harshil,1
30856,harshil,111111111111111111111111111111111111111111@1111111111111111111111111111a1111111111111111111a111111111
30857,harshil,111
30858,harshil,111111111111111111111111111111111111111111@1111111111111111111111111111a1111111111111111111a111111111
30859,harshil,1
30860,harshil,1
30861,harshil,1
30862,harshil,111111111111111111111111111111111111111111@1111111111111111111111111111a1111111111111111111a111111111
30863,harshil,111
30864,harshil,111111111111111111111111111111111111111111@1111111111111111111111111111a1111111111111111111a111111111
30865,harshil,1
30866,harshil,1
30867,harshil,1
30868,harshil,111111111111111111111111111111111111111111@1111111111111111111111111111a1111111111111111111a111111111
30869,harshil,111
30870,harshil,111111111111111111111111111111111111111111@1111111111111111111111111111a1111111111111111111a111111111
30871,harshil,1
30872,harshil,1
30873,harshil,1
30874,harshil,111111111111111111111111111111111111111111@1111111111111111111111111111a1111111111111111111a111111111
30875,harshil,111
30876,harshil,111111111111111111111111111111111111111111@1111111111111111111111111111a1111111111111111111a111111111
30877,harshil,1
30878,harshil,1
30879,harshil,1
30880,harshil,111111111111111111111111111111111111111111@1111111111111111111111111111a1111111111111111111a111111111
30881,harshil,111
30882,harshil,111111111111111111111111111111111111111111@1111111111111111111111111111a1111111111111111111a111111111
30883,harshil,1
30884,harshil,1
30885,harshil,1
30886,harshil,111111111111111111111111111111111111111111@1111111111111111111111111111a1111111111111111111a111111111
30887,harshil,111
30888,harshil,111111111111111111111111111111111111111111@1111111111111111111111111111a1111111111111111111a111111111
30889,harshil,1
30890,harshil,1
30891,harshil,1
30892,harshil,111111111111111111111111111111111111111111@1111111111111111111111111111a1111111111111111111a111111111
30893,harshil,111
30894,harshil,111111111111111111111111111111111111111111@1111111111111111111111111111a1111111111111111111a111111111
30895,harshil,1
30896,harshil,1
30897,harshil,1
30898,harshil,111111111111111111111111111111111111111111@1111111111111111111111111111a1111111111111111111a111111111
30899,harshil,111
30900,harshil,111111111111111111111111111111111111111111@1111111111111111111111111111a1111111111111111111a111111111
30901,harshil,1
30902,harshil,1
30903,harshil,1
30904,harshil,111111111111111111111111111111111111111111@1111111111111111111111111111a1111111111111111111a111111111
30905,harshil,111
30906,harshil,111111111111111111111111111111111111111111@1111111111111111111111111111a1111111111111111111a111111111
30907,harshil,1
30908,harshil,1
30909,harshil,1
30910,harshil,111111111111111111111111111111111111111111@1111111111111111111111111111a1111111111111111111a111111111
30911,harshil,111
30912,harshil,111111111111111111111111111111111111111111@1111111111111111111111111111a1111111111111111111a111111111
30913,harshil,1
30914,harshil,1
30915,harshil,1
30916,harshil,111111111111111111111111111111111111111111@1111111111111111111111111111a1111111111111111111a111111111
30917,harshil,111
30918,harshil,111111111111111111111111111111111111111111@1111111111111111111111111111a1111111111111111111a111111111
30919,harshil,1
30920,harshil,1
30921,harshil,1
30922,harshil,111111111111111111111111111111111111111111@1111111111111111111111111111a1111111111111111111a111111111
30923,harshil,111
30924,harshil,111111111111111111111111111111111111111111@1111111111111111111111111111a1111111111111111111a111111111
30925,harshil,1
30926,harshil,1
30927,harshil,1
30928,harshil,111111111111111111111111111111111111111111@1111111111111111111111111111a1111111111111111111a111111111
30929,harshil,111
30930,harshil,111111111111111111111111111111111111111111@1111111111111111111111111111a1111111111111111111a111111111
30931,harshil,1
30932,harshil,1
30933,harshil,1
30934,harshil,111111111111111111111111111111111111111111@1111111111111111111111111111a1111111111111111111a111111111
30935,harshil,111
30936,harshil,111111111111111111111111111111111111111111@1111111111111111111111111111a1111111111111111111a111111111
30937,harshil,1
30938,harshil,1
30939,harshil,1
30940,harshil,111111111111111111111111111111111111111111@1111111111111111111111111111a1111111111111111111a111111111
30941,harshil,111
30942,harshil,111111111111111111111111111111111111111111@1111111111111111111111111111a1111111111111111111a111111111
30943,harshil,1
30944,harshil,1
30945,harshil,1
30946,harshil,111111111111111111111111111111111111111111@1111111111111111111111111111a1111111111111111111a111111111
30947,harshil,111
30948,harshil,111111111111111111111111111111111111111111@1111111111111111111111111111a1111111111111111111a111111111
30949,harshil,1
30950,harshil,1
30951,harshil,1
30952,harshil,111111111111111111111111111111111111111111@1111111111111111111111111111a1111111111111111111a111111111
30953,harshil,111
30954,harshil,111111111111111111111111111111111111111111@1111111111111111111111111111a1111111111111111111a111111111
30955,harshil,1
30956,harshil,1
30957,harshil,1
30958,harshil,111111111111111111111111111111111111111111@1111111111111111111111111111a1111111111111111111a111111111
30959,harshil,111
30960,harshil,111111111111111111111111111111111111111111@1111111111111111111111111111a1111111111111111111a111111111
30961,harshil,1
30962,harshil,1
30963,harshil,1
30964,harshil,111111111111111111111111111111111111111111@1111111111111111111111111111a1111111111111111111a111111111
30965,harshil,111
30966,harshil,111111111111111111111111111111111111111111@1111111111111111111111111111a1111111111111111111a111111111
30967,harshil,1
30968,harshil,1
30969,harshil,1
30970,harshil,111111111111111111111111111111111111111111@1111111111111111111111111111a1111111111111111111a111111111
30971,harshil,111
30972,harshil,111111111111111111111111111111111111111111@1111111111111111111111111111a1111111111111111111a111111111
30973,harshil,1
30974,harshil,1
30975,harshil,1
30976,harshil,111111111111111111111111111111111111111111@1111111111111111111111111111a1111111111111111111a111111111
30977,harshil,111
30978,harshil,111111111111111111111111111111111111111111@1111111111111111111111111111a1111111111111111111a111111111
30979,harshil,1
30980,harshil,1
30981,harshil,1
30982,harshil,111111111111111111111111111111111111111111@1111111111111111111111111111a1111111111111111111a111111111
30983,harshil,111
30984,harshil,111111111111111111111111111111111111111111@1111111111111111111111111111a1111111111111111111a111111111
30985,harshil,1
30986,harshil,1
30987,harshil,1
30988,harshil,111111111111111111111111111111111111111111@1111111111111111111111111111a1111111111111111111a111111111
30989,harshil,111
30990,harshil,111111111111111111111111111111111111111111@1111111111111111111111111111a1111111111111111111a111111111
30991,harshil,1
30992,harshil,1
30993,harshil,1
30994,harshil,111111111111111111111111111111111111111111@1111111111111111111111111111a1111111111111111111a111111111
30995,harshil,111
30996,harshil,111111111111111111111111111111111111111111@1111111111111111111111111111a1111111111111111111a111111111
30997,harshil,1
30998,harshil,1
30999,harshil,1
31000,harshil,111111111111111111111111111111111111111111@1111111111111111111111111111a1111111111111111111a111111111
31001,harshil,111
31002,harshil,111111111111111111111111111111111111111111@1111111111111111111111111111a1111111111111111111a111111111
31003,harshil,1
31004,harshil,1
31005,harshil,1
31006,harshil,111111111111111111111111111111111111111111@1111111111111111111111111111a1111111111111111111a111111111
31007,harshil,111
31008,harshil,111111111111111111111111111111111111111111@1111111111111111111111111111a1111111111111111111a111111111
31009,harshil,1
31010,harshil,1
31011,harshil,1
31012,harshil,111111111111111111111111111111111111111111@1111111111111111111111111111a1111111111111111111a111111111
31013,harshil,111
31014,harshil,111111111111111111111111111111111111111111@1111111111111111111111111111a1111111111111111111a111111111
31015,harshil,1
31016,harshil,1
31017,harshil,1
31018,harshil,111111111111111111111111111111111111111111@1111111111111111111111111111a1111111111111111111a111111111
31019,harshil,111
31020,harshil,111111111111111111111111111111111111111111@1111111111111111111111111111a1111111111111111111a111111111
31021,harshil,1
31022,harshil,1
31023,harshil,1
31024,harshil,111111111111111111111111111111111111111111@1111111111111111111111111111a1111111111111111111a111111111
31025,harshil,111
31026,harshil,111111111111111111111111111111111111111111@1111111111111111111111111111a1111111111111111111a111111111
31027,harshil,1
31028,harshil,1
31029,harshil,1
31030,harshil,111111111111111111111111111111111111111111@1111111111111111111111111111a1111111111111111111a111111111
31031,harshil,111
31032,harshil,111111111111111111111111111111111111111111@1111111111111111111111111111a1111111111111111111a111111111
31033,harshil,1
31034,harshil,1
31035,harshil,1
31036,harshil,111111111111111111111111111111111111111111@1111111111111111111111111111a1111111111111111111a111111111
31037,harshil,111
31038,harshil,111111111111111111111111111111111111111111@1111111111111111111111111111a1111111111111111111a111111111
31039,harshil,1
31040,harshil,1
31041,harshil,1
31042,harshil,111111111111111111111111111111111111111111@1111111111111111111111111111a1111111111111111111a111111111
31043,harshil,111
31044,harshil,111111111111111111111111111111111111111111@1111111111111111111111111111a1111111111111111111a111111111
31045,harshil,1
31046,harshil,1
31047,harshil,1
31048,harshil,111111111111111111111111111111111111111111@1111111111111111111111111111a1111111111111111111a111111111
31049,harshil,111
31050,harshil,111111111111111111111111111111111111111111@1111111111111111111111111111a1111111111111111111a111111111
31051,harshil,1
31052,harshil,1
31053,harshil,1
31054,harshil,111111111111111111111111111111111111111111@1111111111111111111111111111a1111111111111111111a111111111
31055,harshil,111
31056,harshil,111111111111111111111111111111111111111111@1111111111111111111111111111a1111111111111111111a111111111
31057,harshil,1
31058,harshil,1
31059,harshil,1
31060,harshil,111111111111111111111111111111111111111111@1111111111111111111111111111a1111111111111111111a111111111
31061,harshil,111
31062,harshil,111111111111111111111111111111111111111111@1111111111111111111111111111a1111111111111111111a111111111
31063,harshil,1
31064,harshil,1
31065,harshil,1
31066,harshil,111111111111111111111111111111111111111111@1111111111111111111111111111a1111111111111111111a111111111
31067,harshil,111
31068,harshil,111111111111111111111111111111111111111111@1111111111111111111111111111a1111111111111111111a111111111
31069,harshil,1
31070,harshil,1
31071,harshil,1
31072,harshil,111111111111111111111111111111111111111111@1111111111111111111111111111a1111111111111111111a111111111
31073,harshil,111
31074,harshil,111111111111111111111111111111111111111111@1111111111111111111111111111a1111111111111111111a111111111
31075,harshil,1
31076,harshil,1
31077,harshil,1
31078,harshil,111111111111111111111111111111111111111111@1111111111111111111111111111a1111111111111111111a111111111
31079,harshil,111
31080,harshil,111111111111111111111111111111111111111111@1111111111111111111111111111a1111111111111111111a111111111
31081,harshil,1
31082,harshil,1
31083,harshil,1
31084,harshil,111111111111111111111111111111111111111111@1111111111111111111111111111a1111111111111111111a111111111
31085,harshil,111
31086,harshil,111111111111111111111111111111111111111111@1111111111111111111111111111a1111111111111111111a111111111
31087,harshil,1
31088,harshil,1
31089,harshil,1
31090,harshil,111111111111111111111111111111111111111111@1111111111111111111111111111a1111111111111111111a111111111
31091,harshil,111
31092,harshil,111111111111111111111111111111111111111111@1111111111111111111111111111a1111111111111111111a111111111
31093,harshil,1
31094,harshil,1
31095,harshil,1
31096,harshil,111111111111111111111111111111111111111111@1111111111111111111111111111a1111111111111111111a111111111
31097,harshil,111
31098,harshil,111111111111111111111111111111111111111111@1111111111111111111111111111a1111111111111111111a111111111
31099,harshil,1
31100,harshil,1
31101,harshil,1
31102,harshil,111111111111111111111111111111111111111111@1111111111111111111111111111a1111111111111111111a111111111
31103,harshil,111
31104,harshil,111111111111111111111111111111111111111111@1111111111111111111111111111a1111111111111111111a111111111
31105,harshil,1
31106,harshil,1
31107,harshil,1
31108,harshil,111111111111111111111111111111111111111111@1111111111111111111111111111a1111111111111111111a111111111
31109,harshil,111
31110,harshil,111111111111111111111111111111111111111111@1111111111111111111111111111a1111111111111111111a111111111
31111,harshil,1
31112,harshil,1
31113,harshil,1
31114,harshil,111111111111111111111111111111111111111111@1111111111111111111111111111a1111111111111111111a111111111
31115,harshil,111
31116,harshil,111111111111111111111111111111111111111111@1111111111111111111111111111a1111111111111111111a111111111
31117,harshil,1
31118,harshil,1
31119,harshil,1
31120,harshil,111111111111111111111111111111111111111111@1111111111111111111111111111a1111111111111111111a111111111
31121,harshil,111
31122,harshil,111111111111111111111111111111111111111111@1111111111111111111111111111a1111111111111111111a111111111
31123,harshil,1
31124,harshil,1
31125,harshil,1
31126,harshil,111111111111111111111111111111111111111111@1111111111111111111111111111a1111111111111111111a111111111
31127,harshil,111
31128,harshil,111111111111111111111111111111111111111111@1111111111111111111111111111a1111111111111111111a111111111
31129,harshil,1
31130,harshil,1
31131,harshil,1
31132,harshil,111111111111111111111111111111111111111111@1111111111111111111111111111a1111111111111111111a111111111
31133,harshil,111
31134,harshil,111111111111111111111111111111111111111111@1111111111111111111111111111a1111111111111111111a111111111
31135,harshil,1
31136,harshil,1
31137,harshil,1
31138,harshil,111111111111111111111111111111111111111111@1111111111111111111111111111a1111111111111111111a111111111
31139,harshil,111
31140,harshil,111111111111111111111111111111111111111111@1111111111111111111111111111a1111111111111111111a111111111
31141,harshil,1
31142,harshil,1
31143,harshil,1
31144,harshil,111111111111111111111111111111111111111111@1111111111111111111111111111a1111111111111111111a111111111
31145,harshil,111
31146,harshil,111111111111111111111111111111111111111111@1111111111111111111111111111a1111111111111111111a111111111
31147,harshil,1
31148,harshil,1
31149,harshil,1
31150,harshil,111111111111111111111111111111111111111111@1111111111111111111111111111a1111111111111111111a111111111
31151,harshil,111
31152,harshil,111111111111111111111111111111111111111111@1111111111111111111111111111a1111111111111111111a111111111
31153,harshil,1
31154,harshil,1
31155,harshil,1
31156,harshil,111111111111111111111111111111111111111111@1111111111111111111111111111a1111111111111111111a111111111
31157,harshil,111
31158,harshil,111111111111111111111111111111111111111111@1111111111111111111111111111a1111111111111111111a111111111
31159,harshil,1
31160,harshil,1
31161,harshil,1
31162,harshil,111111111111111111111111111111111111111111@1111111111111111111111111111a1111111111111111111a111111111
31163,harshil,111
31164,harshil,111111111111111111111111111111111111111111@1111111111111111111111111111a1111111111111111111a111111111
31165,harshil,1
31166,harshil,1
31167,harshil,1
31168,harshil,111111111111111111111111111111111111111111@1111111111111111111111111111a1111111111111111111a111111111
31169,harshil,111
31170,harshil,111111111111111111111111111111111111111111@1111111111111111111111111111a1111111111111111111a111111111
31171,harshil,1
31172,harshil,1
31173,harshil,1
31174,harshil,111111111111111111111111111111111111111111@1111111111111111111111111111a1111111111111111111a111111111
31175,harshil,111
31176,harshil,111111111111111111111111111111111111111111@1111111111111111111111111111a1111111111111111111a111111111
31177,harshil,1
31178,harshil,1
31179,harshil,1
31180,harshil,111111111111111111111111111111111111111111@1111111111111111111111111111a1111111111111111111a111111111
31181,harshil,111
31182,harshil,111111111111111111111111111111111111111111@1111111111111111111111111111a1111111111111111111a111111111
31183,harshil,1
31184,harshil,1
31185,harshil,1
31186,harshil,111111111111111111111111111111111111111111@1111111111111111111111111111a1111111111111111111a111111111
31187,harshil,111
31188,harshil,111111111111111111111111111111111111111111@1111111111111111111111111111a1111111111111111111a111111111
31189,harshil,1
31190,harshil,1
31191,harshil,1
31192,harshil,111111111111111111111111111111111111111111@1111111111111111111111111111a1111111111111111111a111111111
31193,harshil,111
31194,harshil,111111111111111111111111111111111111111111@1111111111111111111111111111a1111111111111111111a111111111
31195,harshil,1
31196,harshil,1
31197,harshil,1
31198,harshil,111111111111111111111111111111111111111111@1111111111111111111111111111a1111111111111111111a111111111
31199,harshil,111
31200,harshil,111111111111111111111111111111111111111111@1111111111111111111111111111a1111111111111111111a111111111
31201,harshil,1
31202,harshil,1
31203,harshil,1
31204,harshil,111111111111111111111111111111111111111111@1111111111111111111111111111a1111111111111111111a111111111
31205,harshil,111
31206,harshil,111111111111111111111111111111111111111111@1111111111111111111111111111a1111111111111111111a111111111
31207,harshil,1
31208,harshil,1
31209,harshil,1
31210,harshil,111111111111111111111111111111111111111111@1111111111111111111111111111a1111111111111111111a111111111
31211,harshil,111
31212,harshil,111111111111111111111111111111111111111111@1111111111111111111111111111a1111111111111111111a111111111
31213,harshil,1
31214,harshil,1
31215,harshil,1
31216,harshil,111111111111111111111111111111111111111111@1111111111111111111111111111a1111111111111111111a111111111
31217,harshil,111
31218,harshil,111111111111111111111111111111111111111111@1111111111111111111111111111a1111111111111111111a111111111
31219,harshil,1
31220,harshil,1
31221,harshil,1
31222,harshil,111111111111111111111111111111111111111111@1111111111111111111111111111a1111111111111111111a111111111
31223,harshil,111
31224,harshil,111111111111111111111111111111111111111111@1111111111111111111111111111a1111111111111111111a111111111
31225,harshil,1
31226,harshil,1
31227,harshil,1
31228,harshil,111111111111111111111111111111111111111111@1111111111111111111111111111a1111111111111111111a111111111
31229,harshil,111
31230,harshil,111111111111111111111111111111111111111111@1111111111111111111111111111a1111111111111111111a111111111
31231,harshil,1
31232,harshil,1
31233,harshil,1
31234,harshil,111111111111111111111111111111111111111111@1111111111111111111111111111a1111111111111111111a111111111
31235,harshil,111
31236,harshil,111111111111111111111111111111111111111111@1111111111111111111111111111a1111111111111111111a111111111
31237,harshil,1
31238,harshil,1
31239,harshil,1
31240,harshil,111111111111111111111111111111111111111111@1111111111111111111111111111a1111111111111111111a111111111
31241,harshil,111
31242,harshil,111111111111111111111111111111111111111111@1111111111111111111111111111a1111111111111111111a111111111
31243,harshil,1
31244,harshil,1
31245,harshil,1
31246,harshil,111111111111111111111111111111111111111111@1111111111111111111111111111a1111111111111111111a111111111
31247,harshil,111
31248,harshil,111111111111111111111111111111111111111111@1111111111111111111111111111a1111111111111111111a111111111
31249,harshil,1
31250,harshil,1
31251,harshil,1
31252,harshil,111111111111111111111111111111111111111111@1111111111111111111111111111a1111111111111111111a111111111
31253,harshil,111
31254,harshil,111111111111111111111111111111111111111111@1111111111111111111111111111a1111111111111111111a111111111
31255,harshil,1
31256,harshil,1
31257,harshil,1
31258,harshil,111111111111111111111111111111111111111111@1111111111111111111111111111a1111111111111111111a111111111
31259,harshil,111
31260,harshil,111111111111111111111111111111111111111111@1111111111111111111111111111a1111111111111111111a111111111
31261,harshil,1
31262,harshil,1
31263,harshil,1
31264,harshil,111111111111111111111111111111111111111111@1111111111111111111111111111a1111111111111111111a111111111
31265,harshil,111
31266,harshil,111111111111111111111111111111111111111111@1111111111111111111111111111a1111111111111111111a111111111
31267,harshil,1
31268,harshil,1
31269,harshil,1
31270,harshil,111111111111111111111111111111111111111111@1111111111111111111111111111a1111111111111111111a111111111
31271,harshil,111
31272,harshil,111111111111111111111111111111111111111111@1111111111111111111111111111a1111111111111111111a111111111
31273,harshil,1
31274,harshil,1
31275,harshil,1
31276,harshil,111111111111111111111111111111111111111111@1111111111111111111111111111a1111111111111111111a111111111
31277,harshil,111
31278,harshil,111111111111111111111111111111111111111111@1111111111111111111111111111a1111111111111111111a111111111
31279,harshil,1
31280,harshil,1
31281,harshil,1
31282,harshil,111111111111111111111111111111111111111111@1111111111111111111111111111a1111111111111111111a111111111
31283,harshil,111
31284,harshil,111111111111111111111111111111111111111111@1111111111111111111111111111a1111111111111111111a111111111
31285,harshil,1
31286,harshil,1
31287,harshil,1
31288,harshil,111111111111111111111111111111111111111111@1111111111111111111111111111a1111111111111111111a111111111
31289,harshil,111
31290,harshil,111111111111111111111111111111111111111111@1111111111111111111111111111a1111111111111111111a111111111
31291,harshil,1
31292,harshil,1
31293,harshil,1
31294,harshil,111111111111111111111111111111111111111111@1111111111111111111111111111a1111111111111111111a111111111
31295,harshil,111
31296,harshil,111111111111111111111111111111111111111111@1111111111111111111111111111a1111111111111111111a111111111
31297,harshil,1
31298,harshil,1
31299,harshil,1
31300,harshil,111111111111111111111111111111111111111111@1111111111111111111111111111a1111111111111111111a111111111
31301,harshil,111
31302,harshil,111111111111111111111111111111111111111111@1111111111111111111111111111a1111111111111111111a111111111
31303,harshil,1
31304,harshil,1
31305,harshil,1
31306,harshil,111111111111111111111111111111111111111111@1111111111111111111111111111a1111111111111111111a111111111
31307,harshil,111
31308,harshil,111111111111111111111111111111111111111111@1111111111111111111111111111a1111111111111111111a111111111
31309,harshil,1
31310,harshil,1
31311,harshil,1
31312,harshil,111111111111111111111111111111111111111111@1111111111111111111111111111a1111111111111111111a111111111
31313,harshil,111
31314,harshil,111111111111111111111111111111111111111111@1111111111111111111111111111a1111111111111111111a111111111
31315,harshil,1
31316,harshil,1
31317,harshil,1
31318,harshil,111111111111111111111111111111111111111111@1111111111111111111111111111a1111111111111111111a111111111
31319,harshil,111
31320,harshil,111111111111111111111111111111111111111111@1111111111111111111111111111a1111111111111111111a111111111
31321,harshil,1
31322,harshil,1
31323,harshil,1
31324,harshil,111111111111111111111111111111111111111111@1111111111111111111111111111a1111111111111111111a111111111
31325,harshil,111
31326,harshil,111111111111111111111111111111111111111111@1111111111111111111111111111a1111111111111111111a111111111
31327,harshil,1
31328,harshil,1
31329,harshil,1
31330,harshil,111111111111111111111111111111111111111111@1111111111111111111111111111a1111111111111111111a111111111
31331,harshil,111
31332,harshil,111111111111111111111111111111111111111111@1111111111111111111111111111a1111111111111111111a111111111
31333,harshil,1
31334,harshil,1
31335,harshil,1
31336,harshil,111111111111111111111111111111111111111111@1111111111111111111111111111a1111111111111111111a111111111
31337,harshil,111
31338,harshil,111111111111111111111111111111111111111111@1111111111111111111111111111a1111111111111111111a111111111
31339,harshil,1
31340,harshil,1
31341,harshil,1
31342,harshil,111111111111111111111111111111111111111111@1111111111111111111111111111a1111111111111111111a111111111
31343,harshil,111
31344,harshil,111111111111111111111111111111111111111111@1111111111111111111111111111a1111111111111111111a111111111
31345,harshil,1
31346,harshil,1
31347,harshil,1
31348,harshil,111111111111111111111111111111111111111111@1111111111111111111111111111a1111111111111111111a111111111
31349,harshil,111
31350,harshil,111111111111111111111111111111111111111111@1111111111111111111111111111a1111111111111111111a111111111
31351,harshil,1
31352,harshil,1
31353,harshil,1
31354,harshil,111111111111111111111111111111111111111111@1111111111111111111111111111a1111111111111111111a111111111
31355,harshil,111
31356,harshil,111111111111111111111111111111111111111111@1111111111111111111111111111a1111111111111111111a111111111
31357,harshil,1
31358,harshil,1
31359,harshil,1
31360,harshil,111111111111111111111111111111111111111111@1111111111111111111111111111a1111111111111111111a111111111
31361,harshil,111
31362,harshil,111111111111111111111111111111111111111111@1111111111111111111111111111a1111111111111111111a111111111
31363,harshil,1
31364,harshil,1
31365,harshil,1
31366,harshil,111111111111111111111111111111111111111111@1111111111111111111111111111a1111111111111111111a111111111
31367,harshil,111
31368,harshil,111111111111111111111111111111111111111111@1111111111111111111111111111a1111111111111111111a111111111
31369,harshil,1
31370,harshil,1
31371,harshil,1
31372,harshil,111111111111111111111111111111111111111111@1111111111111111111111111111a1111111111111111111a111111111
31373,harshil,111
31374,harshil,111111111111111111111111111111111111111111@1111111111111111111111111111a1111111111111111111a111111111
31375,harshil,1
31376,harshil,1
31377,harshil,1
31378,harshil,111111111111111111111111111111111111111111@1111111111111111111111111111a1111111111111111111a111111111
31379,harshil,111
31380,harshil,111111111111111111111111111111111111111111@1111111111111111111111111111a1111111111111111111a111111111
31381,harshil,1
31382,harshil,1
31383,harshil,1
31384,harshil,111111111111111111111111111111111111111111@1111111111111111111111111111a1111111111111111111a111111111
31385,harshil,111
31386,harshil,111111111111111111111111111111111111111111@1111111111111111111111111111a1111111111111111111a111111111
31387,harshil,1
31388,harshil,1
31389,harshil,1
31390,harshil,111111111111111111111111111111111111111111@1111111111111111111111111111a1111111111111111111a111111111
31391,harshil,111
31392,harshil,111111111111111111111111111111111111111111@1111111111111111111111111111a1111111111111111111a111111111
31393,harshil,1
31394,harshil,1
31395,harshil,1
31396,harshil,111111111111111111111111111111111111111111@1111111111111111111111111111a1111111111111111111a111111111
31397,harshil,111
31398,harshil,111111111111111111111111111111111111111111@1111111111111111111111111111a1111111111111111111a111111111
31399,harshil,1
31400,harshil,1
31401,harshil,1
31402,harshil,111111111111111111111111111111111111111111@1111111111111111111111111111a1111111111111111111a111111111
31403,harshil,111
31404,harshil,111111111111111111111111111111111111111111@1111111111111111111111111111a1111111111111111111a111111111
31405,harshil,1
31406,harshil,1
31407,harshil,1
31408,harshil,111111111111111111111111111111111111111111@1111111111111111111111111111a1111111111111111111a111111111
31409,harshil,111
31410,harshil,111111111111111111111111111111111111111111@1111111111111111111111111111a1111111111111111111a111111111
31411,harshil,1
31412,harshil,1
31413,harshil,1
31414,harshil,111111111111111111111111111111111111111111@1111111111111111111111111111a1111111111111111111a111111111
31415,harshil,111
31416,harshil,111111111111111111111111111111111111111111@1111111111111111111111111111a1111111111111111111a111111111
31417,harshil,1
31418,harshil,1
31419,harshil,1
31420,harshil,111111111111111111111111111111111111111111@1111111111111111111111111111a1111111111111111111a111111111
31421,harshil,111
31422,harshil,111111111111111111111111111111111111111111@1111111111111111111111111111a1111111111111111111a111111111
31423,harshil,1
31424,harshil,1
31425,harshil,1
31426,harshil,111111111111111111111111111111111111111111@1111111111111111111111111111a1111111111111111111a111111111
31427,harshil,111
31428,harshil,111111111111111111111111111111111111111111@1111111111111111111111111111a1111111111111111111a111111111
31429,harshil,1
31430,harshil,1
31431,harshil,1
31432,harshil,111111111111111111111111111111111111111111@1111111111111111111111111111a1111111111111111111a111111111
31433,harshil,111
31434,harshil,111111111111111111111111111111111111111111@1111111111111111111111111111a1111111111111111111a111111111
31435,harshil,1
31436,harshil,1
31437,harshil,1
31438,harshil,111111111111111111111111111111111111111111@1111111111111111111111111111a1111111111111111111a111111111
31439,harshil,111
31440,harshil,111111111111111111111111111111111111111111@1111111111111111111111111111a1111111111111111111a111111111
31441,harshil,1
31442,harshil,1
31443,harshil,1
31444,harshil,111111111111111111111111111111111111111111@1111111111111111111111111111a1111111111111111111a111111111
31445,harshil,111
31446,harshil,111111111111111111111111111111111111111111@1111111111111111111111111111a1111111111111111111a111111111
31447,harshil,1
31448,harshil,1
31449,harshil,1
31450,harshil,111111111111111111111111111111111111111111@1111111111111111111111111111a1111111111111111111a111111111
31451,harshil,111
31452,harshil,111111111111111111111111111111111111111111@1111111111111111111111111111a1111111111111111111a111111111
31453,harshil,1
31454,harshil,1
31455,harshil,1
31456,harshil,111111111111111111111111111111111111111111@1111111111111111111111111111a1111111111111111111a111111111
31457,harshil,111
31458,harshil,111111111111111111111111111111111111111111@1111111111111111111111111111a1111111111111111111a111111111
31459,harshil,1
31460,harshil,1
31461,harshil,1
31462,harshil,111111111111111111111111111111111111111111@1111111111111111111111111111a1111111111111111111a111111111
31463,harshil,111
31464,harshil,111111111111111111111111111111111111111111@1111111111111111111111111111a1111111111111111111a111111111
31465,harshil,1
31466,harshil,1
31467,harshil,1
31468,harshil,111111111111111111111111111111111111111111@1111111111111111111111111111a1111111111111111111a111111111
31469,harshil,111
31470,harshil,111111111111111111111111111111111111111111@1111111111111111111111111111a1111111111111111111a111111111
31471,harshil,1
31472,harshil,1
31473,harshil,1
31474,harshil,111111111111111111111111111111111111111111@1111111111111111111111111111a1111111111111111111a111111111
31475,harshil,111
31476,harshil,111111111111111111111111111111111111111111@1111111111111111111111111111a1111111111111111111a111111111
31477,harshil,1
31478,harshil,1
31479,harshil,1
31480,harshil,111111111111111111111111111111111111111111@1111111111111111111111111111a1111111111111111111a111111111
31481,harshil,111
31482,harshil,111111111111111111111111111111111111111111@1111111111111111111111111111a1111111111111111111a111111111
31483,harshil,1
31484,harshil,1
31485,harshil,1
31486,harshil,111111111111111111111111111111111111111111@1111111111111111111111111111a1111111111111111111a111111111
31487,harshil,111
31488,harshil,111111111111111111111111111111111111111111@1111111111111111111111111111a1111111111111111111a111111111
31489,harshil,1
31490,harshil,1
31491,harshil,1
31492,harshil,111111111111111111111111111111111111111111@1111111111111111111111111111a1111111111111111111a111111111
31493,harshil,111
31494,harshil,111111111111111111111111111111111111111111@1111111111111111111111111111a1111111111111111111a111111111
31495,harshil,1
31496,harshil,1
31497,harshil,1
31498,harshil,111111111111111111111111111111111111111111@1111111111111111111111111111a1111111111111111111a111111111
31499,harshil,111
31500,harshil,111111111111111111111111111111111111111111@1111111111111111111111111111a1111111111111111111a111111111
31501,harshil,1
31502,harshil,1
31503,harshil,1
31504,harshil,111111111111111111111111111111111111111111@1111111111111111111111111111a1111111111111111111a111111111
31505,harshil,111
31506,harshil,111111111111111111111111111111111111111111@1111111111111111111111111111a1111111111111111111a111111111
31507,harshil,1
31508,harshil,1
31509,harshil,1
31510,harshil,111111111111111111111111111111111111111111@1111111111111111111111111111a1111111111111111111a111111111
31511,harshil,111
31512,harshil,111111111111111111111111111111111111111111@1111111111111111111111111111a1111111111111111111a111111111
31513,harshil,1
31514,harshil,1
31515,harshil,1
31516,harshil,111111111111111111111111111111111111111111@1111111111111111111111111111a1111111111111111111a111111111
31517,harshil,111
31518,harshil,111111111111111111111111111111111111111111@1111111111111111111111111111a1111111111111111111a111111111
31519,harshil,1
31520,harshil,1
31521,harshil,1
31522,harshil,111111111111111111111111111111111111111111@1111111111111111111111111111a1111111111111111111a111111111
31523,harshil,111
31524,harshil,111111111111111111111111111111111111111111@1111111111111111111111111111a1111111111111111111a111111111
31525,harshil,1
31526,harshil,1
31527,harshil,1
31528,harshil,111111111111111111111111111111111111111111@1111111111111111111111111111a1111111111111111111a111111111
31529,harshil,111
31530,harshil,111111111111111111111111111111111111111111@1111111111111111111111111111a1111111111111111111a111111111
31531,harshil,1
31532,harshil,1
31533,harshil,1
31534,harshil,111111111111111111111111111111111111111111@1111111111111111111111111111a1111111111111111111a111111111
31535,harshil,111
31536,harshil,111111111111111111111111111111111111111111@1111111111111111111111111111a1111111111111111111a111111111
31537,harshil,1
31538,harshil,1
31539,harshil,1
31540,harshil,111111111111111111111111111111111111111111@1111111111111111111111111111a1111111111111111111a111111111
31541,harshil,111
31542,harshil,111111111111111111111111111111111111111111@1111111111111111111111111111a1111111111111111111a111111111
31543,harshil,1
31544,harshil,1
31545,harshil,1
31546,harshil,111111111111111111111111111111111111111111@1111111111111111111111111111a1111111111111111111a111111111
31547,harshil,111
31548,harshil,111111111111111111111111111111111111111111@1111111111111111111111111111a1111111111111111111a111111111
31549,harshil,1
31550,harshil,1
31551,harshil,1
31552,harshil,111111111111111111111111111111111111111111@1111111111111111111111111111a1111111111111111111a111111111
31553,harshil,111
31554,harshil,111111111111111111111111111111111111111111@1111111111111111111111111111a1111111111111111111a111111111
31555,harshil,1
31556,harshil,1
31557,harshil,1
31558,harshil,111111111111111111111111111111111111111111@1111111111111111111111111111a1111111111111111111a111111111
31559,harshil,111
31560,harshil,111111111111111111111111111111111111111111@1111111111111111111111111111a1111111111111111111a111111111
31561,harshil,1
31562,harshil,1
31563,harshil,1
31564,harshil,111111111111111111111111111111111111111111@1111111111111111111111111111a1111111111111111111a111111111
31565,harshil,111
31566,harshil,111111111111111111111111111111111111111111@1111111111111111111111111111a1111111111111111111a111111111
31567,harshil,1
31568,harshil,1
31569,harshil,1
31570,harshil,111111111111111111111111111111111111111111@1111111111111111111111111111a1111111111111111111a111111111
31571,harshil,111
31572,harshil,111111111111111111111111111111111111111111@1111111111111111111111111111a1111111111111111111a111111111
31573,harshil,1
31574,harshil,1
31575,harshil,1
31576,harshil,111111111111111111111111111111111111111111@1111111111111111111111111111a1111111111111111111a111111111
31577,harshil,111
31578,harshil,111111111111111111111111111111111111111111@1111111111111111111111111111a1111111111111111111a111111111
31579,harshil,1
31580,harshil,1
31581,harshil,1
31582,harshil,111111111111111111111111111111111111111111@1111111111111111111111111111a1111111111111111111a111111111
31583,harshil,111
31584,harshil,111111111111111111111111111111111111111111@1111111111111111111111111111a1111111111111111111a111111111
31585,harshil,1
31586,harshil,1
31587,harshil,1
31588,harshil,111111111111111111111111111111111111111111@1111111111111111111111111111a1111111111111111111a111111111
31589,harshil,111
31590,harshil,111111111111111111111111111111111111111111@1111111111111111111111111111a1111111111111111111a111111111
31591,harshil,1
31592,harshil,1
31593,harshil,1
31594,harshil,111111111111111111111111111111111111111111@1111111111111111111111111111a1111111111111111111a111111111
31595,harshil,111
31596,harshil,111111111111111111111111111111111111111111@1111111111111111111111111111a1111111111111111111a111111111
31597,harshil,1
31598,harshil,1
31599,harshil,1
31600,harshil,111111111111111111111111111111111111111111@1111111111111111111111111111a1111111111111111111a111111111
31601,harshil,111
31602,harshil,111111111111111111111111111111111111111111@1111111111111111111111111111a1111111111111111111a111111111
31603,harshil,1
31604,harshil,1
31605,harshil,1
31606,harshil,111111111111111111111111111111111111111111@1111111111111111111111111111a1111111111111111111a111111111
31607,harshil,111
31608,harshil,111111111111111111111111111111111111111111@1111111111111111111111111111a1111111111111111111a111111111
31609,harshil,1
31610,harshil,1
31611,harshil,1
31612,harshil,111111111111111111111111111111111111111111@1111111111111111111111111111a1111111111111111111a111111111
31613,harshil,111
31614,harshil,111111111111111111111111111111111111111111@1111111111111111111111111111a1111111111111111111a111111111
31615,harshil,1
31616,harshil,1
31617,harshil,1
31618,harshil,111111111111111111111111111111111111111111@1111111111111111111111111111a1111111111111111111a111111111
31619,harshil,111
31620,harshil,111111111111111111111111111111111111111111@1111111111111111111111111111a1111111111111111111a111111111
31621,harshil,1
31622,harshil,1
31623,harshil,1
31624,harshil,111111111111111111111111111111111111111111@1111111111111111111111111111a1111111111111111111a111111111
31625,harshil,111
31626,harshil,111111111111111111111111111111111111111111@1111111111111111111111111111a1111111111111111111a111111111
31627,harshil,1
31628,harshil,1
31629,harshil,1
31630,harshil,111111111111111111111111111111111111111111@1111111111111111111111111111a1111111111111111111a111111111
31631,harshil,111
31632,harshil,111111111111111111111111111111111111111111@1111111111111111111111111111a1111111111111111111a111111111
31633,harshil,1
31634,harshil,1
31635,harshil,1
31636,harshil,111111111111111111111111111111111111111111@1111111111111111111111111111a1111111111111111111a111111111
31637,harshil,111
31638,harshil,111111111111111111111111111111111111111111@1111111111111111111111111111a1111111111111111111a111111111
31639,harshil,1
31640,harshil,1
31641,harshil,1
31642,harshil,111111111111111111111111111111111111111111@1111111111111111111111111111a1111111111111111111a111111111
31643,harshil,111
31644,harshil,111111111111111111111111111111111111111111@1111111111111111111111111111a1111111111111111111a111111111
31645,harshil,1
31646,harshil,1
31647,harshil,1
31648,harshil,111111111111111111111111111111111111111111@1111111111111111111111111111a1111111111111111111a111111111
31649,harshil,111
31650,harshil,111111111111111111111111111111111111111111@1111111111111111111111111111a1111111111111111111a111111111
31651,harshil,1
31652,harshil,1
31653,harshil,1
31654,harshil,111111111111111111111111111111111111111111@1111111111111111111111111111a1111111111111111111a111111111
31655,harshil,111
31656,harshil,111111111111111111111111111111111111111111@1111111111111111111111111111a1111111111111111111a111111111
31657,harshil,1
31658,harshil,1
31659,harshil,1
31660,harshil,111111111111111111111111111111111111111111@1111111111111111111111111111a1111111111111111111a111111111
31661,harshil,111
31662,harshil,111111111111111111111111111111111111111111@1111111111111111111111111111a1111111111111111111a111111111
31663,harshil,1
31664,harshil,1
31665,harshil,1
31666,harshil,111111111111111111111111111111111111111111@1111111111111111111111111111a1111111111111111111a111111111
31667,harshil,111
31668,harshil,111111111111111111111111111111111111111111@1111111111111111111111111111a1111111111111111111a111111111
31669,harshil,1
31670,harshil,1
31671,harshil,1
31672,harshil,111111111111111111111111111111111111111111@1111111111111111111111111111a1111111111111111111a111111111
31673,harshil,111
31674,harshil,111111111111111111111111111111111111111111@1111111111111111111111111111a1111111111111111111a111111111
31675,harshil,1
31676,harshil,1
31677,harshil,1
31678,harshil,111111111111111111111111111111111111111111@1111111111111111111111111111a1111111111111111111a111111111
31679,harshil,111
31680,harshil,111111111111111111111111111111111111111111@1111111111111111111111111111a1111111111111111111a111111111
31681,harshil,1
31682,harshil,1
31683,harshil,1
31684,harshil,111111111111111111111111111111111111111111@1111111111111111111111111111a1111111111111111111a111111111
31685,harshil,111
31686,harshil,111111111111111111111111111111111111111111@1111111111111111111111111111a1111111111111111111a111111111
31687,harshil,1
31688,harshil,1
31689,harshil,1
31690,harshil,111111111111111111111111111111111111111111@1111111111111111111111111111a1111111111111111111a111111111
31691,harshil,111
31692,harshil,111111111111111111111111111111111111111111@1111111111111111111111111111a1111111111111111111a111111111
31693,harshil,1
31694,harshil,1
31695,harshil,1
31696,harshil,111111111111111111111111111111111111111111@1111111111111111111111111111a1111111111111111111a111111111
31697,harshil,111
31698,harshil,111111111111111111111111111111111111111111@1111111111111111111111111111a1111111111111111111a111111111
31699,harshil,1
31700,harshil,1
31701,harshil,1
31702,harshil,111111111111111111111111111111111111111111@1111111111111111111111111111a1111111111111111111a111111111
31703,harshil,111
31704,harshil,111111111111111111111111111111111111111111@1111111111111111111111111111a1111111111111111111a111111111
31705,harshil,1
31706,harshil,1
31707,harshil,1
31708,harshil,111111111111111111111111111111111111111111@1111111111111111111111111111a1111111111111111111a111111111
31709,harshil,111
31710,harshil,111111111111111111111111111111111111111111@1111111111111111111111111111a1111111111111111111a111111111
31711,harshil,1
31712,harshil,1
31713,harshil,1
31714,harshil,111111111111111111111111111111111111111111@1111111111111111111111111111a1111111111111111111a111111111
31715,harshil,111
31716,harshil,111111111111111111111111111111111111111111@1111111111111111111111111111a1111111111111111111a111111111
31717,harshil,1
31718,harshil,1
31719,harshil,1
31720,harshil,111111111111111111111111111111111111111111@1111111111111111111111111111a1111111111111111111a111111111
31721,harshil,111
31722,harshil,111111111111111111111111111111111111111111@1111111111111111111111111111a1111111111111111111a111111111
31723,harshil,1
31724,harshil,1
31725,harshil,1
31726,harshil,111111111111111111111111111111111111111111@1111111111111111111111111111a1111111111111111111a111111111
31727,harshil,111
31728,harshil,111111111111111111111111111111111111111111@1111111111111111111111111111a1111111111111111111a111111111
31729,harshil,1
31730,harshil,1
31731,harshil,1
31732,harshil,111111111111111111111111111111111111111111@1111111111111111111111111111a1111111111111111111a111111111
31733,harshil,111
31734,harshil,111111111111111111111111111111111111111111@1111111111111111111111111111a1111111111111111111a111111111
31735,harshil,1
31736,harshil,1
31737,harshil,1
31738,harshil,111111111111111111111111111111111111111111@1111111111111111111111111111a1111111111111111111a111111111
31739,harshil,111
31740,harshil,111111111111111111111111111111111111111111@1111111111111111111111111111a1111111111111111111a111111111
31741,harshil,1
31742,harshil,1
31743,harshil,1
31744,harshil,111111111111111111111111111111111111111111@1111111111111111111111111111a1111111111111111111a111111111
31745,harshil,111
31746,harshil,111111111111111111111111111111111111111111@1111111111111111111111111111a1111111111111111111a111111111
31747,harshil,1
31748,harshil,1
31749,harshil,1
31750,harshil,111111111111111111111111111111111111111111@1111111111111111111111111111a1111111111111111111a111111111
31751,harshil,111
31752,harshil,111111111111111111111111111111111111111111@1111111111111111111111111111a1111111111111111111a111111111
31753,harshil,1
31754,harshil,1
31755,harshil,1
31756,harshil,111111111111111111111111111111111111111111@1111111111111111111111111111a1111111111111111111a111111111
31757,harshil,111
31758,harshil,111111111111111111111111111111111111111111@1111111111111111111111111111a1111111111111111111a111111111
31759,harshil,1
31760,harshil,1
31761,harshil,1
31762,harshil,111111111111111111111111111111111111111111@1111111111111111111111111111a1111111111111111111a111111111
31763,harshil,111
31764,harshil,111111111111111111111111111111111111111111@1111111111111111111111111111a1111111111111111111a111111111
31765,harshil,1
31766,harshil,1
31767,harshil,1
31768,harshil,111111111111111111111111111111111111111111@1111111111111111111111111111a1111111111111111111a111111111
31769,harshil,111
31770,harshil,111111111111111111111111111111111111111111@1111111111111111111111111111a1111111111111111111a111111111
31771,harshil,1
31772,harshil,1
31773,harshil,1
31774,harshil,111111111111111111111111111111111111111111@1111111111111111111111111111a1111111111111111111a111111111
31775,harshil,111
31776,harshil,111111111111111111111111111111111111111111@1111111111111111111111111111a1111111111111111111a111111111
31777,harshil,1
31778,harshil,1
31779,harshil,1
31780,harshil,111111111111111111111111111111111111111111@1111111111111111111111111111a1111111111111111111a111111111
31781,harshil,111
31782,harshil,111111111111111111111111111111111111111111@1111111111111111111111111111a1111111111111111111a111111111
31783,harshil,1
31784,harshil,1
31785,harshil,1
31786,harshil,111111111111111111111111111111111111111111@1111111111111111111111111111a1111111111111111111a111111111
31787,harshil,111
31788,harshil,111111111111111111111111111111111111111111@1111111111111111111111111111a1111111111111111111a111111111
31789,harshil,1
31790,harshil,1
31791,harshil,1
31792,harshil,111111111111111111111111111111111111111111@1111111111111111111111111111a1111111111111111111a111111111
31793,harshil,111
31794,harshil,111111111111111111111111111111111111111111@1111111111111111111111111111a1111111111111111111a111111111
31795,harshil,1
31796,harshil,1
31797,harshil,1
31798,harshil,111111111111111111111111111111111111111111@1111111111111111111111111111a1111111111111111111a111111111
31799,harshil,111
31800,harshil,111111111111111111111111111111111111111111@1111111111111111111111111111a1111111111111111111a111111111
31801,harshil,1
31802,harshil,1
31803,harshil,1
31804,harshil,111111111111111111111111111111111111111111@1111111111111111111111111111a1111111111111111111a111111111
31805,harshil,111
31806,harshil,111111111111111111111111111111111111111111@1111111111111111111111111111a1111111111111111111a111111111
31807,harshil,1
31808,harshil,1
31809,harshil,1
31810,harshil,111111111111111111111111111111111111111111@1111111111111111111111111111a1111111111111111111a111111111
31811,harshil,111
31812,harshil,111111111111111111111111111111111111111111@1111111111111111111111111111a1111111111111111111a111111111
31813,harshil,1
31814,harshil,1
31815,harshil,1
31816,harshil,111111111111111111111111111111111111111111@1111111111111111111111111111a1111111111111111111a111111111
31817,harshil,111
31818,harshil,111111111111111111111111111111111111111111@1111111111111111111111111111a1111111111111111111a111111111
31819,harshil,1
31820,harshil,1
31821,harshil,1
31822,harshil,111111111111111111111111111111111111111111@1111111111111111111111111111a1111111111111111111a111111111
31823,harshil,111
31824,harshil,111111111111111111111111111111111111111111@1111111111111111111111111111a1111111111111111111a111111111
31825,harshil,1
31826,harshil,1
31827,harshil,1
31828,harshil,111111111111111111111111111111111111111111@1111111111111111111111111111a1111111111111111111a111111111
31829,harshil,111
31830,harshil,111111111111111111111111111111111111111111@1111111111111111111111111111a1111111111111111111a111111111
31831,harshil,1
31832,harshil,1
31833,harshil,1
31834,harshil,111111111111111111111111111111111111111111@1111111111111111111111111111a1111111111111111111a111111111
31835,harshil,111
31836,harshil,111111111111111111111111111111111111111111@1111111111111111111111111111a1111111111111111111a111111111
31837,harshil,1
31838,harshil,1
31839,harshil,1
31840,harshil,111111111111111111111111111111111111111111@1111111111111111111111111111a1111111111111111111a111111111
31841,harshil,111
31842,harshil,111111111111111111111111111111111111111111@1111111111111111111111111111a1111111111111111111a111111111
31843,harshil,1
31844,harshil,1
31845,harshil,1
31846,harshil,111111111111111111111111111111111111111111@1111111111111111111111111111a1111111111111111111a111111111
31847,harshil,111
31848,harshil,111111111111111111111111111111111111111111@1111111111111111111111111111a1111111111111111111a111111111
31849,harshil,1
31850,harshil,1
31851,harshil,1
31852,harshil,111111111111111111111111111111111111111111@1111111111111111111111111111a1111111111111111111a111111111
31853,harshil,111
31854,harshil,111111111111111111111111111111111111111111@1111111111111111111111111111a1111111111111111111a111111111
31855,harshil,1
31856,harshil,1
31857,harshil,1
31858,harshil,111111111111111111111111111111111111111111@1111111111111111111111111111a1111111111111111111a111111111
31859,harshil,111
31860,harshil,111111111111111111111111111111111111111111@1111111111111111111111111111a1111111111111111111a111111111
31861,harshil,1
31862,harshil,1
31863,harshil,1
31864,harshil,111111111111111111111111111111111111111111@1111111111111111111111111111a1111111111111111111a111111111
31865,harshil,111
31866,harshil,111111111111111111111111111111111111111111@1111111111111111111111111111a1111111111111111111a111111111
31867,harshil,1
31868,harshil,1
31869,harshil,1
31870,harshil,111111111111111111111111111111111111111111@1111111111111111111111111111a1111111111111111111a111111111
31871,harshil,111
31872,harshil,111111111111111111111111111111111111111111@1111111111111111111111111111a1111111111111111111a111111111
31873,harshil,1
31874,harshil,1
31875,harshil,1
31876,harshil,111111111111111111111111111111111111111111@1111111111111111111111111111a1111111111111111111a111111111
31877,harshil,111
31878,harshil,111111111111111111111111111111111111111111@1111111111111111111111111111a1111111111111111111a111111111
31879,harshil,1
31880,harshil,1
31881,harshil,1
31882,harshil,111111111111111111111111111111111111111111@1111111111111111111111111111a1111111111111111111a111111111
31883,harshil,111
31884,harshil,111111111111111111111111111111111111111111@1111111111111111111111111111a1111111111111111111a111111111
31885,harshil,1
31886,harshil,1
31887,harshil,1
31888,harshil,111111111111111111111111111111111111111111@1111111111111111111111111111a1111111111111111111a111111111
31889,harshil,111
31890,harshil,111111111111111111111111111111111111111111@1111111111111111111111111111a1111111111111111111a111111111
31891,harshil,1
31892,harshil,1
31893,harshil,1
31894,harshil,111111111111111111111111111111111111111111@1111111111111111111111111111a1111111111111111111a111111111
31895,harshil,111
31896,harshil,111111111111111111111111111111111111111111@1111111111111111111111111111a1111111111111111111a111111111
31897,harshil,1
31898,harshil,1
31899,harshil,1
31900,harshil,111111111111111111111111111111111111111111@1111111111111111111111111111a1111111111111111111a111111111
31901,harshil,111
31902,harshil,111111111111111111111111111111111111111111@1111111111111111111111111111a1111111111111111111a111111111
31903,harshil,1
31904,harshil,1
31905,harshil,1
31906,harshil,111111111111111111111111111111111111111111@1111111111111111111111111111a1111111111111111111a111111111
31907,harshil,111
31908,harshil,111111111111111111111111111111111111111111@1111111111111111111111111111a1111111111111111111a111111111
31909,harshil,1
31910,harshil,1
31911,harshil,1
31912,harshil,111111111111111111111111111111111111111111@1111111111111111111111111111a1111111111111111111a111111111
31913,harshil,111
31914,harshil,111111111111111111111111111111111111111111@1111111111111111111111111111a1111111111111111111a111111111
31915,harshil,1
31916,harshil,1
31917,harshil,1
31918,harshil,111111111111111111111111111111111111111111@1111111111111111111111111111a1111111111111111111a111111111
31919,harshil,111
31920,harshil,111111111111111111111111111111111111111111@1111111111111111111111111111a1111111111111111111a111111111
31921,harshil,1
31922,harshil,1
31923,harshil,1
31924,harshil,111111111111111111111111111111111111111111@1111111111111111111111111111a1111111111111111111a111111111
31925,harshil,111
31926,harshil,111111111111111111111111111111111111111111@1111111111111111111111111111a1111111111111111111a111111111
31927,harshil,1
31928,harshil,1
31929,harshil,1
31930,harshil,111111111111111111111111111111111111111111@1111111111111111111111111111a1111111111111111111a111111111
31931,harshil,111
31932,harshil,111111111111111111111111111111111111111111@1111111111111111111111111111a1111111111111111111a111111111
31933,harshil,1
31934,harshil,1
31935,harshil,1
31936,harshil,111111111111111111111111111111111111111111@1111111111111111111111111111a1111111111111111111a111111111
31937,harshil,111
31938,harshil,111111111111111111111111111111111111111111@1111111111111111111111111111a1111111111111111111a111111111
31939,harshil,1
31940,harshil,1
31941,harshil,1
31942,harshil,111111111111111111111111111111111111111111@1111111111111111111111111111a1111111111111111111a111111111
31943,harshil,111
31944,harshil,111111111111111111111111111111111111111111@1111111111111111111111111111a1111111111111111111a111111111
31945,harshil,1
31946,harshil,1
31947,harshil,1
31948,harshil,111111111111111111111111111111111111111111@1111111111111111111111111111a1111111111111111111a111111111
31949,harshil,111
31950,harshil,111111111111111111111111111111111111111111@1111111111111111111111111111a1111111111111111111a111111111
31951,harshil,1
31952,harshil,1
31953,harshil,1
31954,harshil,111111111111111111111111111111111111111111@1111111111111111111111111111a1111111111111111111a111111111
31955,harshil,111
31956,harshil,111111111111111111111111111111111111111111@1111111111111111111111111111a1111111111111111111a111111111
31957,harshil,1
31958,harshil,1
31959,harshil,1
31960,harshil,111111111111111111111111111111111111111111@1111111111111111111111111111a1111111111111111111a111111111
31961,harshil,111
31962,harshil,111111111111111111111111111111111111111111@1111111111111111111111111111a1111111111111111111a111111111
31963,harshil,1
31964,harshil,1
31965,harshil,1
31966,harshil,111111111111111111111111111111111111111111@1111111111111111111111111111a1111111111111111111a111111111
31967,harshil,111
31968,harshil,111111111111111111111111111111111111111111@1111111111111111111111111111a1111111111111111111a111111111
31969,harshil,1
31970,harshil,1
31971,harshil,1
31972,harshil,111111111111111111111111111111111111111111@1111111111111111111111111111a1111111111111111111a111111111
31973,harshil,111
31974,harshil,111111111111111111111111111111111111111111@1111111111111111111111111111a1111111111111111111a111111111
31975,harshil,1
31976,harshil,1
31977,harshil,1
31978,harshil,111111111111111111111111111111111111111111@1111111111111111111111111111a1111111111111111111a111111111
31979,harshil,111
31980,harshil,111111111111111111111111111111111111111111@1111111111111111111111111111a1111111111111111111a111111111
31981,harshil,1
31982,harshil,1
31983,harshil,1
31984,harshil,111111111111111111111111111111111111111111@1111111111111111111111111111a1111111111111111111a111111111
31985,harshil,111
31986,harshil,111111111111111111111111111111111111111111@1111111111111111111111111111a1111111111111111111a111111111
31987,harshil,1
31988,harshil,1
31989,harshil,1
31990,harshil,111111111111111111111111111111111111111111@1111111111111111111111111111a1111111111111111111a111111111
31991,harshil,111
31992,harshil,111111111111111111111111111111111111111111@1111111111111111111111111111a1111111111111111111a111111111
31993,harshil,1
31994,harshil,1
31995,harshil,1
31996,harshil,111111111111111111111111111111111111111111@1111111111111111111111111111a1111111111111111111a111111111
31997,harshil,111
31998,harshil,111111111111111111111111111111111111111111@1111111111111111111111111111a1111111111111111111a111111111
31999,harshil,1
32000,harshil,1
32001,harshil,1
32002,harshil,111111111111111111111111111111111111111111@1111111111111111111111111111a1111111111111111111a111111111
32003,harshil,111
32004,harshil,111111111111111111111111111111111111111111@1111111111111111111111111111a1111111111111111111a111111111
32005,harshil,1
32006,harshil,1
32007,harshil,1
32008,harshil,111111111111111111111111111111111111111111@1111111111111111111111111111a1111111111111111111a111111111
32009,harshil,111
32010,harshil,111111111111111111111111111111111111111111@1111111111111111111111111111a1111111111111111111a111111111
32011,harshil,1
32012,harshil,1
32013,harshil,1
32014,harshil,111111111111111111111111111111111111111111@1111111111111111111111111111a1111111111111111111a111111111
32015,harshil,111
32016,harshil,111111111111111111111111111111111111111111@1111111111111111111111111111a1111111111111111111a111111111
32017,harshil,1
32018,harshil,1
32019,harshil,1
32020,harshil,111111111111111111111111111111111111111111@1111111111111111111111111111a1111111111111111111a111111111
32021,harshil,111
32022,harshil,111111111111111111111111111111111111111111@1111111111111111111111111111a1111111111111111111a111111111
32023,harshil,1
32024,harshil,1
32025,harshil,1
32026,harshil,111111111111111111111111111111111111111111@1111111111111111111111111111a1111111111111111111a111111111
32027,harshil,111
32028,harshil,111111111111111111111111111111111111111111@1111111111111111111111111111a1111111111111111111a111111111
32029,harshil,1
32030,harshil,1
32031,harshil,1
32032,harshil,111111111111111111111111111111111111111111@1111111111111111111111111111a1111111111111111111a111111111
32033,harshil,111
32034,harshil,111111111111111111111111111111111111111111@1111111111111111111111111111a1111111111111111111a111111111
32035,harshil,1
32036,harshil,1
32037,harshil,1
32038,harshil,111111111111111111111111111111111111111111@1111111111111111111111111111a1111111111111111111a111111111
32039,harshil,111
32040,harshil,111111111111111111111111111111111111111111@1111111111111111111111111111a1111111111111111111a111111111
32041,harshil,1
32042,harshil,1
32043,harshil,1
32044,harshil,111111111111111111111111111111111111111111@1111111111111111111111111111a1111111111111111111a111111111
32045,harshil,111
32046,harshil,111111111111111111111111111111111111111111@1111111111111111111111111111a1111111111111111111a111111111
32047,harshil,1
32048,harshil,1
32049,harshil,1
32050,harshil,111111111111111111111111111111111111111111@1111111111111111111111111111a1111111111111111111a111111111
32051,harshil,111
32052,harshil,111111111111111111111111111111111111111111@1111111111111111111111111111a1111111111111111111a111111111
32053,harshil,1
32054,harshil,1
32055,harshil,1
32056,harshil,111111111111111111111111111111111111111111@1111111111111111111111111111a1111111111111111111a111111111
32057,harshil,111
32058,harshil,111111111111111111111111111111111111111111@1111111111111111111111111111a1111111111111111111a111111111
32059,harshil,1
32060,harshil,1
32061,harshil,1
32062,harshil,111111111111111111111111111111111111111111@1111111111111111111111111111a1111111111111111111a111111111
32063,harshil,111
32064,harshil,111111111111111111111111111111111111111111@1111111111111111111111111111a1111111111111111111a111111111
32065,harshil,1
32066,harshil,1
32067,harshil,1
32068,harshil,111111111111111111111111111111111111111111@1111111111111111111111111111a1111111111111111111a111111111
32069,harshil,111
32070,harshil,111111111111111111111111111111111111111111@1111111111111111111111111111a1111111111111111111a111111111
32071,harshil,1
32072,harshil,1
32073,harshil,1
32074,harshil,111111111111111111111111111111111111111111@1111111111111111111111111111a1111111111111111111a111111111
32075,harshil,111
32076,harshil,111111111111111111111111111111111111111111@1111111111111111111111111111a1111111111111111111a111111111
32077,harshil,1
32078,harshil,1
32079,harshil,1
32080,harshil,111111111111111111111111111111111111111111@1111111111111111111111111111a1111111111111111111a111111111
32081,harshil,111
32082,harshil,111111111111111111111111111111111111111111@1111111111111111111111111111a1111111111111111111a111111111
32083,harshil,1
32084,harshil,1
32085,harshil,1
32086,harshil,111111111111111111111111111111111111111111@1111111111111111111111111111a1111111111111111111a111111111
32087,harshil,111
32088,harshil,111111111111111111111111111111111111111111@1111111111111111111111111111a1111111111111111111a111111111
32089,harshil,1
32090,harshil,1
32091,harshil,1
32092,harshil,111111111111111111111111111111111111111111@1111111111111111111111111111a1111111111111111111a111111111
32093,harshil,111
32094,harshil,111111111111111111111111111111111111111111@1111111111111111111111111111a1111111111111111111a111111111
32095,harshil,1
32096,harshil,1
32097,harshil,1
32098,harshil,111111111111111111111111111111111111111111@1111111111111111111111111111a1111111111111111111a111111111
32099,harshil,111
32100,harshil,111111111111111111111111111111111111111111@1111111111111111111111111111a1111111111111111111a111111111
32101,harshil,1
32102,harshil,1
32103,harshil,1
32104,harshil,111111111111111111111111111111111111111111@1111111111111111111111111111a1111111111111111111a111111111
32105,harshil,111
32106,harshil,111111111111111111111111111111111111111111@1111111111111111111111111111a1111111111111111111a111111111
32107,harshil,1
32108,harshil,1
32109,harshil,1
32110,harshil,111111111111111111111111111111111111111111@1111111111111111111111111111a1111111111111111111a111111111
32111,harshil,111
32112,harshil,111111111111111111111111111111111111111111@1111111111111111111111111111a1111111111111111111a111111111
32113,harshil,1
32114,harshil,1
32115,harshil,1
32116,harshil,111111111111111111111111111111111111111111@1111111111111111111111111111a1111111111111111111a111111111
32117,harshil,111
32118,harshil,111111111111111111111111111111111111111111@1111111111111111111111111111a1111111111111111111a111111111
32119,harshil,1
32120,harshil,1
32121,harshil,1
32122,harshil,111111111111111111111111111111111111111111@1111111111111111111111111111a1111111111111111111a111111111
32123,harshil,111
32124,harshil,111111111111111111111111111111111111111111@1111111111111111111111111111a1111111111111111111a111111111
32125,harshil,1
32126,harshil,1
32127,harshil,1
32128,harshil,111111111111111111111111111111111111111111@1111111111111111111111111111a1111111111111111111a111111111
32129,harshil,111
32130,harshil,111111111111111111111111111111111111111111@1111111111111111111111111111a1111111111111111111a111111111
32131,harshil,1
32132,harshil,1
32133,harshil,1
32134,harshil,111111111111111111111111111111111111111111@1111111111111111111111111111a1111111111111111111a111111111
32135,harshil,111
32136,harshil,111111111111111111111111111111111111111111@1111111111111111111111111111a1111111111111111111a111111111
32137,harshil,1
32138,harshil,1
32139,harshil,1
32140,harshil,111111111111111111111111111111111111111111@1111111111111111111111111111a1111111111111111111a111111111
32141,harshil,111
32142,harshil,111111111111111111111111111111111111111111@1111111111111111111111111111a1111111111111111111a111111111
32143,harshil,1
32144,harshil,1
32145,harshil,1
32146,harshil,111111111111111111111111111111111111111111@1111111111111111111111111111a1111111111111111111a111111111
32147,harshil,111
32148,harshil,111111111111111111111111111111111111111111@1111111111111111111111111111a1111111111111111111a111111111
32149,harshil,1
32150,harshil,1
32151,harshil,1
32152,harshil,111111111111111111111111111111111111111111@1111111111111111111111111111a1111111111111111111a111111111
32153,harshil,111
32154,harshil,111111111111111111111111111111111111111111@1111111111111111111111111111a1111111111111111111a111111111
32155,harshil,1
32156,harshil,1
32157,harshil,1
32158,harshil,111111111111111111111111111111111111111111@1111111111111111111111111111a1111111111111111111a111111111
32159,harshil,111
32160,harshil,111111111111111111111111111111111111111111@1111111111111111111111111111a1111111111111111111a111111111
32161,harshil,1
32162,harshil,1
32163,harshil,1
32164,harshil,111111111111111111111111111111111111111111@1111111111111111111111111111a1111111111111111111a111111111
32165,harshil,111
32166,harshil,111111111111111111111111111111111111111111@1111111111111111111111111111a1111111111111111111a111111111
32167,harshil,1
32168,harshil,1
32169,harshil,1
32170,harshil,111111111111111111111111111111111111111111@1111111111111111111111111111a1111111111111111111a111111111
32171,harshil,111
32172,harshil,111111111111111111111111111111111111111111@1111111111111111111111111111a1111111111111111111a111111111
32173,harshil,1
32174,harshil,1
32175,harshil,1
32176,harshil,111111111111111111111111111111111111111111@1111111111111111111111111111a1111111111111111111a111111111
32177,harshil,111
32178,harshil,111111111111111111111111111111111111111111@1111111111111111111111111111a1111111111111111111a111111111
32179,harshil,1
32180,harshil,1
32181,harshil,1
32182,harshil,111111111111111111111111111111111111111111@1111111111111111111111111111a1111111111111111111a111111111
32183,harshil,111
32184,harshil,111111111111111111111111111111111111111111@1111111111111111111111111111a1111111111111111111a111111111
32185,harshil,1
32186,harshil,1
32187,harshil,1
32188,harshil,111111111111111111111111111111111111111111@1111111111111111111111111111a1111111111111111111a111111111
32189,harshil,111
32190,harshil,111111111111111111111111111111111111111111@1111111111111111111111111111a1111111111111111111a111111111
32191,harshil,1
32192,harshil,1
32193,harshil,1
32194,harshil,111111111111111111111111111111111111111111@1111111111111111111111111111a1111111111111111111a111111111
32195,harshil,111
32196,harshil,111111111111111111111111111111111111111111@1111111111111111111111111111a1111111111111111111a111111111
32197,harshil,1
32198,harshil,1
32199,harshil,1
32200,harshil,111111111111111111111111111111111111111111@1111111111111111111111111111a1111111111111111111a111111111
32201,harshil,111
32202,harshil,111111111111111111111111111111111111111111@1111111111111111111111111111a1111111111111111111a111111111
32203,harshil,1
32204,harshil,1
32205,harshil,1
32206,harshil,111111111111111111111111111111111111111111@1111111111111111111111111111a1111111111111111111a111111111
32207,harshil,111
32208,harshil,111111111111111111111111111111111111111111@1111111111111111111111111111a1111111111111111111a111111111
32209,harshil,1
32210,harshil,1
32211,harshil,1
32212,harshil,111111111111111111111111111111111111111111@1111111111111111111111111111a1111111111111111111a111111111
32213,harshil,111
32214,harshil,111111111111111111111111111111111111111111@1111111111111111111111111111a1111111111111111111a111111111
32215,harshil,1
32216,harshil,1
32217,harshil,1
32218,harshil,111111111111111111111111111111111111111111@1111111111111111111111111111a1111111111111111111a111111111
32219,harshil,111
32220,harshil,111111111111111111111111111111111111111111@1111111111111111111111111111a1111111111111111111a111111111
32221,harshil,1
32222,harshil,1
32223,harshil,1
32224,harshil,111111111111111111111111111111111111111111@1111111111111111111111111111a1111111111111111111a111111111
32225,harshil,111
32226,harshil,111111111111111111111111111111111111111111@1111111111111111111111111111a1111111111111111111a111111111
32227,harshil,1
32228,harshil,1
32229,harshil,1
32230,harshil,111111111111111111111111111111111111111111@1111111111111111111111111111a1111111111111111111a111111111
32231,harshil,111
32232,harshil,111111111111111111111111111111111111111111@1111111111111111111111111111a1111111111111111111a111111111
32233,harshil,1
32234,harshil,1
32235,harshil,1
32236,harshil,111111111111111111111111111111111111111111@1111111111111111111111111111a1111111111111111111a111111111
32237,harshil,111
32238,harshil,111111111111111111111111111111111111111111@1111111111111111111111111111a1111111111111111111a111111111
32239,harshil,1
32240,harshil,1
32241,harshil,1
32242,harshil,111111111111111111111111111111111111111111@1111111111111111111111111111a1111111111111111111a111111111
32243,harshil,111
32244,harshil,111111111111111111111111111111111111111111@1111111111111111111111111111a1111111111111111111a111111111
32245,harshil,1
32246,harshil,1
32247,harshil,1
32248,harshil,111111111111111111111111111111111111111111@1111111111111111111111111111a1111111111111111111a111111111
32249,harshil,111
32250,harshil,111111111111111111111111111111111111111111@1111111111111111111111111111a1111111111111111111a111111111
32251,harshil,1
32252,harshil,1
32253,harshil,1
32254,harshil,111111111111111111111111111111111111111111@1111111111111111111111111111a1111111111111111111a111111111
32255,harshil,111
32256,harshil,111111111111111111111111111111111111111111@1111111111111111111111111111a1111111111111111111a111111111
32257,harshil,1
32258,harshil,1
32259,harshil,1
32260,harshil,111111111111111111111111111111111111111111@1111111111111111111111111111a1111111111111111111a111111111
32261,harshil,111
32262,harshil,111111111111111111111111111111111111111111@1111111111111111111111111111a1111111111111111111a111111111
32263,harshil,1
32264,harshil,1
32265,harshil,1
32266,harshil,111111111111111111111111111111111111111111@1111111111111111111111111111a1111111111111111111a111111111
32267,harshil,111
32268,harshil,111111111111111111111111111111111111111111@1111111111111111111111111111a1111111111111111111a111111111
32269,harshil,1
32270,harshil,1
32271,harshil,1
32272,harshil,111111111111111111111111111111111111111111@1111111111111111111111111111a1111111111111111111a111111111
32273,harshil,111
32274,harshil,111111111111111111111111111111111111111111@1111111111111111111111111111a1111111111111111111a111111111
32275,harshil,1
32276,harshil,1
32277,harshil,1
32278,harshil,111111111111111111111111111111111111111111@1111111111111111111111111111a1111111111111111111a111111111
32279,harshil,111
32280,harshil,111111111111111111111111111111111111111111@1111111111111111111111111111a1111111111111111111a111111111
32281,harshil,1
32282,harshil,1
32283,harshil,1
32284,harshil,111111111111111111111111111111111111111111@1111111111111111111111111111a1111111111111111111a111111111
32285,harshil,111
32286,harshil,111111111111111111111111111111111111111111@1111111111111111111111111111a1111111111111111111a111111111
32287,harshil,1
32288,harshil,1
32289,harshil,1
32290,harshil,111111111111111111111111111111111111111111@1111111111111111111111111111a1111111111111111111a111111111
32291,harshil,111
32292,harshil,111111111111111111111111111111111111111111@1111111111111111111111111111a1111111111111111111a111111111
32293,harshil,1
32294,harshil,1
32295,harshil,1
32296,harshil,111111111111111111111111111111111111111111@1111111111111111111111111111a1111111111111111111a111111111
32297,harshil,111
32298,harshil,111111111111111111111111111111111111111111@1111111111111111111111111111a1111111111111111111a111111111
32299,harshil,1
32300,harshil,1
32301,harshil,1
32302,harshil,111111111111111111111111111111111111111111@1111111111111111111111111111a1111111111111111111a111111111
32303,harshil,111
32304,harshil,111111111111111111111111111111111111111111@1111111111111111111111111111a1111111111111111111a111111111
32305,harshil,1
32306,harshil,1
32307,harshil,1
32308,harshil,111111111111111111111111111111111111111111@1111111111111111111111111111a1111111111111111111a111111111
32309,harshil,111
32310,harshil,111111111111111111111111111111111111111111@1111111111111111111111111111a1111111111111111111a111111111
32311,harshil,1
32312,harshil,1
32313,harshil,1
32314,harshil,111111111111111111111111111111111111111111@1111111111111111111111111111a1111111111111111111a111111111
32315,harshil,111
32316,harshil,111111111111111111111111111111111111111111@1111111111111111111111111111a1111111111111111111a111111111
32317,harshil,1
32318,harshil,1
32319,harshil,1
32320,harshil,111111111111111111111111111111111111111111@1111111111111111111111111111a1111111111111111111a111111111
32321,harshil,111
32322,harshil,111111111111111111111111111111111111111111@1111111111111111111111111111a1111111111111111111a111111111
32323,harshil,1
32324,harshil,1
32325,harshil,1
32326,harshil,111111111111111111111111111111111111111111@1111111111111111111111111111a1111111111111111111a111111111
32327,harshil,111
32328,harshil,111111111111111111111111111111111111111111@1111111111111111111111111111a1111111111111111111a111111111
32329,harshil,1
32330,harshil,1
32331,harshil,1
32332,harshil,111111111111111111111111111111111111111111@1111111111111111111111111111a1111111111111111111a111111111
32333,harshil,111
32334,harshil,111111111111111111111111111111111111111111@1111111111111111111111111111a1111111111111111111a111111111
32335,harshil,1
32336,harshil,1
32337,harshil,1
32338,harshil,111111111111111111111111111111111111111111@1111111111111111111111111111a1111111111111111111a111111111
32339,harshil,111
32340,harshil,111111111111111111111111111111111111111111@1111111111111111111111111111a1111111111111111111a111111111
32341,harshil,1
32342,harshil,1
32343,harshil,1
32344,harshil,111111111111111111111111111111111111111111@1111111111111111111111111111a1111111111111111111a111111111
32345,harshil,111
32346,harshil,111111111111111111111111111111111111111111@1111111111111111111111111111a1111111111111111111a111111111
32347,harshil,1
32348,harshil,1
32349,harshil,1
32350,harshil,111111111111111111111111111111111111111111@1111111111111111111111111111a1111111111111111111a111111111
32351,harshil,111
32352,harshil,111111111111111111111111111111111111111111@1111111111111111111111111111a1111111111111111111a111111111
32353,harshil,1
32354,harshil,1
32355,harshil,1
32356,harshil,111111111111111111111111111111111111111111@1111111111111111111111111111a1111111111111111111a111111111
32357,harshil,111
32358,harshil,111111111111111111111111111111111111111111@1111111111111111111111111111a1111111111111111111a111111111
32359,harshil,1
32360,harshil,1
32361,harshil,1
32362,harshil,111111111111111111111111111111111111111111@1111111111111111111111111111a1111111111111111111a111111111
32363,harshil,111
32364,harshil,111111111111111111111111111111111111111111@1111111111111111111111111111a1111111111111111111a111111111
32365,harshil,1
32366,harshil,1
32367,harshil,1
32368,harshil,111111111111111111111111111111111111111111@1111111111111111111111111111a1111111111111111111a111111111
32369,harshil,111
32370,harshil,111111111111111111111111111111111111111111@1111111111111111111111111111a1111111111111111111a111111111
32371,harshil,1
32372,harshil,1
32373,harshil,1
32374,harshil,111111111111111111111111111111111111111111@1111111111111111111111111111a1111111111111111111a111111111
32375,harshil,111
32376,harshil,111111111111111111111111111111111111111111@1111111111111111111111111111a1111111111111111111a111111111
32377,harshil,1
32378,harshil,1
32379,harshil,1
32380,harshil,111111111111111111111111111111111111111111@1111111111111111111111111111a1111111111111111111a111111111
32381,harshil,111
32382,harshil,111111111111111111111111111111111111111111@1111111111111111111111111111a1111111111111111111a111111111
32383,harshil,1
32384,harshil,1
32385,harshil,1
32386,harshil,111111111111111111111111111111111111111111@1111111111111111111111111111a1111111111111111111a111111111
32387,harshil,111
32388,harshil,111111111111111111111111111111111111111111@1111111111111111111111111111a1111111111111111111a111111111
32389,harshil,1
32390,harshil,1
32391,harshil,1
32392,harshil,111111111111111111111111111111111111111111@1111111111111111111111111111a1111111111111111111a111111111
32393,harshil,111
32394,harshil,111111111111111111111111111111111111111111@1111111111111111111111111111a1111111111111111111a111111111
32395,harshil,1
32396,harshil,1
32397,harshil,1
32398,harshil,111111111111111111111111111111111111111111@1111111111111111111111111111a1111111111111111111a111111111
32399,harshil,111
32400,harshil,111111111111111111111111111111111111111111@1111111111111111111111111111a1111111111111111111a111111111
32401,harshil,1
32402,harshil,1
32403,harshil,1
32404,harshil,111111111111111111111111111111111111111111@1111111111111111111111111111a1111111111111111111a111111111
32405,harshil,111
32406,harshil,111111111111111111111111111111111111111111@1111111111111111111111111111a1111111111111111111a111111111
32407,harshil,1
32408,harshil,1
32409,harshil,1
32410,harshil,111111111111111111111111111111111111111111@1111111111111111111111111111a1111111111111111111a111111111
32411,harshil,111
32412,harshil,111111111111111111111111111111111111111111@1111111111111111111111111111a1111111111111111111a111111111
32413,harshil,1
32414,harshil,1
32415,harshil,1
32416,harshil,111111111111111111111111111111111111111111@1111111111111111111111111111a1111111111111111111a111111111
32417,harshil,111
32418,harshil,111111111111111111111111111111111111111111@1111111111111111111111111111a1111111111111111111a111111111
32419,harshil,1
32420,harshil,1
32421,harshil,1
32422,harshil,111111111111111111111111111111111111111111@1111111111111111111111111111a1111111111111111111a111111111
32423,harshil,111
32424,harshil,111111111111111111111111111111111111111111@1111111111111111111111111111a1111111111111111111a111111111
32425,harshil,1
32426,harshil,1
32427,harshil,1
32428,harshil,111111111111111111111111111111111111111111@1111111111111111111111111111a1111111111111111111a111111111
32429,harshil,111
32430,harshil,111111111111111111111111111111111111111111@1111111111111111111111111111a1111111111111111111a111111111
32431,harshil,1
32432,harshil,1
32433,harshil,1
32434,harshil,111111111111111111111111111111111111111111@1111111111111111111111111111a1111111111111111111a111111111
32435,harshil,111
32436,harshil,111111111111111111111111111111111111111111@1111111111111111111111111111a1111111111111111111a111111111
32437,harshil,1
32438,harshil,1
32439,harshil,1
32440,harshil,111111111111111111111111111111111111111111@1111111111111111111111111111a1111111111111111111a111111111
32441,harshil,111
32442,harshil,111111111111111111111111111111111111111111@1111111111111111111111111111a1111111111111111111a111111111
32443,harshil,1
32444,harshil,1
32445,harshil,1
32446,harshil,111111111111111111111111111111111111111111@1111111111111111111111111111a1111111111111111111a111111111
32447,harshil,111
32448,harshil,111111111111111111111111111111111111111111@1111111111111111111111111111a1111111111111111111a111111111
32449,harshil,1
32450,harshil,1
32451,harshil,1
32452,harshil,111111111111111111111111111111111111111111@1111111111111111111111111111a1111111111111111111a111111111
32453,harshil,111
32454,harshil,111111111111111111111111111111111111111111@1111111111111111111111111111a1111111111111111111a111111111
32455,harshil,1
32456,harshil,1
32457,harshil,1
32458,harshil,111111111111111111111111111111111111111111@1111111111111111111111111111a1111111111111111111a111111111
32459,harshil,111
32460,harshil,111111111111111111111111111111111111111111@1111111111111111111111111111a1111111111111111111a111111111
32461,harshil,1
32462,harshil,1
32463,harshil,1
32464,harshil,111111111111111111111111111111111111111111@1111111111111111111111111111a1111111111111111111a111111111
32465,harshil,111
32466,harshil,111111111111111111111111111111111111111111@1111111111111111111111111111a1111111111111111111a111111111
32467,harshil,1
32468,harshil,1
32469,harshil,1
32470,harshil,111111111111111111111111111111111111111111@1111111111111111111111111111a1111111111111111111a111111111
32471,harshil,111
32472,harshil,111111111111111111111111111111111111111111@1111111111111111111111111111a1111111111111111111a111111111
32473,harshil,1
32474,harshil,1
32475,harshil,1
32476,harshil,111111111111111111111111111111111111111111@1111111111111111111111111111a1111111111111111111a111111111
32477,harshil,111
32478,harshil,111111111111111111111111111111111111111111@1111111111111111111111111111a1111111111111111111a111111111
32479,harshil,1
32480,harshil,1
32481,harshil,1
32482,harshil,111111111111111111111111111111111111111111@1111111111111111111111111111a1111111111111111111a111111111
32483,harshil,111
32484,harshil,111111111111111111111111111111111111111111@1111111111111111111111111111a1111111111111111111a111111111
32485,harshil,1
32486,harshil,1
32487,harshil,1
32488,harshil,111111111111111111111111111111111111111111@1111111111111111111111111111a1111111111111111111a111111111
32489,harshil,111
32490,harshil,111111111111111111111111111111111111111111@1111111111111111111111111111a1111111111111111111a111111111
32491,harshil,1
32492,harshil,1
32493,harshil,1
32494,harshil,111111111111111111111111111111111111111111@1111111111111111111111111111a1111111111111111111a111111111
32495,harshil,111
32496,harshil,111111111111111111111111111111111111111111@1111111111111111111111111111a1111111111111111111a111111111
32497,harshil,1
32498,harshil,1
32499,harshil,1
32500,harshil,111111111111111111111111111111111111111111@1111111111111111111111111111a1111111111111111111a111111111
32501,harshil,111
32502,harshil,111111111111111111111111111111111111111111@1111111111111111111111111111a1111111111111111111a111111111
32503,harshil,1
32504,harshil,1
32505,harshil,1
32506,harshil,111111111111111111111111111111111111111111@1111111111111111111111111111a1111111111111111111a111111111
32507,harshil,111
32508,harshil,111111111111111111111111111111111111111111@1111111111111111111111111111a1111111111111111111a111111111
32509,harshil,1
32510,harshil,1
32511,harshil,1
32512,harshil,111111111111111111111111111111111111111111@1111111111111111111111111111a1111111111111111111a111111111
32513,harshil,111
32514,harshil,111111111111111111111111111111111111111111@1111111111111111111111111111a1111111111111111111a111111111
32515,harshil,1
32516,harshil,1
32517,harshil,1
32518,harshil,111111111111111111111111111111111111111111@1111111111111111111111111111a1111111111111111111a111111111
32519,harshil,111
32520,harshil,111111111111111111111111111111111111111111@1111111111111111111111111111a1111111111111111111a111111111
32521,harshil,1
32522,harshil,1
32523,harshil,1
32524,harshil,111111111111111111111111111111111111111111@1111111111111111111111111111a1111111111111111111a111111111
32525,harshil,111
32526,harshil,111111111111111111111111111111111111111111@1111111111111111111111111111a1111111111111111111a111111111
32527,harshil,1
32528,harshil,1
32529,harshil,1
32530,harshil,111111111111111111111111111111111111111111@1111111111111111111111111111a1111111111111111111a111111111
32531,harshil,111
32532,harshil,111111111111111111111111111111111111111111@1111111111111111111111111111a1111111111111111111a111111111
32533,harshil,1
32534,harshil,1
32535,harshil,1
32536,harshil,111111111111111111111111111111111111111111@1111111111111111111111111111a1111111111111111111a111111111
32537,harshil,111
32538,harshil,111111111111111111111111111111111111111111@1111111111111111111111111111a1111111111111111111a111111111
32539,harshil,1
32540,harshil,1
32541,harshil,1
32542,harshil,111111111111111111111111111111111111111111@1111111111111111111111111111a1111111111111111111a111111111
32543,harshil,111
32544,harshil,111111111111111111111111111111111111111111@1111111111111111111111111111a1111111111111111111a111111111
32545,harshil,1
32546,harshil,1
32547,harshil,1
32548,harshil,111111111111111111111111111111111111111111@1111111111111111111111111111a1111111111111111111a111111111
32549,harshil,111
32550,harshil,111111111111111111111111111111111111111111@1111111111111111111111111111a1111111111111111111a111111111
32551,harshil,1
32552,harshil,1
32553,harshil,1
32554,harshil,111111111111111111111111111111111111111111@1111111111111111111111111111a1111111111111111111a111111111
32555,harshil,111
32556,harshil,111111111111111111111111111111111111111111@1111111111111111111111111111a1111111111111111111a111111111
32557,harshil,1
32558,harshil,1
32559,harshil,1
32560,harshil,111111111111111111111111111111111111111111@1111111111111111111111111111a1111111111111111111a111111111
32561,harshil,111
32562,harshil,111111111111111111111111111111111111111111@1111111111111111111111111111a1111111111111111111a111111111
32563,harshil,1
32564,harshil,1
32565,harshil,1
32566,harshil,111111111111111111111111111111111111111111@1111111111111111111111111111a1111111111111111111a111111111
32567,harshil,111
32568,harshil,111111111111111111111111111111111111111111@1111111111111111111111111111a1111111111111111111a111111111
32569,harshil,1
32570,harshil,1
32571,harshil,1
32572,harshil,111111111111111111111111111111111111111111@1111111111111111111111111111a1111111111111111111a111111111
32573,harshil,111
32574,harshil,111111111111111111111111111111111111111111@1111111111111111111111111111a1111111111111111111a111111111
32575,harshil,1
32576,harshil,1
32577,harshil,1
32578,harshil,111111111111111111111111111111111111111111@1111111111111111111111111111a1111111111111111111a111111111
32579,harshil,111
32580,harshil,111111111111111111111111111111111111111111@1111111111111111111111111111a1111111111111111111a111111111
32581,harshil,1
32582,harshil,1
32583,harshil,1
32584,harshil,111111111111111111111111111111111111111111@1111111111111111111111111111a1111111111111111111a111111111
32585,harshil,111
32586,harshil,111111111111111111111111111111111111111111@1111111111111111111111111111a1111111111111111111a111111111
32587,harshil,1
32588,harshil,1
32589,harshil,1
32590,harshil,111111111111111111111111111111111111111111@1111111111111111111111111111a1111111111111111111a111111111
32591,harshil,111
32592,harshil,111111111111111111111111111111111111111111@1111111111111111111111111111a1111111111111111111a111111111
32593,harshil,1
32594,harshil,1
32595,harshil,1
32596,harshil,111111111111111111111111111111111111111111@1111111111111111111111111111a1111111111111111111a111111111
32597,harshil,111
32598,harshil,111111111111111111111111111111111111111111@1111111111111111111111111111a1111111111111111111a111111111
32599,harshil,1
32600,harshil,1
32601,harshil,1
32602,harshil,111111111111111111111111111111111111111111@1111111111111111111111111111a1111111111111111111a111111111
32603,harshil,111
32604,harshil,111111111111111111111111111111111111111111@1111111111111111111111111111a1111111111111111111a111111111
32605,harshil,1
32606,harshil,1
32607,harshil,1
32608,harshil,111111111111111111111111111111111111111111@1111111111111111111111111111a1111111111111111111a111111111
32609,harshil,111
32610,harshil,111111111111111111111111111111111111111111@1111111111111111111111111111a1111111111111111111a111111111
32611,harshil,1
32612,harshil,1
32613,harshil,1
32614,harshil,111111111111111111111111111111111111111111@1111111111111111111111111111a1111111111111111111a111111111
32615,harshil,111
32616,harshil,111111111111111111111111111111111111111111@1111111111111111111111111111a1111111111111111111a111111111
32617,harshil,1
32618,harshil,1
32619,harshil,1
32620,harshil,111111111111111111111111111111111111111111@1111111111111111111111111111a1111111111111111111a111111111
32621,harshil,111
32622,harshil,111111111111111111111111111111111111111111@1111111111111111111111111111a1111111111111111111a111111111
32623,harshil,1
32624,harshil,1
32625,harshil,1
32626,harshil,111111111111111111111111111111111111111111@1111111111111111111111111111a1111111111111111111a111111111
32627,harshil,111
32628,harshil,111111111111111111111111111111111111111111@1111111111111111111111111111a1111111111111111111a111111111
32629,harshil,1
32630,harshil,1
32631,harshil,1
32632,harshil,111111111111111111111111111111111111111111@1111111111111111111111111111a1111111111111111111a111111111
32633,harshil,111
32634,harshil,111111111111111111111111111111111111111111@1111111111111111111111111111a1111111111111111111a111111111
32635,harshil,1
32636,harshil,1
32637,harshil,1
32638,harshil,111111111111111111111111111111111111111111@1111111111111111111111111111a1111111111111111111a111111111
32639,harshil,111
32640,harshil,111111111111111111111111111111111111111111@1111111111111111111111111111a1111111111111111111a111111111
32641,harshil,1
32642,harshil,1
32643,harshil,1
32644,harshil,111111111111111111111111111111111111111111@1111111111111111111111111111a1111111111111111111a111111111
32645,harshil,111
32646,harshil,111111111111111111111111111111111111111111@1111111111111111111111111111a1111111111111111111a111111111
32647,harshil,1
32648,harshil,1
32649,harshil,1
32650,harshil,111111111111111111111111111111111111111111@1111111111111111111111111111a1111111111111111111a111111111
32651,harshil,111
32652,harshil,111111111111111111111111111111111111111111@1111111111111111111111111111a1111111111111111111a111111111
32653,harshil,1
32654,harshil,1
32655,harshil,1
32656,harshil,111111111111111111111111111111111111111111@1111111111111111111111111111a1111111111111111111a111111111
32657,harshil,111
32658,harshil,111111111111111111111111111111111111111111@1111111111111111111111111111a1111111111111111111a111111111
32659,harshil,1
32660,harshil,1
32661,harshil,1
32662,harshil,111111111111111111111111111111111111111111@1111111111111111111111111111a1111111111111111111a111111111
32663,harshil,111
32664,harshil,111111111111111111111111111111111111111111@1111111111111111111111111111a1111111111111111111a111111111
32665,harshil,1
32666,harshil,1
32667,harshil,1
32668,harshil,111111111111111111111111111111111111111111@1111111111111111111111111111a1111111111111111111a111111111
32669,harshil,111
32670,harshil,111111111111111111111111111111111111111111@1111111111111111111111111111a1111111111111111111a111111111
32671,harshil,1
32672,harshil,1
32673,harshil,1
32674,harshil,111111111111111111111111111111111111111111@1111111111111111111111111111a1111111111111111111a111111111
32675,harshil,111
32676,harshil,111111111111111111111111111111111111111111@1111111111111111111111111111a1111111111111111111a111111111
32677,harshil,1
32678,harshil,1
32679,harshil,1
32680,harshil,111111111111111111111111111111111111111111@1111111111111111111111111111a1111111111111111111a111111111
32681,harshil,111
32682,harshil,111111111111111111111111111111111111111111@1111111111111111111111111111a1111111111111111111a111111111
32683,harshil,1
32684,harshil,1
32685,harshil,1
32686,harshil,111111111111111111111111111111111111111111@1111111111111111111111111111a1111111111111111111a111111111
32687,harshil,111
32688,harshil,111111111111111111111111111111111111111111@1111111111111111111111111111a1111111111111111111a111111111
32689,harshil,1
32690,harshil,1
32691,harshil,1
32692,harshil,111111111111111111111111111111111111111111@1111111111111111111111111111a1111111111111111111a111111111
32693,harshil,111
32694,harshil,111111111111111111111111111111111111111111@1111111111111111111111111111a1111111111111111111a111111111
32695,harshil,1
32696,harshil,1
32697,harshil,1
32698,harshil,111111111111111111111111111111111111111111@1111111111111111111111111111a1111111111111111111a111111111
32699,harshil,111
32700,harshil,111111111111111111111111111111111111111111@1111111111111111111111111111a1111111111111111111a111111111
32701,harshil,1
32702,harshil,1
32703,harshil,1
32704,harshil,111111111111111111111111111111111111111111@1111111111111111111111111111a1111111111111111111a111111111
32705,harshil,111
32706,harshil,111111111111111111111111111111111111111111@1111111111111111111111111111a1111111111111111111a111111111
32707,harshil,1
32708,harshil,1
32709,harshil,1
32710,harshil,111111111111111111111111111111111111111111@1111111111111111111111111111a1111111111111111111a111111111
32711,harshil,111
32712,harshil,111111111111111111111111111111111111111111@1111111111111111111111111111a1111111111111111111a111111111
32713,harshil,1
32714,harshil,1
32715,harshil,1
32716,harshil,111111111111111111111111111111111111111111@1111111111111111111111111111a1111111111111111111a111111111
32717,harshil,111
32718,harshil,111111111111111111111111111111111111111111@1111111111111111111111111111a1111111111111111111a111111111
32719,harshil,1
32720,harshil,1
32721,harshil,1
32722,harshil,111111111111111111111111111111111111111111@1111111111111111111111111111a1111111111111111111a111111111
32723,harshil,111
32724,harshil,111111111111111111111111111111111111111111@1111111111111111111111111111a1111111111111111111a111111111
32725,harshil,1
32726,harshil,1
32727,harshil,1
32728,harshil,111111111111111111111111111111111111111111@1111111111111111111111111111a1111111111111111111a111111111
32729,harshil,111
32730,harshil,111111111111111111111111111111111111111111@1111111111111111111111111111a1111111111111111111a111111111
32731,harshil,1
32732,harshil,1
32733,harshil,1
32734,harshil,111111111111111111111111111111111111111111@1111111111111111111111111111a1111111111111111111a111111111
32735,harshil,111
32736,harshil,111111111111111111111111111111111111111111@1111111111111111111111111111a1111111111111111111a111111111
32737,harshil,1
32738,harshil,1
32739,harshil,1
32740,harshil,111111111111111111111111111111111111111111@1111111111111111111111111111a1111111111111111111a111111111
32741,harshil,111
32742,harshil,111111111111111111111111111111111111111111@1111111111111111111111111111a1111111111111111111a111111111
32743,harshil,1
32744,harshil,1
32745,harshil,1
32746,harshil,111111111111111111111111111111111111111111@1111111111111111111111111111a1111111111111111111a111111111
32747,harshil,111
32748,harshil,111111111111111111111111111111111111111111@1111111111111111111111111111a1111111111111111111a111111111
32749,harshil,1
32750,harshil,1
32751,harshil,1
32752,harshil,111111111111111111111111111111111111111111@1111111111111111111111111111a1111111111111111111a111111111
32753,harshil,111
32754,harshil,111111111111111111111111111111111111111111@1111111111111111111111111111a1111111111111111111a111111111
32755,harshil,1
32756,harshil,1
32757,harshil,1
32758,harshil,111111111111111111111111111111111111111111@1111111111111111111111111111a1111111111111111111a111111111
32759,harshil,111
32760,harshil,111111111111111111111111111111111111111111@1111111111111111111111111111a1111111111111111111a111111111
32761,harshil,1
32762,harshil,1
32763,harshil,1
32764,harshil,111111111111111111111111111111111111111111@1111111111111111111111111111a1111111111111111111a111111111
32765,harshil,111
32766,harshil,111111111111111111111111111111111111111111@1111111111111111111111111111a1111111111111111111a111111111
32767,harshil,1
32768,harshil,1
32769,harshil,1
32770,harshil,111111111111111111111111111111111111111111@1111111111111111111111111111a1111111111111111111a111111111
32771,harshil,111
32772,harshil,111111111111111111111111111111111111111111@1111111111111111111111111111a1111111111111111111a111111111
32773,harshil,1
32774,harshil,1
32775,harshil,1
32776,harshil,111111111111111111111111111111111111111111@1111111111111111111111111111a1111111111111111111a111111111
32777,harshil,111
32778,harshil,111111111111111111111111111111111111111111@1111111111111111111111111111a1111111111111111111a111111111
32779,harshil,1
32780,harshil,1
32781,harshil,1
32782,harshil,111111111111111111111111111111111111111111@1111111111111111111111111111a1111111111111111111a111111111
32783,harshil,111
32784,harshil,111111111111111111111111111111111111111111@1111111111111111111111111111a1111111111111111111a111111111
32785,harshil,1
32786,harshil,1
32787,harshil,1
32788,harshil,111111111111111111111111111111111111111111@1111111111111111111111111111a1111111111111111111a111111111
32789,harshil,111
32790,harshil,111111111111111111111111111111111111111111@1111111111111111111111111111a1111111111111111111a111111111
32791,harshil,1
32792,harshil,1
32793,harshil,1
32794,harshil,111111111111111111111111111111111111111111@1111111111111111111111111111a1111111111111111111a111111111
32795,harshil,111
32796,harshil,111111111111111111111111111111111111111111@1111111111111111111111111111a1111111111111111111a111111111
32797,harshil,1
32798,harshil,1
32799,harshil,1
32800,harshil,111111111111111111111111111111111111111111@1111111111111111111111111111a1111111111111111111a111111111
32801,harshil,111
32802,harshil,111111111111111111111111111111111111111111@1111111111111111111111111111a1111111111111111111a111111111
32803,harshil,1
32804,harshil,1
32805,harshil,1
32806,harshil,111111111111111111111111111111111111111111@1111111111111111111111111111a1111111111111111111a111111111
32807,harshil,111
32808,harshil,111111111111111111111111111111111111111111@1111111111111111111111111111a1111111111111111111a111111111
32809,harshil,1
32810,harshil,1
32811,harshil,1
32812,harshil,111111111111111111111111111111111111111111@1111111111111111111111111111a1111111111111111111a111111111
32813,harshil,111
32814,harshil,111111111111111111111111111111111111111111@1111111111111111111111111111a1111111111111111111a111111111
32815,harshil,1
32816,harshil,1
32817,harshil,1
32818,harshil,111111111111111111111111111111111111111111@1111111111111111111111111111a1111111111111111111a111111111
32819,harshil,111
32820,harshil,111111111111111111111111111111111111111111@1111111111111111111111111111a1111111111111111111a111111111
32821,harshil,1
32822,harshil,1
32823,harshil,1
32824,harshil,111111111111111111111111111111111111111111@1111111111111111111111111111a1111111111111111111a111111111
32825,harshil,111
32826,harshil,111111111111111111111111111111111111111111@1111111111111111111111111111a1111111111111111111a111111111
32827,harshil,1
32828,harshil,1
32829,harshil,1
32830,harshil,111111111111111111111111111111111111111111@1111111111111111111111111111a1111111111111111111a111111111
32831,harshil,111
32832,harshil,111111111111111111111111111111111111111111@1111111111111111111111111111a1111111111111111111a111111111
32833,harshil,1
32834,harshil,1
32835,harshil,1
32836,harshil,111111111111111111111111111111111111111111@1111111111111111111111111111a1111111111111111111a111111111
32837,harshil,111
32838,harshil,111111111111111111111111111111111111111111@1111111111111111111111111111a1111111111111111111a111111111
32839,harshil,1
32840,harshil,1
32841,harshil,1
32842,harshil,111111111111111111111111111111111111111111@1111111111111111111111111111a1111111111111111111a111111111
32843,harshil,111
32844,harshil,111111111111111111111111111111111111111111@1111111111111111111111111111a1111111111111111111a111111111
32845,harshil,1
32846,harshil,1
32847,harshil,1
32848,harshil,111111111111111111111111111111111111111111@1111111111111111111111111111a1111111111111111111a111111111
32849,harshil,111
32850,harshil,111111111111111111111111111111111111111111@1111111111111111111111111111a1111111111111111111a111111111
32851,harshil,1
32852,harshil,1
32853,harshil,1
32854,harshil,111111111111111111111111111111111111111111@1111111111111111111111111111a1111111111111111111a111111111
32855,harshil,111
32856,harshil,111111111111111111111111111111111111111111@1111111111111111111111111111a1111111111111111111a111111111
32857,harshil,1
32858,harshil,1
32859,harshil,1
32860,harshil,111111111111111111111111111111111111111111@1111111111111111111111111111a1111111111111111111a111111111
32861,harshil,111
32862,harshil,111111111111111111111111111111111111111111@1111111111111111111111111111a1111111111111111111a111111111
32863,harshil,1
32864,harshil,1
32865,harshil,1
32866,harshil,111111111111111111111111111111111111111111@1111111111111111111111111111a1111111111111111111a111111111
32867,harshil,111
32868,harshil,111111111111111111111111111111111111111111@1111111111111111111111111111a1111111111111111111a111111111
32869,harshil,1
32870,harshil,1
32871,harshil,1
32872,harshil,111111111111111111111111111111111111111111@1111111111111111111111111111a1111111111111111111a111111111
32873,harshil,111
32874,harshil,111111111111111111111111111111111111111111@1111111111111111111111111111a1111111111111111111a111111111
32875,harshil,1
32876,harshil,1
32877,harshil,1
32878,harshil,111111111111111111111111111111111111111111@1111111111111111111111111111a1111111111111111111a111111111
32879,harshil,111
32880,harshil,111111111111111111111111111111111111111111@1111111111111111111111111111a1111111111111111111a111111111
32881,harshil,1
32882,harshil,1
32883,harshil,1
32884,harshil,111111111111111111111111111111111111111111@1111111111111111111111111111a1111111111111111111a111111111
32885,harshil,111
32886,harshil,111111111111111111111111111111111111111111@1111111111111111111111111111a1111111111111111111a111111111
32887,harshil,1
32888,harshil,1
32889,harshil,1
32890,harshil,111111111111111111111111111111111111111111@1111111111111111111111111111a1111111111111111111a111111111
32891,harshil,111
32892,harshil,111111111111111111111111111111111111111111@1111111111111111111111111111a1111111111111111111a111111111
32893,harshil,1
32894,harshil,1
32895,harshil,1
32896,harshil,111111111111111111111111111111111111111111@1111111111111111111111111111a1111111111111111111a111111111
32897,harshil,111
32898,harshil,111111111111111111111111111111111111111111@1111111111111111111111111111a1111111111111111111a111111111
32899,harshil,1
32900,harshil,1
32901,harshil,1
32902,harshil,111111111111111111111111111111111111111111@1111111111111111111111111111a1111111111111111111a111111111
32903,harshil,111
32904,harshil,111111111111111111111111111111111111111111@1111111111111111111111111111a1111111111111111111a111111111
32905,harshil,1
32906,harshil,1
32907,harshil,1
32908,harshil,111111111111111111111111111111111111111111@1111111111111111111111111111a1111111111111111111a111111111
32909,harshil,111
32910,harshil,111111111111111111111111111111111111111111@1111111111111111111111111111a1111111111111111111a111111111
32911,harshil,1
32912,harshil,1
32913,harshil,1
32914,harshil,111111111111111111111111111111111111111111@1111111111111111111111111111a1111111111111111111a111111111
32915,harshil,111
32916,harshil,111111111111111111111111111111111111111111@1111111111111111111111111111a1111111111111111111a111111111
32917,harshil,1
32918,harshil,1
32919,harshil,1
32920,harshil,111111111111111111111111111111111111111111@1111111111111111111111111111a1111111111111111111a111111111
32921,harshil,111
32922,harshil,111111111111111111111111111111111111111111@1111111111111111111111111111a1111111111111111111a111111111
32923,harshil,1
32924,harshil,1
32925,harshil,1
32926,harshil,111111111111111111111111111111111111111111@1111111111111111111111111111a1111111111111111111a111111111
32927,harshil,111
32928,harshil,111111111111111111111111111111111111111111@1111111111111111111111111111a1111111111111111111a111111111
32929,harshil,1
32930,harshil,1
32931,harshil,1
32932,harshil,111111111111111111111111111111111111111111@1111111111111111111111111111a1111111111111111111a111111111
32933,harshil,111
32934,harshil,111111111111111111111111111111111111111111@1111111111111111111111111111a1111111111111111111a111111111
32935,harshil,1
32936,harshil,1
32937,harshil,1
32938,harshil,111111111111111111111111111111111111111111@1111111111111111111111111111a1111111111111111111a111111111
32939,harshil,111
32940,harshil,111111111111111111111111111111111111111111@1111111111111111111111111111a1111111111111111111a111111111
32941,harshil,1
32942,harshil,1
32943,harshil,1
32944,harshil,111111111111111111111111111111111111111111@1111111111111111111111111111a1111111111111111111a111111111
32945,harshil,111
32946,harshil,111111111111111111111111111111111111111111@1111111111111111111111111111a1111111111111111111a111111111
32947,harshil,1
32948,harshil,1
32949,harshil,1
32950,harshil,111111111111111111111111111111111111111111@1111111111111111111111111111a1111111111111111111a111111111
32951,harshil,111
32952,harshil,111111111111111111111111111111111111111111@1111111111111111111111111111a1111111111111111111a111111111
32953,harshil,1
32954,harshil,1
32955,harshil,1
32956,harshil,111111111111111111111111111111111111111111@1111111111111111111111111111a1111111111111111111a111111111
32957,harshil,111
32958,harshil,111111111111111111111111111111111111111111@1111111111111111111111111111a1111111111111111111a111111111
32959,harshil,1
32960,harshil,1
32961,harshil,1
32962,harshil,111111111111111111111111111111111111111111@1111111111111111111111111111a1111111111111111111a111111111
32963,harshil,111
32964,harshil,111111111111111111111111111111111111111111@1111111111111111111111111111a1111111111111111111a111111111
32965,harshil,1
32966,harshil,1
32967,harshil,1
32968,harshil,111111111111111111111111111111111111111111@1111111111111111111111111111a1111111111111111111a111111111
32969,harshil,111
32970,harshil,111111111111111111111111111111111111111111@1111111111111111111111111111a1111111111111111111a111111111
32971,harshil,1
32972,harshil,1
32973,harshil,1
32974,harshil,111111111111111111111111111111111111111111@1111111111111111111111111111a1111111111111111111a111111111
32975,harshil,111
32976,harshil,111111111111111111111111111111111111111111@1111111111111111111111111111a1111111111111111111a111111111
32977,harshil,1
32978,harshil,1
32979,harshil,1
32980,harshil,111111111111111111111111111111111111111111@1111111111111111111111111111a1111111111111111111a111111111
32981,harshil,111
32982,harshil,111111111111111111111111111111111111111111@1111111111111111111111111111a1111111111111111111a111111111
32983,harshil,1
32984,harshil,1
32985,harshil,1
32986,harshil,111111111111111111111111111111111111111111@1111111111111111111111111111a1111111111111111111a111111111
32987,harshil,111
32988,harshil,111111111111111111111111111111111111111111@1111111111111111111111111111a1111111111111111111a111111111
32989,harshil,1
32990,harshil,1
32991,harshil,1
32992,harshil,111111111111111111111111111111111111111111@1111111111111111111111111111a1111111111111111111a111111111
32993,harshil,111
32994,harshil,111111111111111111111111111111111111111111@1111111111111111111111111111a1111111111111111111a111111111
32995,harshil,1
32996,harshil,1
32997,harshil,1
32998,harshil,111111111111111111111111111111111111111111@1111111111111111111111111111a1111111111111111111a111111111
32999,harshil,111
33000,harshil,111111111111111111111111111111111111111111@1111111111111111111111111111a1111111111111111111a111111111
33001,harshil,1
33002,harshil,1
33003,harshil,1
33004,harshil,111111111111111111111111111111111111111111@1111111111111111111111111111a1111111111111111111a111111111
33005,harshil,111
33006,harshil,111111111111111111111111111111111111111111@1111111111111111111111111111a1111111111111111111a111111111
33007,harshil,1
33008,harshil,1
33009,harshil,1
33010,harshil,111111111111111111111111111111111111111111@1111111111111111111111111111a1111111111111111111a111111111
33011,harshil,111
33012,harshil,111111111111111111111111111111111111111111@1111111111111111111111111111a1111111111111111111a111111111
33013,harshil,1
33014,harshil,1
33015,harshil,1
33016,harshil,111111111111111111111111111111111111111111@1111111111111111111111111111a1111111111111111111a111111111
33017,harshil,111
33018,harshil,111111111111111111111111111111111111111111@1111111111111111111111111111a1111111111111111111a111111111
33019,harshil,1
33020,harshil,1
33021,harshil,1
33022,harshil,111111111111111111111111111111111111111111@1111111111111111111111111111a1111111111111111111a111111111
33023,harshil,111
33024,harshil,111111111111111111111111111111111111111111@1111111111111111111111111111a1111111111111111111a111111111
33025,harshil,1
33026,harshil,1
33027,harshil,1
33028,harshil,111111111111111111111111111111111111111111@1111111111111111111111111111a1111111111111111111a111111111
33029,harshil,111
33030,harshil,111111111111111111111111111111111111111111@1111111111111111111111111111a1111111111111111111a111111111
33031,harshil,1
33032,harshil,1
33033,harshil,1
33034,harshil,111111111111111111111111111111111111111111@1111111111111111111111111111a1111111111111111111a111111111
33035,harshil,111
33036,harshil,111111111111111111111111111111111111111111@1111111111111111111111111111a1111111111111111111a111111111
33037,harshil,1
33038,harshil,1
33039,harshil,1
33040,harshil,111111111111111111111111111111111111111111@1111111111111111111111111111a1111111111111111111a111111111
33041,harshil,111
33042,harshil,111111111111111111111111111111111111111111@1111111111111111111111111111a1111111111111111111a111111111
33043,harshil,1
33044,harshil,1
33045,harshil,1
33046,harshil,111111111111111111111111111111111111111111@1111111111111111111111111111a1111111111111111111a111111111
33047,harshil,111
33048,harshil,111111111111111111111111111111111111111111@1111111111111111111111111111a1111111111111111111a111111111
33049,harshil,1
33050,harshil,1
33051,harshil,1
33052,harshil,111111111111111111111111111111111111111111@1111111111111111111111111111a1111111111111111111a111111111
33053,harshil,111
33054,harshil,111111111111111111111111111111111111111111@1111111111111111111111111111a1111111111111111111a111111111
33055,harshil,1
33056,harshil,1
33057,harshil,1
33058,harshil,111111111111111111111111111111111111111111@1111111111111111111111111111a1111111111111111111a111111111
33059,harshil,111
33060,harshil,111111111111111111111111111111111111111111@1111111111111111111111111111a1111111111111111111a111111111
33061,harshil,1
33062,harshil,1
33063,harshil,1
33064,harshil,111111111111111111111111111111111111111111@1111111111111111111111111111a1111111111111111111a111111111
33065,harshil,111
33066,harshil,111111111111111111111111111111111111111111@1111111111111111111111111111a1111111111111111111a111111111
33067,harshil,1
33068,harshil,1
33069,harshil,1
33070,harshil,111111111111111111111111111111111111111111@1111111111111111111111111111a1111111111111111111a111111111
33071,harshil,111
33072,harshil,111111111111111111111111111111111111111111@1111111111111111111111111111a1111111111111111111a111111111
33073,harshil,1
33074,harshil,1
33075,harshil,1
33076,harshil,111111111111111111111111111111111111111111@1111111111111111111111111111a1111111111111111111a111111111
33077,harshil,111
33078,harshil,111111111111111111111111111111111111111111@1111111111111111111111111111a1111111111111111111a111111111
33079,harshil,1
33080,harshil,1
33081,harshil,1
33082,harshil,111111111111111111111111111111111111111111@1111111111111111111111111111a1111111111111111111a111111111
33083,harshil,111
33084,harshil,111111111111111111111111111111111111111111@1111111111111111111111111111a1111111111111111111a111111111
33085,harshil,1
33086,harshil,1
33087,harshil,1
33088,harshil,111111111111111111111111111111111111111111@1111111111111111111111111111a1111111111111111111a111111111
33089,harshil,111
33090,harshil,111111111111111111111111111111111111111111@1111111111111111111111111111a1111111111111111111a111111111
33091,harshil,1
33092,harshil,1
33093,harshil,1
33094,harshil,111111111111111111111111111111111111111111@1111111111111111111111111111a1111111111111111111a111111111
33095,harshil,111
33096,harshil,111111111111111111111111111111111111111111@1111111111111111111111111111a1111111111111111111a111111111
33097,harshil,1
33098,harshil,1
33099,harshil,1
33100,harshil,111111111111111111111111111111111111111111@1111111111111111111111111111a1111111111111111111a111111111
33101,harshil,111
33102,harshil,111111111111111111111111111111111111111111@1111111111111111111111111111a1111111111111111111a111111111
33103,harshil,1
33104,harshil,1
33105,harshil,1
33106,harshil,111111111111111111111111111111111111111111@1111111111111111111111111111a1111111111111111111a111111111
33107,harshil,111
33108,harshil,111111111111111111111111111111111111111111@1111111111111111111111111111a1111111111111111111a111111111
33109,harshil,1
33110,harshil,1
33111,harshil,1
33112,harshil,111111111111111111111111111111111111111111@1111111111111111111111111111a1111111111111111111a111111111
33113,harshil,111
33114,harshil,111111111111111111111111111111111111111111@1111111111111111111111111111a1111111111111111111a111111111
33115,harshil,1
33116,harshil,1
33117,harshil,1
33118,harshil,111111111111111111111111111111111111111111@1111111111111111111111111111a1111111111111111111a111111111
33119,harshil,111
33120,harshil,111111111111111111111111111111111111111111@1111111111111111111111111111a1111111111111111111a111111111
33121,harshil,1
33122,harshil,1
33123,harshil,1
33124,harshil,111111111111111111111111111111111111111111@1111111111111111111111111111a1111111111111111111a111111111
33125,harshil,111
33126,harshil,111111111111111111111111111111111111111111@1111111111111111111111111111a1111111111111111111a111111111
33127,harshil,1
33128,harshil,1
33129,harshil,1
33130,harshil,111111111111111111111111111111111111111111@1111111111111111111111111111a1111111111111111111a111111111
33131,harshil,111
33132,harshil,111111111111111111111111111111111111111111@1111111111111111111111111111a1111111111111111111a111111111
33133,harshil,1
33134,harshil,1
33135,harshil,1
33136,harshil,111111111111111111111111111111111111111111@1111111111111111111111111111a1111111111111111111a111111111
33137,harshil,111
33138,harshil,111111111111111111111111111111111111111111@1111111111111111111111111111a1111111111111111111a111111111
33139,harshil,1
33140,harshil,1
33141,harshil,1
33142,harshil,111111111111111111111111111111111111111111@1111111111111111111111111111a1111111111111111111a111111111
33143,harshil,111
33144,harshil,111111111111111111111111111111111111111111@1111111111111111111111111111a1111111111111111111a111111111
33145,harshil,1
33146,harshil,1
33147,harshil,1
33148,harshil,111111111111111111111111111111111111111111@1111111111111111111111111111a1111111111111111111a111111111
33149,harshil,111
33150,harshil,111111111111111111111111111111111111111111@1111111111111111111111111111a1111111111111111111a111111111
33151,harshil,1
33152,harshil,1
33153,harshil,1
33154,harshil,111111111111111111111111111111111111111111@1111111111111111111111111111a1111111111111111111a111111111
33155,harshil,111
33156,harshil,111111111111111111111111111111111111111111@1111111111111111111111111111a1111111111111111111a111111111
33157,harshil,1
33158,harshil,1
33159,harshil,1
33160,harshil,111111111111111111111111111111111111111111@1111111111111111111111111111a1111111111111111111a111111111
33161,harshil,111
33162,harshil,111111111111111111111111111111111111111111@1111111111111111111111111111a1111111111111111111a111111111
33163,harshil,1
33164,harshil,1
33165,harshil,1
33166,harshil,111111111111111111111111111111111111111111@1111111111111111111111111111a1111111111111111111a111111111
33167,harshil,111
33168,harshil,111111111111111111111111111111111111111111@1111111111111111111111111111a1111111111111111111a111111111
33169,harshil,1
33170,harshil,1
33171,harshil,1
33172,harshil,111111111111111111111111111111111111111111@1111111111111111111111111111a1111111111111111111a111111111
33173,harshil,111
33174,harshil,111111111111111111111111111111111111111111@1111111111111111111111111111a1111111111111111111a111111111
33175,harshil,1
33176,harshil,1
33177,harshil,1
33178,harshil,111111111111111111111111111111111111111111@1111111111111111111111111111a1111111111111111111a111111111
33179,harshil,111
33180,harshil,111111111111111111111111111111111111111111@1111111111111111111111111111a1111111111111111111a111111111
33181,harshil,1
33182,harshil,1
33183,harshil,1
33184,harshil,111111111111111111111111111111111111111111@1111111111111111111111111111a1111111111111111111a111111111
33185,harshil,111
33186,harshil,111111111111111111111111111111111111111111@1111111111111111111111111111a1111111111111111111a111111111
33187,harshil,1
33188,harshil,1
33189,harshil,1
33190,harshil,111111111111111111111111111111111111111111@1111111111111111111111111111a1111111111111111111a111111111
33191,harshil,111
33192,harshil,111111111111111111111111111111111111111111@1111111111111111111111111111a1111111111111111111a111111111
33193,harshil,1
33194,harshil,1
33195,harshil,1
33196,harshil,111111111111111111111111111111111111111111@1111111111111111111111111111a1111111111111111111a111111111
33197,harshil,111
33198,harshil,111111111111111111111111111111111111111111@1111111111111111111111111111a1111111111111111111a111111111
33199,harshil,1
33200,harshil,1
33201,harshil,1
33202,harshil,111111111111111111111111111111111111111111@1111111111111111111111111111a1111111111111111111a111111111
33203,harshil,111
33204,harshil,111111111111111111111111111111111111111111@1111111111111111111111111111a1111111111111111111a111111111
33205,harshil,1
33206,harshil,1
33207,harshil,1
33208,harshil,111111111111111111111111111111111111111111@1111111111111111111111111111a1111111111111111111a111111111
33209,harshil,111
33210,harshil,111111111111111111111111111111111111111111@1111111111111111111111111111a1111111111111111111a111111111
33211,harshil,1
33212,harshil,1
33213,harshil,1
33214,harshil,111111111111111111111111111111111111111111@1111111111111111111111111111a1111111111111111111a111111111
33215,harshil,111
33216,harshil,111111111111111111111111111111111111111111@1111111111111111111111111111a1111111111111111111a111111111
33217,harshil,1
33218,harshil,1
33219,harshil,1
33220,harshil,111111111111111111111111111111111111111111@1111111111111111111111111111a1111111111111111111a111111111
33221,harshil,111
33222,harshil,111111111111111111111111111111111111111111@1111111111111111111111111111a1111111111111111111a111111111
33223,harshil,1
33224,harshil,1
33225,harshil,1
33226,harshil,111111111111111111111111111111111111111111@1111111111111111111111111111a1111111111111111111a111111111
33227,harshil,111
33228,harshil,111111111111111111111111111111111111111111@1111111111111111111111111111a1111111111111111111a111111111
33229,harshil,1
33230,harshil,1
33231,harshil,1
33232,harshil,111111111111111111111111111111111111111111@1111111111111111111111111111a1111111111111111111a111111111
33233,harshil,111
33234,harshil,111111111111111111111111111111111111111111@1111111111111111111111111111a1111111111111111111a111111111
33235,harshil,1
33236,harshil,1
33237,harshil,1
33238,harshil,111111111111111111111111111111111111111111@1111111111111111111111111111a1111111111111111111a111111111
33239,harshil,111
33240,harshil,111111111111111111111111111111111111111111@1111111111111111111111111111a1111111111111111111a111111111
33241,harshil,1
33242,harshil,1
33243,harshil,1
33244,harshil,111111111111111111111111111111111111111111@1111111111111111111111111111a1111111111111111111a111111111
33245,harshil,111
33246,harshil,111111111111111111111111111111111111111111@1111111111111111111111111111a1111111111111111111a111111111
33247,harshil,1
33248,harshil,1
33249,harshil,1
33250,harshil,111111111111111111111111111111111111111111@1111111111111111111111111111a1111111111111111111a111111111
33251,harshil,111
33252,harshil,111111111111111111111111111111111111111111@1111111111111111111111111111a1111111111111111111a111111111
33253,harshil,1
33254,harshil,1
33255,harshil,1
33256,harshil,111111111111111111111111111111111111111111@1111111111111111111111111111a1111111111111111111a111111111
33257,harshil,111
33258,harshil,111111111111111111111111111111111111111111@1111111111111111111111111111a1111111111111111111a111111111
33259,harshil,1
33260,harshil,1
33261,harshil,1
33262,harshil,111111111111111111111111111111111111111111@1111111111111111111111111111a1111111111111111111a111111111
33263,harshil,111
33264,harshil,111111111111111111111111111111111111111111@1111111111111111111111111111a1111111111111111111a111111111
33265,harshil,1
33266,harshil,1
33267,harshil,1
33268,harshil,111111111111111111111111111111111111111111@1111111111111111111111111111a1111111111111111111a111111111
33269,harshil,111
33270,harshil,111111111111111111111111111111111111111111@1111111111111111111111111111a1111111111111111111a111111111
33271,harshil,1
33272,harshil,1
33273,harshil,1
33274,harshil,111111111111111111111111111111111111111111@1111111111111111111111111111a1111111111111111111a111111111
33275,harshil,111
33276,harshil,111111111111111111111111111111111111111111@1111111111111111111111111111a1111111111111111111a111111111
33277,harshil,1
33278,harshil,1
33279,harshil,1
33280,harshil,111111111111111111111111111111111111111111@1111111111111111111111111111a1111111111111111111a111111111
33281,harshil,111
33282,harshil,111111111111111111111111111111111111111111@1111111111111111111111111111a1111111111111111111a111111111
33283,harshil,1
33284,harshil,1
33285,harshil,1
33286,harshil,111111111111111111111111111111111111111111@1111111111111111111111111111a1111111111111111111a111111111
33287,harshil,111
33288,harshil,111111111111111111111111111111111111111111@1111111111111111111111111111a1111111111111111111a111111111
33289,harshil,1
33290,harshil,1
33291,harshil,1
33292,harshil,111111111111111111111111111111111111111111@1111111111111111111111111111a1111111111111111111a111111111
33293,harshil,111
33294,harshil,111111111111111111111111111111111111111111@1111111111111111111111111111a1111111111111111111a111111111
33295,harshil,1
33296,harshil,1
33297,harshil,1
33298,harshil,111111111111111111111111111111111111111111@1111111111111111111111111111a1111111111111111111a111111111
33299,harshil,111
33300,harshil,111111111111111111111111111111111111111111@1111111111111111111111111111a1111111111111111111a111111111
33301,harshil,1
33302,harshil,1
33303,harshil,1
33304,harshil,111111111111111111111111111111111111111111@1111111111111111111111111111a1111111111111111111a111111111
33305,harshil,111
33306,harshil,111111111111111111111111111111111111111111@1111111111111111111111111111a1111111111111111111a111111111
33307,harshil,1
33308,harshil,1
33309,harshil,1
33310,harshil,111111111111111111111111111111111111111111@1111111111111111111111111111a1111111111111111111a111111111
33311,harshil,111
33312,harshil,111111111111111111111111111111111111111111@1111111111111111111111111111a1111111111111111111a111111111
33313,harshil,1
33314,harshil,1
33315,harshil,1
33316,harshil,111111111111111111111111111111111111111111@1111111111111111111111111111a1111111111111111111a111111111
33317,harshil,111
33318,harshil,111111111111111111111111111111111111111111@1111111111111111111111111111a1111111111111111111a111111111
33319,harshil,1
33320,harshil,1
33321,harshil,1
33322,harshil,111111111111111111111111111111111111111111@1111111111111111111111111111a1111111111111111111a111111111
33323,harshil,111
33324,harshil,111111111111111111111111111111111111111111@1111111111111111111111111111a1111111111111111111a111111111
33325,harshil,1
33326,harshil,1
33327,harshil,1
33328,harshil,111111111111111111111111111111111111111111@1111111111111111111111111111a1111111111111111111a111111111
33329,harshil,111
33330,harshil,111111111111111111111111111111111111111111@1111111111111111111111111111a1111111111111111111a111111111
33331,harshil,1
33332,harshil,1
33333,harshil,1
33334,harshil,111111111111111111111111111111111111111111@1111111111111111111111111111a1111111111111111111a111111111
33335,harshil,111
33336,harshil,111111111111111111111111111111111111111111@1111111111111111111111111111a1111111111111111111a111111111
33337,harshil,1
33338,harshil,1
33339,harshil,1
33340,harshil,111111111111111111111111111111111111111111@1111111111111111111111111111a1111111111111111111a111111111
33341,harshil,111
33342,harshil,111111111111111111111111111111111111111111@1111111111111111111111111111a1111111111111111111a111111111
33343,harshil,1
33344,harshil,1
33345,harshil,1
33346,harshil,111111111111111111111111111111111111111111@1111111111111111111111111111a1111111111111111111a111111111
33347,harshil,111
33348,harshil,111111111111111111111111111111111111111111@1111111111111111111111111111a1111111111111111111a111111111
33349,harshil,1
33350,harshil,1
33351,harshil,1
33352,harshil,111111111111111111111111111111111111111111@1111111111111111111111111111a1111111111111111111a111111111
33353,harshil,111
33354,harshil,111111111111111111111111111111111111111111@1111111111111111111111111111a1111111111111111111a111111111
33355,harshil,1
33356,harshil,1
33357,harshil,1
33358,harshil,111111111111111111111111111111111111111111@1111111111111111111111111111a1111111111111111111a111111111
33359,harshil,111
33360,harshil,111111111111111111111111111111111111111111@1111111111111111111111111111a1111111111111111111a111111111
33361,harshil,1
33362,harshil,1
33363,harshil,1
33364,harshil,111111111111111111111111111111111111111111@1111111111111111111111111111a1111111111111111111a111111111
33365,harshil,111
33366,harshil,111111111111111111111111111111111111111111@1111111111111111111111111111a1111111111111111111a111111111
33367,harshil,1
33368,harshil,1
33369,harshil,1
33370,harshil,111111111111111111111111111111111111111111@1111111111111111111111111111a1111111111111111111a111111111
33371,harshil,111
33372,harshil,111111111111111111111111111111111111111111@1111111111111111111111111111a1111111111111111111a111111111
33373,harshil,1
33374,harshil,1
33375,harshil,1
33376,harshil,111111111111111111111111111111111111111111@1111111111111111111111111111a1111111111111111111a111111111
33377,harshil,111
33378,harshil,111111111111111111111111111111111111111111@1111111111111111111111111111a1111111111111111111a111111111
33379,harshil,1
33380,harshil,1
33381,harshil,1
33382,harshil,111111111111111111111111111111111111111111@1111111111111111111111111111a1111111111111111111a111111111
33383,harshil,111
33384,harshil,111111111111111111111111111111111111111111@1111111111111111111111111111a1111111111111111111a111111111
33385,harshil,1
33386,harshil,1
33387,harshil,1
33388,harshil,111111111111111111111111111111111111111111@1111111111111111111111111111a1111111111111111111a111111111
33389,harshil,111
33390,harshil,111111111111111111111111111111111111111111@1111111111111111111111111111a1111111111111111111a111111111
33391,harshil,1
33392,harshil,1
33393,harshil,1
33394,harshil,111111111111111111111111111111111111111111@1111111111111111111111111111a1111111111111111111a111111111
33395,harshil,111
33396,harshil,111111111111111111111111111111111111111111@1111111111111111111111111111a1111111111111111111a111111111
33397,harshil,1
33398,harshil,1
33399,harshil,1
33400,harshil,111111111111111111111111111111111111111111@1111111111111111111111111111a1111111111111111111a111111111
33401,harshil,111
33402,harshil,111111111111111111111111111111111111111111@1111111111111111111111111111a1111111111111111111a111111111
33403,harshil,1
33404,harshil,1
33405,harshil,1
33406,harshil,111111111111111111111111111111111111111111@1111111111111111111111111111a1111111111111111111a111111111
33407,harshil,111
33408,harshil,111111111111111111111111111111111111111111@1111111111111111111111111111a1111111111111111111a111111111
33409,harshil,1
33410,harshil,1
33411,harshil,1
33412,harshil,111111111111111111111111111111111111111111@1111111111111111111111111111a1111111111111111111a111111111
33413,harshil,111
33414,harshil,111111111111111111111111111111111111111111@1111111111111111111111111111a1111111111111111111a111111111
33415,harshil,1
33416,harshil,1
33417,harshil,1
33418,harshil,111111111111111111111111111111111111111111@1111111111111111111111111111a1111111111111111111a111111111
33419,harshil,111
33420,harshil,111111111111111111111111111111111111111111@1111111111111111111111111111a1111111111111111111a111111111
33421,harshil,1
33422,harshil,1
33423,harshil,1
33424,harshil,111111111111111111111111111111111111111111@1111111111111111111111111111a1111111111111111111a111111111
33425,harshil,111
33426,harshil,111111111111111111111111111111111111111111@1111111111111111111111111111a1111111111111111111a111111111
33427,harshil,1
33428,harshil,1
33429,harshil,1
33430,harshil,111111111111111111111111111111111111111111@1111111111111111111111111111a1111111111111111111a111111111
33431,harshil,111
33432,harshil,111111111111111111111111111111111111111111@1111111111111111111111111111a1111111111111111111a111111111
33433,harshil,1
33434,harshil,1
33435,harshil,1
33436,harshil,111111111111111111111111111111111111111111@1111111111111111111111111111a1111111111111111111a111111111
33437,harshil,111
33438,harshil,111111111111111111111111111111111111111111@1111111111111111111111111111a1111111111111111111a111111111
33439,harshil,1
33440,harshil,1
33441,harshil,1
33442,harshil,111111111111111111111111111111111111111111@1111111111111111111111111111a1111111111111111111a111111111
33443,harshil,111
33444,harshil,111111111111111111111111111111111111111111@1111111111111111111111111111a1111111111111111111a111111111
33445,harshil,1
33446,harshil,1
33447,harshil,1
33448,harshil,111111111111111111111111111111111111111111@1111111111111111111111111111a1111111111111111111a111111111
33449,harshil,111
33450,harshil,111111111111111111111111111111111111111111@1111111111111111111111111111a1111111111111111111a111111111
33451,harshil,1
33452,harshil,1
33453,harshil,1
33454,harshil,111111111111111111111111111111111111111111@1111111111111111111111111111a1111111111111111111a111111111
33455,harshil,111
33456,harshil,111111111111111111111111111111111111111111@1111111111111111111111111111a1111111111111111111a111111111
33457,harshil,1
33458,harshil,1
33459,harshil,1
33460,harshil,111111111111111111111111111111111111111111@1111111111111111111111111111a1111111111111111111a111111111
33461,harshil,111
33462,harshil,111111111111111111111111111111111111111111@1111111111111111111111111111a1111111111111111111a111111111
33463,harshil,1
33464,harshil,1
33465,harshil,1
33466,harshil,111111111111111111111111111111111111111111@1111111111111111111111111111a1111111111111111111a111111111
33467,harshil,111
33468,harshil,111111111111111111111111111111111111111111@1111111111111111111111111111a1111111111111111111a111111111
33469,harshil,1
33470,harshil,1
33471,harshil,1
33472,harshil,111111111111111111111111111111111111111111@1111111111111111111111111111a1111111111111111111a111111111
33473,harshil,111
33474,harshil,111111111111111111111111111111111111111111@1111111111111111111111111111a1111111111111111111a111111111
33475,harshil,1
33476,harshil,1
33477,harshil,1
33478,harshil,111111111111111111111111111111111111111111@1111111111111111111111111111a1111111111111111111a111111111
33479,harshil,111
33480,harshil,111111111111111111111111111111111111111111@1111111111111111111111111111a1111111111111111111a111111111
33481,harshil,1
33482,harshil,1
33483,harshil,1
33484,harshil,111111111111111111111111111111111111111111@1111111111111111111111111111a1111111111111111111a111111111
33485,harshil,111
33486,harshil,111111111111111111111111111111111111111111@1111111111111111111111111111a1111111111111111111a111111111
33487,harshil,1
33488,harshil,1
33489,harshil,1
33490,harshil,111111111111111111111111111111111111111111@1111111111111111111111111111a1111111111111111111a111111111
33491,harshil,111
33492,harshil,111111111111111111111111111111111111111111@1111111111111111111111111111a1111111111111111111a111111111
33493,harshil,1
33494,harshil,1
33495,harshil,1
33496,harshil,111111111111111111111111111111111111111111@1111111111111111111111111111a1111111111111111111a111111111
33497,harshil,111
33498,harshil,111111111111111111111111111111111111111111@1111111111111111111111111111a1111111111111111111a111111111
33499,harshil,1
33500,harshil,1
33501,harshil,1
33502,harshil,111111111111111111111111111111111111111111@1111111111111111111111111111a1111111111111111111a111111111
33503,harshil,111
33504,harshil,111111111111111111111111111111111111111111@1111111111111111111111111111a1111111111111111111a111111111
33505,harshil,1
33506,harshil,1
33507,harshil,1
33508,harshil,111111111111111111111111111111111111111111@1111111111111111111111111111a1111111111111111111a111111111
33509,harshil,111
33510,harshil,111111111111111111111111111111111111111111@1111111111111111111111111111a1111111111111111111a111111111
33511,harshil,1
33512,harshil,1
33513,harshil,1
33514,harshil,111111111111111111111111111111111111111111@1111111111111111111111111111a1111111111111111111a111111111
33515,harshil,111
33516,harshil,111111111111111111111111111111111111111111@1111111111111111111111111111a1111111111111111111a111111111
33517,harshil,1
33518,harshil,1
33519,harshil,1
33520,harshil,111111111111111111111111111111111111111111@1111111111111111111111111111a1111111111111111111a111111111
33521,harshil,111
33522,harshil,111111111111111111111111111111111111111111@1111111111111111111111111111a1111111111111111111a111111111
33523,harshil,1
33524,harshil,1
33525,harshil,1
33526,harshil,111111111111111111111111111111111111111111@1111111111111111111111111111a1111111111111111111a111111111
33527,harshil,111
33528,harshil,111111111111111111111111111111111111111111@1111111111111111111111111111a1111111111111111111a111111111
33529,harshil,1
33530,harshil,1
33531,harshil,1
33532,harshil,111111111111111111111111111111111111111111@1111111111111111111111111111a1111111111111111111a111111111
33533,harshil,111
33534,harshil,111111111111111111111111111111111111111111@1111111111111111111111111111a1111111111111111111a111111111
33535,harshil,1
33536,harshil,1
33537,harshil,1
33538,harshil,111111111111111111111111111111111111111111@1111111111111111111111111111a1111111111111111111a111111111
33539,harshil,111
33540,harshil,111111111111111111111111111111111111111111@1111111111111111111111111111a1111111111111111111a111111111
33541,harshil,1
33542,harshil,1
33543,harshil,1
33544,harshil,111111111111111111111111111111111111111111@1111111111111111111111111111a1111111111111111111a111111111
33545,harshil,111
33546,harshil,111111111111111111111111111111111111111111@1111111111111111111111111111a1111111111111111111a111111111
33547,harshil,1
33548,harshil,1
33549,harshil,1
33550,harshil,111111111111111111111111111111111111111111@1111111111111111111111111111a1111111111111111111a111111111
33551,harshil,111
33552,harshil,111111111111111111111111111111111111111111@1111111111111111111111111111a1111111111111111111a111111111
33553,harshil,1
33554,harshil,1
33555,harshil,1
33556,harshil,111111111111111111111111111111111111111111@1111111111111111111111111111a1111111111111111111a111111111
33557,harshil,111
33558,harshil,111111111111111111111111111111111111111111@1111111111111111111111111111a1111111111111111111a111111111
33559,harshil,1
33560,harshil,1
33561,harshil,1
33562,harshil,111111111111111111111111111111111111111111@1111111111111111111111111111a1111111111111111111a111111111
33563,harshil,111
33564,harshil,111111111111111111111111111111111111111111@1111111111111111111111111111a1111111111111111111a111111111
33565,harshil,1
33566,harshil,1
33567,harshil,1
33568,harshil,111111111111111111111111111111111111111111@1111111111111111111111111111a1111111111111111111a111111111
33569,harshil,111
33570,harshil,111111111111111111111111111111111111111111@1111111111111111111111111111a1111111111111111111a111111111
33571,harshil,1
33572,harshil,1
33573,harshil,1
33574,harshil,111111111111111111111111111111111111111111@1111111111111111111111111111a1111111111111111111a111111111
33575,harshil,111
33576,harshil,111111111111111111111111111111111111111111@1111111111111111111111111111a1111111111111111111a111111111
33577,harshil,1
33578,harshil,1
33579,harshil,1
33580,harshil,111111111111111111111111111111111111111111@1111111111111111111111111111a1111111111111111111a111111111
33581,harshil,111
33582,harshil,111111111111111111111111111111111111111111@1111111111111111111111111111a1111111111111111111a111111111
33583,harshil,1
33584,harshil,1
33585,harshil,1
33586,harshil,111111111111111111111111111111111111111111@1111111111111111111111111111a1111111111111111111a111111111
33587,harshil,111
33588,harshil,111111111111111111111111111111111111111111@1111111111111111111111111111a1111111111111111111a111111111
33589,harshil,1
33590,harshil,1
33591,harshil,1
33592,harshil,111111111111111111111111111111111111111111@1111111111111111111111111111a1111111111111111111a111111111
33593,harshil,111
33594,harshil,111111111111111111111111111111111111111111@1111111111111111111111111111a1111111111111111111a111111111
33595,harshil,1
33596,harshil,1
33597,harshil,1
33598,harshil,111111111111111111111111111111111111111111@1111111111111111111111111111a1111111111111111111a111111111
33599,harshil,111
33600,harshil,111111111111111111111111111111111111111111@1111111111111111111111111111a1111111111111111111a111111111
33601,harshil,1
33602,harshil,1
33603,harshil,1
33604,harshil,111111111111111111111111111111111111111111@1111111111111111111111111111a1111111111111111111a111111111
33605,harshil,111
33606,harshil,111111111111111111111111111111111111111111@1111111111111111111111111111a1111111111111111111a111111111
33607,harshil,1
33608,harshil,1
33609,harshil,1
33610,harshil,111111111111111111111111111111111111111111@1111111111111111111111111111a1111111111111111111a111111111
33611,harshil,111
33612,harshil,111111111111111111111111111111111111111111@1111111111111111111111111111a1111111111111111111a111111111
33613,harshil,1
33614,harshil,1
33615,harshil,1
33616,harshil,111111111111111111111111111111111111111111@1111111111111111111111111111a1111111111111111111a111111111
33617,harshil,111
33618,harshil,111111111111111111111111111111111111111111@1111111111111111111111111111a1111111111111111111a111111111
33619,harshil,1
33620,harshil,1
33621,harshil,1
33622,harshil,111111111111111111111111111111111111111111@1111111111111111111111111111a1111111111111111111a111111111
33623,harshil,111
33624,harshil,111111111111111111111111111111111111111111@1111111111111111111111111111a1111111111111111111a111111111
33625,harshil,1
33626,harshil,1
33627,harshil,1
33628,harshil,111111111111111111111111111111111111111111@1111111111111111111111111111a1111111111111111111a111111111
33629,harshil,111
33630,harshil,111111111111111111111111111111111111111111@1111111111111111111111111111a1111111111111111111a111111111
33631,harshil,1
33632,harshil,1
33633,harshil,1
33634,harshil,111111111111111111111111111111111111111111@1111111111111111111111111111a1111111111111111111a111111111
33635,harshil,111
33636,harshil,111111111111111111111111111111111111111111@1111111111111111111111111111a1111111111111111111a111111111
33637,harshil,1
33638,harshil,1
33639,harshil,1
33640,harshil,111111111111111111111111111111111111111111@1111111111111111111111111111a1111111111111111111a111111111
33641,harshil,111
33642,harshil,111111111111111111111111111111111111111111@1111111111111111111111111111a1111111111111111111a111111111
33643,harshil,1
33644,harshil,1
33645,harshil,1
33646,harshil,111111111111111111111111111111111111111111@1111111111111111111111111111a1111111111111111111a111111111
33647,harshil,111
33648,harshil,111111111111111111111111111111111111111111@1111111111111111111111111111a1111111111111111111a111111111
33649,harshil,1
33650,harshil,1
33651,harshil,1
33652,harshil,111111111111111111111111111111111111111111@1111111111111111111111111111a1111111111111111111a111111111
33653,harshil,111
33654,harshil,111111111111111111111111111111111111111111@1111111111111111111111111111a1111111111111111111a111111111
33655,harshil,1
33656,harshil,1
33657,harshil,1
33658,harshil,111111111111111111111111111111111111111111@1111111111111111111111111111a1111111111111111111a111111111
33659,harshil,111
33660,harshil,111111111111111111111111111111111111111111@1111111111111111111111111111a1111111111111111111a111111111
33661,harshil,1
33662,harshil,1
33663,harshil,1
33664,harshil,111111111111111111111111111111111111111111@1111111111111111111111111111a1111111111111111111a111111111
33665,harshil,111
33666,harshil,111111111111111111111111111111111111111111@1111111111111111111111111111a1111111111111111111a111111111
33667,harshil,1
33668,harshil,1
33669,harshil,1
33670,harshil,111111111111111111111111111111111111111111@1111111111111111111111111111a1111111111111111111a111111111
33671,harshil,111
33672,harshil,111111111111111111111111111111111111111111@1111111111111111111111111111a1111111111111111111a111111111
33673,harshil,1
33674,harshil,1
33675,harshil,1
33676,harshil,111111111111111111111111111111111111111111@1111111111111111111111111111a1111111111111111111a111111111
33677,harshil,111
33678,harshil,111111111111111111111111111111111111111111@1111111111111111111111111111a1111111111111111111a111111111
33679,harshil,1
33680,harshil,1
33681,harshil,1
33682,harshil,111111111111111111111111111111111111111111@1111111111111111111111111111a1111111111111111111a111111111
33683,harshil,111
33684,harshil,111111111111111111111111111111111111111111@1111111111111111111111111111a1111111111111111111a111111111
33685,harshil,1
33686,harshil,1
33687,harshil,1
33688,harshil,111111111111111111111111111111111111111111@1111111111111111111111111111a1111111111111111111a111111111
33689,harshil,111
33690,harshil,111111111111111111111111111111111111111111@1111111111111111111111111111a1111111111111111111a111111111
33691,harshil,1
33692,harshil,1
33693,harshil,1
33694,harshil,111111111111111111111111111111111111111111@1111111111111111111111111111a1111111111111111111a111111111
33695,harshil,111
33696,harshil,111111111111111111111111111111111111111111@1111111111111111111111111111a1111111111111111111a111111111
33697,harshil,1
33698,harshil,1
33699,harshil,1
33700,harshil,111111111111111111111111111111111111111111@1111111111111111111111111111a1111111111111111111a111111111
33701,harshil,111
33702,harshil,111111111111111111111111111111111111111111@1111111111111111111111111111a1111111111111111111a111111111
33703,harshil,1
33704,harshil,1
33705,harshil,1
33706,harshil,111111111111111111111111111111111111111111@1111111111111111111111111111a1111111111111111111a111111111
33707,harshil,111
33708,harshil,111111111111111111111111111111111111111111@1111111111111111111111111111a1111111111111111111a111111111
33709,harshil,1
33710,harshil,1
33711,harshil,1
33712,harshil,111111111111111111111111111111111111111111@1111111111111111111111111111a1111111111111111111a111111111
33713,harshil,111
33714,harshil,111111111111111111111111111111111111111111@1111111111111111111111111111a1111111111111111111a111111111
33715,harshil,1
33716,harshil,1
33717,harshil,1
33718,harshil,111111111111111111111111111111111111111111@1111111111111111111111111111a1111111111111111111a111111111
33719,harshil,111
33720,harshil,111111111111111111111111111111111111111111@1111111111111111111111111111a1111111111111111111a111111111
33721,harshil,1
33722,harshil,1
33723,harshil,1
33724,harshil,111111111111111111111111111111111111111111@1111111111111111111111111111a1111111111111111111a111111111
33725,harshil,111
33726,harshil,111111111111111111111111111111111111111111@1111111111111111111111111111a1111111111111111111a111111111
33727,harshil,1
33728,harshil,1
33729,harshil,1
33730,harshil,111111111111111111111111111111111111111111@1111111111111111111111111111a1111111111111111111a111111111
33731,harshil,111
33732,harshil,111111111111111111111111111111111111111111@1111111111111111111111111111a1111111111111111111a111111111
33733,harshil,1
33734,harshil,1
33735,harshil,1
33736,harshil,111111111111111111111111111111111111111111@1111111111111111111111111111a1111111111111111111a111111111
33737,harshil,111
33738,harshil,111111111111111111111111111111111111111111@1111111111111111111111111111a1111111111111111111a111111111
33739,harshil,1
33740,harshil,1
33741,harshil,1
33742,harshil,111111111111111111111111111111111111111111@1111111111111111111111111111a1111111111111111111a111111111
33743,harshil,111
33744,harshil,111111111111111111111111111111111111111111@1111111111111111111111111111a1111111111111111111a111111111
33745,harshil,1
33746,harshil,1
33747,harshil,1
33748,harshil,111111111111111111111111111111111111111111@1111111111111111111111111111a1111111111111111111a111111111
33749,harshil,111
33750,harshil,111111111111111111111111111111111111111111@1111111111111111111111111111a1111111111111111111a111111111
33751,harshil,1
33752,harshil,1
33753,harshil,1
33754,harshil,111111111111111111111111111111111111111111@1111111111111111111111111111a1111111111111111111a111111111
33755,harshil,111
33756,harshil,111111111111111111111111111111111111111111@1111111111111111111111111111a1111111111111111111a111111111
33757,harshil,1
33758,harshil,1
33759,harshil,1
33760,harshil,111111111111111111111111111111111111111111@1111111111111111111111111111a1111111111111111111a111111111
33761,harshil,111
33762,harshil,111111111111111111111111111111111111111111@1111111111111111111111111111a1111111111111111111a111111111
33763,harshil,1
33764,harshil,1
33765,harshil,1
33766,harshil,111111111111111111111111111111111111111111@1111111111111111111111111111a1111111111111111111a111111111
33767,harshil,111
33768,harshil,111111111111111111111111111111111111111111@1111111111111111111111111111a1111111111111111111a111111111
33769,harshil,1
33770,harshil,1
33771,harshil,1
33772,harshil,111111111111111111111111111111111111111111@1111111111111111111111111111a1111111111111111111a111111111
33773,harshil,111
33774,harshil,111111111111111111111111111111111111111111@1111111111111111111111111111a1111111111111111111a111111111
33775,harshil,1
33776,harshil,1
33777,harshil,1
33778,harshil,111111111111111111111111111111111111111111@1111111111111111111111111111a1111111111111111111a111111111
33779,harshil,111
33780,harshil,111111111111111111111111111111111111111111@1111111111111111111111111111a1111111111111111111a111111111
33781,harshil,1
33782,harshil,1
33783,harshil,1
33784,harshil,111111111111111111111111111111111111111111@1111111111111111111111111111a1111111111111111111a111111111
33785,harshil,111
33786,harshil,111111111111111111111111111111111111111111@1111111111111111111111111111a1111111111111111111a111111111
33787,harshil,1
33788,harshil,1
33789,harshil,1
33790,harshil,111111111111111111111111111111111111111111@1111111111111111111111111111a1111111111111111111a111111111
33791,harshil,111
33792,harshil,111111111111111111111111111111111111111111@1111111111111111111111111111a1111111111111111111a111111111
33793,harshil,1
33794,harshil,1
33795,harshil,1
33796,harshil,111111111111111111111111111111111111111111@1111111111111111111111111111a1111111111111111111a111111111
33797,harshil,111
33798,harshil,111111111111111111111111111111111111111111@1111111111111111111111111111a1111111111111111111a111111111
33799,harshil,1
33800,harshil,1
33801,harshil,1
33802,harshil,111111111111111111111111111111111111111111@1111111111111111111111111111a1111111111111111111a111111111
33803,harshil,111
33804,harshil,111111111111111111111111111111111111111111@1111111111111111111111111111a1111111111111111111a111111111
33805,harshil,1
33806,harshil,1
33807,harshil,1
33808,harshil,111111111111111111111111111111111111111111@1111111111111111111111111111a1111111111111111111a111111111
33809,harshil,111
33810,harshil,111111111111111111111111111111111111111111@1111111111111111111111111111a1111111111111111111a111111111
33811,harshil,1
33812,harshil,1
33813,harshil,1
33814,harshil,111111111111111111111111111111111111111111@1111111111111111111111111111a1111111111111111111a111111111
33815,harshil,111
33816,harshil,111111111111111111111111111111111111111111@1111111111111111111111111111a1111111111111111111a111111111
33817,harshil,1
33818,harshil,1
33819,harshil,1
33820,harshil,111111111111111111111111111111111111111111@1111111111111111111111111111a1111111111111111111a111111111
33821,harshil,111
33822,harshil,111111111111111111111111111111111111111111@1111111111111111111111111111a1111111111111111111a111111111
33823,harshil,1
33824,harshil,1
33825,harshil,1
33826,harshil,111111111111111111111111111111111111111111@1111111111111111111111111111a1111111111111111111a111111111
33827,harshil,111
33828,harshil,111111111111111111111111111111111111111111@1111111111111111111111111111a1111111111111111111a111111111
33829,harshil,1
33830,harshil,1
33831,harshil,1
33832,harshil,111111111111111111111111111111111111111111@1111111111111111111111111111a1111111111111111111a111111111
33833,harshil,111
33834,harshil,111111111111111111111111111111111111111111@1111111111111111111111111111a1111111111111111111a111111111
33835,harshil,1
33836,harshil,1
33837,harshil,1
33838,harshil,111111111111111111111111111111111111111111@1111111111111111111111111111a1111111111111111111a111111111
33839,harshil,111
33840,harshil,111111111111111111111111111111111111111111@1111111111111111111111111111a1111111111111111111a111111111
33841,harshil,1
33842,harshil,1
33843,harshil,1
33844,harshil,111111111111111111111111111111111111111111@1111111111111111111111111111a1111111111111111111a111111111
33845,harshil,111
33846,harshil,111111111111111111111111111111111111111111@1111111111111111111111111111a1111111111111111111a111111111
33847,harshil,1
33848,harshil,1
33849,harshil,1
33850,harshil,111111111111111111111111111111111111111111@1111111111111111111111111111a1111111111111111111a111111111
33851,harshil,111
33852,harshil,111111111111111111111111111111111111111111@1111111111111111111111111111a1111111111111111111a111111111
33853,harshil,1
33854,harshil,1
33855,harshil,1
33856,harshil,111111111111111111111111111111111111111111@1111111111111111111111111111a1111111111111111111a111111111
33857,harshil,111
33858,harshil,111111111111111111111111111111111111111111@1111111111111111111111111111a1111111111111111111a111111111
33859,harshil,1
33860,harshil,1
33861,harshil,1
33862,harshil,111111111111111111111111111111111111111111@1111111111111111111111111111a1111111111111111111a111111111
33863,harshil,111
33864,harshil,111111111111111111111111111111111111111111@1111111111111111111111111111a1111111111111111111a111111111
33865,harshil,1
33866,harshil,1
33867,harshil,1
33868,harshil,111111111111111111111111111111111111111111@1111111111111111111111111111a1111111111111111111a111111111
33869,harshil,111
33870,harshil,111111111111111111111111111111111111111111@1111111111111111111111111111a1111111111111111111a111111111
33871,harshil,1
33872,harshil,1
33873,harshil,1
33874,harshil,111111111111111111111111111111111111111111@1111111111111111111111111111a1111111111111111111a111111111
33875,harshil,111
33876,harshil,111111111111111111111111111111111111111111@1111111111111111111111111111a1111111111111111111a111111111
33877,harshil,1
33878,harshil,1
33879,harshil,1
33880,harshil,111111111111111111111111111111111111111111@1111111111111111111111111111a1111111111111111111a111111111
33881,harshil,111
33882,harshil,111111111111111111111111111111111111111111@1111111111111111111111111111a1111111111111111111a111111111
33883,harshil,1
33884,harshil,1
33885,harshil,1
33886,harshil,111111111111111111111111111111111111111111@1111111111111111111111111111a1111111111111111111a111111111
33887,harshil,111
33888,harshil,111111111111111111111111111111111111111111@1111111111111111111111111111a1111111111111111111a111111111
33889,harshil,1
33890,harshil,1
33891,harshil,1
33892,harshil,111111111111111111111111111111111111111111@1111111111111111111111111111a1111111111111111111a111111111
33893,harshil,111
33894,harshil,111111111111111111111111111111111111111111@1111111111111111111111111111a1111111111111111111a111111111
33895,harshil,1
33896,harshil,1
33897,harshil,1
33898,harshil,111111111111111111111111111111111111111111@1111111111111111111111111111a1111111111111111111a111111111
33899,harshil,111
33900,harshil,111111111111111111111111111111111111111111@1111111111111111111111111111a1111111111111111111a111111111
33901,harshil,1
33902,harshil,1
33903,harshil,1
33904,harshil,111111111111111111111111111111111111111111@1111111111111111111111111111a1111111111111111111a111111111
33905,harshil,111
33906,harshil,111111111111111111111111111111111111111111@1111111111111111111111111111a1111111111111111111a111111111
33907,harshil,1
33908,harshil,1
33909,harshil,1
33910,harshil,111111111111111111111111111111111111111111@1111111111111111111111111111a1111111111111111111a111111111
33911,harshil,111
33912,harshil,111111111111111111111111111111111111111111@1111111111111111111111111111a1111111111111111111a111111111
33913,harshil,1
33914,harshil,1
33915,harshil,1
33916,harshil,111111111111111111111111111111111111111111@1111111111111111111111111111a1111111111111111111a111111111
33917,harshil,111
33918,harshil,111111111111111111111111111111111111111111@1111111111111111111111111111a1111111111111111111a111111111
33919,harshil,1
33920,harshil,1
33921,harshil,1
33922,harshil,111111111111111111111111111111111111111111@1111111111111111111111111111a1111111111111111111a111111111
33923,harshil,111
33924,harshil,111111111111111111111111111111111111111111@1111111111111111111111111111a1111111111111111111a111111111
33925,harshil,1
33926,harshil,1
33927,harshil,1
33928,harshil,111111111111111111111111111111111111111111@1111111111111111111111111111a1111111111111111111a111111111
33929,harshil,111
33930,harshil,111111111111111111111111111111111111111111@1111111111111111111111111111a1111111111111111111a111111111
33931,harshil,1
33932,harshil,1
33933,harshil,1
33934,harshil,111111111111111111111111111111111111111111@1111111111111111111111111111a1111111111111111111a111111111
33935,harshil,111
33936,harshil,111111111111111111111111111111111111111111@1111111111111111111111111111a1111111111111111111a111111111
33937,harshil,1
33938,harshil,1
33939,harshil,1
33940,harshil,111111111111111111111111111111111111111111@1111111111111111111111111111a1111111111111111111a111111111
33941,harshil,111
33942,harshil,111111111111111111111111111111111111111111@1111111111111111111111111111a1111111111111111111a111111111
33943,harshil,1
33944,harshil,1
33945,harshil,1
33946,harshil,111111111111111111111111111111111111111111@1111111111111111111111111111a1111111111111111111a111111111
33947,harshil,111
33948,harshil,111111111111111111111111111111111111111111@1111111111111111111111111111a1111111111111111111a111111111
33949,harshil,1
33950,harshil,1
33951,harshil,1
33952,harshil,111111111111111111111111111111111111111111@1111111111111111111111111111a1111111111111111111a111111111
33953,harshil,111
33954,harshil,111111111111111111111111111111111111111111@1111111111111111111111111111a1111111111111111111a111111111
33955,harshil,1
33956,harshil,1
33957,harshil,1
33958,harshil,111111111111111111111111111111111111111111@1111111111111111111111111111a1111111111111111111a111111111
33959,harshil,111
33960,harshil,111111111111111111111111111111111111111111@1111111111111111111111111111a1111111111111111111a111111111
33961,harshil,1
33962,harshil,1
33963,harshil,1
33964,harshil,111111111111111111111111111111111111111111@1111111111111111111111111111a1111111111111111111a111111111
33965,harshil,111
33966,harshil,111111111111111111111111111111111111111111@1111111111111111111111111111a1111111111111111111a111111111
33967,harshil,1
33968,harshil,1
33969,harshil,1
33970,harshil,111111111111111111111111111111111111111111@1111111111111111111111111111a1111111111111111111a111111111
33971,harshil,111
33972,harshil,111111111111111111111111111111111111111111@1111111111111111111111111111a1111111111111111111a111111111
33973,harshil,1
33974,harshil,1
33975,harshil,1
33976,harshil,111111111111111111111111111111111111111111@1111111111111111111111111111a1111111111111111111a111111111
33977,harshil,111
33978,harshil,111111111111111111111111111111111111111111@1111111111111111111111111111a1111111111111111111a111111111
33979,harshil,1
33980,harshil,1
33981,harshil,1
33982,harshil,111111111111111111111111111111111111111111@1111111111111111111111111111a1111111111111111111a111111111
33983,harshil,111
33984,harshil,111111111111111111111111111111111111111111@1111111111111111111111111111a1111111111111111111a111111111
33985,harshil,1
33986,harshil,1
33987,harshil,1
33988,harshil,111111111111111111111111111111111111111111@1111111111111111111111111111a1111111111111111111a111111111
33989,harshil,111
33990,harshil,111111111111111111111111111111111111111111@1111111111111111111111111111a1111111111111111111a111111111
33991,harshil,1
33992,harshil,1
33993,harshil,1
33994,harshil,111111111111111111111111111111111111111111@1111111111111111111111111111a1111111111111111111a111111111
33995,harshil,111
33996,harshil,111111111111111111111111111111111111111111@1111111111111111111111111111a1111111111111111111a111111111
33997,harshil,1
33998,harshil,1
33999,harshil,1
34000,harshil,111111111111111111111111111111111111111111@1111111111111111111111111111a1111111111111111111a111111111
34001,harshil,111
34002,harshil,111111111111111111111111111111111111111111@1111111111111111111111111111a1111111111111111111a111111111
34003,harshil,1
34004,harshil,1
34005,harshil,1
34006,harshil,111111111111111111111111111111111111111111@1111111111111111111111111111a1111111111111111111a111111111
34007,harshil,111
34008,harshil,111111111111111111111111111111111111111111@1111111111111111111111111111a1111111111111111111a111111111
34009,harshil,1
34010,harshil,1
34011,harshil,1
34012,harshil,111111111111111111111111111111111111111111@1111111111111111111111111111a1111111111111111111a111111111
34013,harshil,111
34014,harshil,111111111111111111111111111111111111111111@1111111111111111111111111111a1111111111111111111a111111111
34015,harshil,1
34016,harshil,1
34017,harshil,1
34018,harshil,111111111111111111111111111111111111111111@1111111111111111111111111111a1111111111111111111a111111111
34019,harshil,111
34020,harshil,111111111111111111111111111111111111111111@1111111111111111111111111111a1111111111111111111a111111111
34021,harshil,1
34022,harshil,1
34023,harshil,1
34024,harshil,111111111111111111111111111111111111111111@1111111111111111111111111111a1111111111111111111a111111111
34025,harshil,111
34026,harshil,111111111111111111111111111111111111111111@1111111111111111111111111111a1111111111111111111a111111111
34027,harshil,1
34028,harshil,1
34029,harshil,1
34030,harshil,111111111111111111111111111111111111111111@1111111111111111111111111111a1111111111111111111a111111111
34031,harshil,111
34032,harshil,111111111111111111111111111111111111111111@1111111111111111111111111111a1111111111111111111a111111111
34033,harshil,1
34034,harshil,1
34035,harshil,1
34036,harshil,111111111111111111111111111111111111111111@1111111111111111111111111111a1111111111111111111a111111111
34037,harshil,111
34038,harshil,111111111111111111111111111111111111111111@1111111111111111111111111111a1111111111111111111a111111111
34039,harshil,1
34040,harshil,1
34041,harshil,1
34042,harshil,111111111111111111111111111111111111111111@1111111111111111111111111111a1111111111111111111a111111111
34043,harshil,111
34044,harshil,111111111111111111111111111111111111111111@1111111111111111111111111111a1111111111111111111a111111111
34045,harshil,1
34046,harshil,1
34047,harshil,1
34048,harshil,111111111111111111111111111111111111111111@1111111111111111111111111111a1111111111111111111a111111111
34049,harshil,111
34050,harshil,111111111111111111111111111111111111111111@1111111111111111111111111111a1111111111111111111a111111111
34051,harshil,1
34052,harshil,1
34053,harshil,1
34054,harshil,111111111111111111111111111111111111111111@1111111111111111111111111111a1111111111111111111a111111111
34055,harshil,111
34056,harshil,111111111111111111111111111111111111111111@1111111111111111111111111111a1111111111111111111a111111111
34057,harshil,1
34058,harshil,1
34059,harshil,1
34060,harshil,111111111111111111111111111111111111111111@1111111111111111111111111111a1111111111111111111a111111111
34061,harshil,111
34062,harshil,111111111111111111111111111111111111111111@1111111111111111111111111111a1111111111111111111a111111111
34063,harshil,1
34064,harshil,1
34065,harshil,1
34066,harshil,111111111111111111111111111111111111111111@1111111111111111111111111111a1111111111111111111a111111111
34067,harshil,111
34068,harshil,111111111111111111111111111111111111111111@1111111111111111111111111111a1111111111111111111a111111111
34069,harshil,1
34070,harshil,1
34071,harshil,1
34072,harshil,111111111111111111111111111111111111111111@1111111111111111111111111111a1111111111111111111a111111111
34073,harshil,111
34074,harshil,111111111111111111111111111111111111111111@1111111111111111111111111111a1111111111111111111a111111111
34075,harshil,1
34076,harshil,1
34077,harshil,1
34078,harshil,111111111111111111111111111111111111111111@1111111111111111111111111111a1111111111111111111a111111111
34079,harshil,111
34080,harshil,111111111111111111111111111111111111111111@1111111111111111111111111111a1111111111111111111a111111111
34081,harshil,1
34082,harshil,1
34083,harshil,1
34084,harshil,111111111111111111111111111111111111111111@1111111111111111111111111111a1111111111111111111a111111111
34085,harshil,111
34086,harshil,111111111111111111111111111111111111111111@1111111111111111111111111111a1111111111111111111a111111111
34087,harshil,1
34088,harshil,1
34089,harshil,1
34090,harshil,111111111111111111111111111111111111111111@1111111111111111111111111111a1111111111111111111a111111111
34091,harshil,111
34092,harshil,111111111111111111111111111111111111111111@1111111111111111111111111111a1111111111111111111a111111111
34093,harshil,1
34094,harshil,1
34095,harshil,1
34096,harshil,111111111111111111111111111111111111111111@1111111111111111111111111111a1111111111111111111a111111111
34097,harshil,111
34098,harshil,111111111111111111111111111111111111111111@1111111111111111111111111111a1111111111111111111a111111111
34099,harshil,1
34100,harshil,1
34101,harshil,1
34102,harshil,111111111111111111111111111111111111111111@1111111111111111111111111111a1111111111111111111a111111111
34103,harshil,111
34104,harshil,111111111111111111111111111111111111111111@1111111111111111111111111111a1111111111111111111a111111111
34105,harshil,1
34106,harshil,1
34107,harshil,1
34108,harshil,111111111111111111111111111111111111111111@1111111111111111111111111111a1111111111111111111a111111111
34109,harshil,111
34110,harshil,111111111111111111111111111111111111111111@1111111111111111111111111111a1111111111111111111a111111111
34111,harshil,1
34112,harshil,1
34113,harshil,1
34114,harshil,111111111111111111111111111111111111111111@1111111111111111111111111111a1111111111111111111a111111111
34115,harshil,111
34116,harshil,111111111111111111111111111111111111111111@1111111111111111111111111111a1111111111111111111a111111111
34117,harshil,1
34118,harshil,1
34119,harshil,1
34120,harshil,111111111111111111111111111111111111111111@1111111111111111111111111111a1111111111111111111a111111111
34121,harshil,111
34122,harshil,111111111111111111111111111111111111111111@1111111111111111111111111111a1111111111111111111a111111111
34123,harshil,1
34124,harshil,1
34125,harshil,1
34126,harshil,111111111111111111111111111111111111111111@1111111111111111111111111111a1111111111111111111a111111111
34127,harshil,111
34128,harshil,111111111111111111111111111111111111111111@1111111111111111111111111111a1111111111111111111a111111111
34129,harshil,1
34130,harshil,1
34131,harshil,1
34132,harshil,111111111111111111111111111111111111111111@1111111111111111111111111111a1111111111111111111a111111111
34133,harshil,111
34134,harshil,111111111111111111111111111111111111111111@1111111111111111111111111111a1111111111111111111a111111111
34135,harshil,1
34136,harshil,1
34137,harshil,1
34138,harshil,111111111111111111111111111111111111111111@1111111111111111111111111111a1111111111111111111a111111111
34139,harshil,111
34140,harshil,111111111111111111111111111111111111111111@1111111111111111111111111111a1111111111111111111a111111111
34141,harshil,1
34142,harshil,1
34143,harshil,1
34144,harshil,111111111111111111111111111111111111111111@1111111111111111111111111111a1111111111111111111a111111111
34145,harshil,111
34146,harshil,111111111111111111111111111111111111111111@1111111111111111111111111111a1111111111111111111a111111111
34147,harshil,1
34148,harshil,1
34149,harshil,1
34150,harshil,111111111111111111111111111111111111111111@1111111111111111111111111111a1111111111111111111a111111111
34151,harshil,111
34152,harshil,111111111111111111111111111111111111111111@1111111111111111111111111111a1111111111111111111a111111111
34153,harshil,1
34154,harshil,1
34155,harshil,1
34156,harshil,111111111111111111111111111111111111111111@1111111111111111111111111111a1111111111111111111a111111111
34157,harshil,111
34158,harshil,111111111111111111111111111111111111111111@1111111111111111111111111111a1111111111111111111a111111111
34159,harshil,1
34160,harshil,1
34161,harshil,1
34162,harshil,111111111111111111111111111111111111111111@1111111111111111111111111111a1111111111111111111a111111111
34163,harshil,111
34164,harshil,111111111111111111111111111111111111111111@1111111111111111111111111111a1111111111111111111a111111111
34165,harshil,1
34166,harshil,1
34167,harshil,1
34168,harshil,111111111111111111111111111111111111111111@1111111111111111111111111111a1111111111111111111a111111111
34169,harshil,111
34170,harshil,111111111111111111111111111111111111111111@1111111111111111111111111111a1111111111111111111a111111111
34171,harshil,1
34172,harshil,1
34173,harshil,1
34174,harshil,111111111111111111111111111111111111111111@1111111111111111111111111111a1111111111111111111a111111111
34175,harshil,111
34176,harshil,111111111111111111111111111111111111111111@1111111111111111111111111111a1111111111111111111a111111111
34177,harshil,1
34178,harshil,1
34179,harshil,1
34180,harshil,111111111111111111111111111111111111111111@1111111111111111111111111111a1111111111111111111a111111111
34181,harshil,111
34182,harshil,111111111111111111111111111111111111111111@1111111111111111111111111111a1111111111111111111a111111111
34183,harshil,1
34184,harshil,1
34185,harshil,1
34186,harshil,111111111111111111111111111111111111111111@1111111111111111111111111111a1111111111111111111a111111111
34187,harshil,111
34188,harshil,111111111111111111111111111111111111111111@1111111111111111111111111111a1111111111111111111a111111111
34189,harshil,1
34190,harshil,1
34191,harshil,1
34192,harshil,111111111111111111111111111111111111111111@1111111111111111111111111111a1111111111111111111a111111111
34193,harshil,111
34194,harshil,111111111111111111111111111111111111111111@1111111111111111111111111111a1111111111111111111a111111111
34195,harshil,1
34196,harshil,1
34197,harshil,1
34198,harshil,111111111111111111111111111111111111111111@1111111111111111111111111111a1111111111111111111a111111111
34199,harshil,111
34200,harshil,111111111111111111111111111111111111111111@1111111111111111111111111111a1111111111111111111a111111111
34201,harshil,1
34202,harshil,1
34203,harshil,1
34204,harshil,111111111111111111111111111111111111111111@1111111111111111111111111111a1111111111111111111a111111111
34205,harshil,111
34206,harshil,111111111111111111111111111111111111111111@1111111111111111111111111111a1111111111111111111a111111111
34207,harshil,1
34208,harshil,1
34209,harshil,1
34210,harshil,111111111111111111111111111111111111111111@1111111111111111111111111111a1111111111111111111a111111111
34211,harshil,111
34212,harshil,111111111111111111111111111111111111111111@1111111111111111111111111111a1111111111111111111a111111111
34213,harshil,1
34214,harshil,1
34215,harshil,1
34216,harshil,111111111111111111111111111111111111111111@1111111111111111111111111111a1111111111111111111a111111111
34217,harshil,111
34218,harshil,111111111111111111111111111111111111111111@1111111111111111111111111111a1111111111111111111a111111111
34219,harshil,1
34220,harshil,1
34221,harshil,1
34222,harshil,111111111111111111111111111111111111111111@1111111111111111111111111111a1111111111111111111a111111111
34223,harshil,111
34224,harshil,111111111111111111111111111111111111111111@1111111111111111111111111111a1111111111111111111a111111111
34225,harshil,1
34226,harshil,1
34227,harshil,1
34228,harshil,111111111111111111111111111111111111111111@1111111111111111111111111111a1111111111111111111a111111111
34229,harshil,111
34230,harshil,111111111111111111111111111111111111111111@1111111111111111111111111111a1111111111111111111a111111111
34231,harshil,1
34232,harshil,1
34233,harshil,1
34234,harshil,111111111111111111111111111111111111111111@1111111111111111111111111111a1111111111111111111a111111111
34235,harshil,111
34236,harshil,111111111111111111111111111111111111111111@1111111111111111111111111111a1111111111111111111a111111111
34237,harshil,1
34238,harshil,1
34239,harshil,1
34240,harshil,111111111111111111111111111111111111111111@1111111111111111111111111111a1111111111111111111a111111111
34241,harshil,111
34242,harshil,111111111111111111111111111111111111111111@1111111111111111111111111111a1111111111111111111a111111111
34243,harshil,1
34244,harshil,1
34245,harshil,1
34246,harshil,111111111111111111111111111111111111111111@1111111111111111111111111111a1111111111111111111a111111111
34247,harshil,111
34248,harshil,111111111111111111111111111111111111111111@1111111111111111111111111111a1111111111111111111a111111111
34249,harshil,1
34250,harshil,1
34251,harshil,1
34252,harshil,111111111111111111111111111111111111111111@1111111111111111111111111111a1111111111111111111a111111111
34253,harshil,111
34254,harshil,111111111111111111111111111111111111111111@1111111111111111111111111111a1111111111111111111a111111111
34255,harshil,1
34256,harshil,1
34257,harshil,1
34258,harshil,111111111111111111111111111111111111111111@1111111111111111111111111111a1111111111111111111a111111111
34259,harshil,111
34260,harshil,111111111111111111111111111111111111111111@1111111111111111111111111111a1111111111111111111a111111111
34261,harshil,1
34262,harshil,1
34263,harshil,1
34264,harshil,111111111111111111111111111111111111111111@1111111111111111111111111111a1111111111111111111a111111111
34265,harshil,111
34266,harshil,111111111111111111111111111111111111111111@1111111111111111111111111111a1111111111111111111a111111111
34267,harshil,1
34268,harshil,1
34269,harshil,1
34270,harshil,111111111111111111111111111111111111111111@1111111111111111111111111111a1111111111111111111a111111111
34271,harshil,111
34272,harshil,111111111111111111111111111111111111111111@1111111111111111111111111111a1111111111111111111a111111111
34273,harshil,1
34274,harshil,1
34275,harshil,1
34276,harshil,111111111111111111111111111111111111111111@1111111111111111111111111111a1111111111111111111a111111111
34277,harshil,111
34278,harshil,111111111111111111111111111111111111111111@1111111111111111111111111111a1111111111111111111a111111111
34279,harshil,1
34280,harshil,1
34281,harshil,1
34282,harshil,111111111111111111111111111111111111111111@1111111111111111111111111111a1111111111111111111a111111111
34283,harshil,111
34284,harshil,111111111111111111111111111111111111111111@1111111111111111111111111111a1111111111111111111a111111111
34285,harshil,1
34286,harshil,1
34287,harshil,1
34288,harshil,111111111111111111111111111111111111111111@1111111111111111111111111111a1111111111111111111a111111111
34289,harshil,111
34290,harshil,111111111111111111111111111111111111111111@1111111111111111111111111111a1111111111111111111a111111111
34291,harshil,1
34292,harshil,1
34293,harshil,1
34294,harshil,111111111111111111111111111111111111111111@1111111111111111111111111111a1111111111111111111a111111111
34295,harshil,111
34296,harshil,111111111111111111111111111111111111111111@1111111111111111111111111111a1111111111111111111a111111111
34297,harshil,1
34298,harshil,1
34299,harshil,1
34300,harshil,111111111111111111111111111111111111111111@1111111111111111111111111111a1111111111111111111a111111111
34301,harshil,111
34302,harshil,111111111111111111111111111111111111111111@1111111111111111111111111111a1111111111111111111a111111111
34303,harshil,1
34304,harshil,1
34305,harshil,1
34306,harshil,111111111111111111111111111111111111111111@1111111111111111111111111111a1111111111111111111a111111111
34307,harshil,111
34308,harshil,111111111111111111111111111111111111111111@1111111111111111111111111111a1111111111111111111a111111111
34309,harshil,1
34310,harshil,1
34311,harshil,1
34312,harshil,111111111111111111111111111111111111111111@1111111111111111111111111111a1111111111111111111a111111111
34313,harshil,111
34314,harshil,111111111111111111111111111111111111111111@1111111111111111111111111111a1111111111111111111a111111111
34315,harshil,1
34316,harshil,1
34317,harshil,1
34318,harshil,111111111111111111111111111111111111111111@1111111111111111111111111111a1111111111111111111a111111111
34319,harshil,111
34320,harshil,111111111111111111111111111111111111111111@1111111111111111111111111111a1111111111111111111a111111111
34321,harshil,1
34322,harshil,1
34323,harshil,1
34324,harshil,111111111111111111111111111111111111111111@1111111111111111111111111111a1111111111111111111a111111111
34325,harshil,111
34326,harshil,111111111111111111111111111111111111111111@1111111111111111111111111111a1111111111111111111a111111111
34327,harshil,1
34328,harshil,1
34329,harshil,1
34330,harshil,111111111111111111111111111111111111111111@1111111111111111111111111111a1111111111111111111a111111111
34331,harshil,111
34332,harshil,111111111111111111111111111111111111111111@1111111111111111111111111111a1111111111111111111a111111111
34333,harshil,1
34334,harshil,1
34335,harshil,1
34336,harshil,111111111111111111111111111111111111111111@1111111111111111111111111111a1111111111111111111a111111111
34337,harshil,111
34338,harshil,111111111111111111111111111111111111111111@1111111111111111111111111111a1111111111111111111a111111111
34339,harshil,1
34340,harshil,1
34341,harshil,1
34342,harshil,111111111111111111111111111111111111111111@1111111111111111111111111111a1111111111111111111a111111111
34343,harshil,111
34344,harshil,111111111111111111111111111111111111111111@1111111111111111111111111111a1111111111111111111a111111111
34345,harshil,1
34346,harshil,1
34347,harshil,1
34348,harshil,111111111111111111111111111111111111111111@1111111111111111111111111111a1111111111111111111a111111111
34349,harshil,111
34350,harshil,111111111111111111111111111111111111111111@1111111111111111111111111111a1111111111111111111a111111111
34351,harshil,1
34352,harshil,1
34353,harshil,1
34354,harshil,111111111111111111111111111111111111111111@1111111111111111111111111111a1111111111111111111a111111111
34355,harshil,111
34356,harshil,111111111111111111111111111111111111111111@1111111111111111111111111111a1111111111111111111a111111111
34357,harshil,1
34358,harshil,1
34359,harshil,1
34360,harshil,111111111111111111111111111111111111111111@1111111111111111111111111111a1111111111111111111a111111111
34361,harshil,111
34362,harshil,111111111111111111111111111111111111111111@1111111111111111111111111111a1111111111111111111a111111111
34363,harshil,1
34364,harshil,1
34365,harshil,1
34366,harshil,111111111111111111111111111111111111111111@1111111111111111111111111111a1111111111111111111a111111111
34367,harshil,111
34368,harshil,111111111111111111111111111111111111111111@1111111111111111111111111111a1111111111111111111a111111111
34369,harshil,1
34370,harshil,1
34371,harshil,1
34372,harshil,111111111111111111111111111111111111111111@1111111111111111111111111111a1111111111111111111a111111111
34373,harshil,111
34374,harshil,111111111111111111111111111111111111111111@1111111111111111111111111111a1111111111111111111a111111111
34375,harshil,1
34376,harshil,1
34377,harshil,1
34378,harshil,111111111111111111111111111111111111111111@1111111111111111111111111111a1111111111111111111a111111111
34379,harshil,111
34380,harshil,111111111111111111111111111111111111111111@1111111111111111111111111111a1111111111111111111a111111111
34381,harshil,1
34382,harshil,1
34383,harshil,1
34384,harshil,111111111111111111111111111111111111111111@1111111111111111111111111111a1111111111111111111a111111111
34385,harshil,111
34386,harshil,111111111111111111111111111111111111111111@1111111111111111111111111111a1111111111111111111a111111111
34387,harshil,1
34388,harshil,1
34389,harshil,1
34390,harshil,111111111111111111111111111111111111111111@1111111111111111111111111111a1111111111111111111a111111111
34391,harshil,111
34392,harshil,111111111111111111111111111111111111111111@1111111111111111111111111111a1111111111111111111a111111111
34393,harshil,1
34394,harshil,1
34395,harshil,1
34396,harshil,111111111111111111111111111111111111111111@1111111111111111111111111111a1111111111111111111a111111111
34397,harshil,111
34398,harshil,111111111111111111111111111111111111111111@1111111111111111111111111111a1111111111111111111a111111111
34399,harshil,1
34400,harshil,1
34401,harshil,1
34402,harshil,111111111111111111111111111111111111111111@1111111111111111111111111111a1111111111111111111a111111111
34403,harshil,111
34404,harshil,111111111111111111111111111111111111111111@1111111111111111111111111111a1111111111111111111a111111111
34405,harshil,1
34406,harshil,1
34407,harshil,1
34408,harshil,111111111111111111111111111111111111111111@1111111111111111111111111111a1111111111111111111a111111111
34409,harshil,111
34410,harshil,111111111111111111111111111111111111111111@1111111111111111111111111111a1111111111111111111a111111111
34411,harshil,1
34412,harshil,1
34413,harshil,1
34414,harshil,111111111111111111111111111111111111111111@1111111111111111111111111111a1111111111111111111a111111111
34415,harshil,111
34416,harshil,111111111111111111111111111111111111111111@1111111111111111111111111111a1111111111111111111a111111111
34417,harshil,1
34418,harshil,1
34419,harshil,1
34420,harshil,111111111111111111111111111111111111111111@1111111111111111111111111111a1111111111111111111a111111111
34421,harshil,111
34422,harshil,111111111111111111111111111111111111111111@1111111111111111111111111111a1111111111111111111a111111111
34423,harshil,1
34424,harshil,1
34425,harshil,1
34426,harshil,111111111111111111111111111111111111111111@1111111111111111111111111111a1111111111111111111a111111111
34427,harshil,111
34428,harshil,111111111111111111111111111111111111111111@1111111111111111111111111111a1111111111111111111a111111111
34429,harshil,1
34430,harshil,1
34431,harshil,1
34432,harshil,111111111111111111111111111111111111111111@1111111111111111111111111111a1111111111111111111a111111111
34433,harshil,111
34434,harshil,111111111111111111111111111111111111111111@1111111111111111111111111111a1111111111111111111a111111111
34435,harshil,1
34436,harshil,1
34437,harshil,1
34438,harshil,111111111111111111111111111111111111111111@1111111111111111111111111111a1111111111111111111a111111111
34439,harshil,111
34440,harshil,111111111111111111111111111111111111111111@1111111111111111111111111111a1111111111111111111a111111111
34441,harshil,1
34442,harshil,1
34443,harshil,1
34444,harshil,111111111111111111111111111111111111111111@1111111111111111111111111111a1111111111111111111a111111111
34445,harshil,111
34446,harshil,111111111111111111111111111111111111111111@1111111111111111111111111111a1111111111111111111a111111111
34447,harshil,1
34448,harshil,1
34449,harshil,1
34450,harshil,111111111111111111111111111111111111111111@1111111111111111111111111111a1111111111111111111a111111111
34451,harshil,111
34452,harshil,111111111111111111111111111111111111111111@1111111111111111111111111111a1111111111111111111a111111111
34453,harshil,1
34454,harshil,1
34455,harshil,1
34456,harshil,111111111111111111111111111111111111111111@1111111111111111111111111111a1111111111111111111a111111111
34457,harshil,111
34458,harshil,111111111111111111111111111111111111111111@1111111111111111111111111111a1111111111111111111a111111111
34459,harshil,1
34460,harshil,1
34461,harshil,1
34462,harshil,111111111111111111111111111111111111111111@1111111111111111111111111111a1111111111111111111a111111111
34463,harshil,111
34464,harshil,111111111111111111111111111111111111111111@1111111111111111111111111111a1111111111111111111a111111111
34465,harshil,1
34466,harshil,1
34467,harshil,1
34468,harshil,111111111111111111111111111111111111111111@1111111111111111111111111111a1111111111111111111a111111111
34469,harshil,111
34470,harshil,111111111111111111111111111111111111111111@1111111111111111111111111111a1111111111111111111a111111111
34471,harshil,1
34472,harshil,1
34473,harshil,1
34474,harshil,111111111111111111111111111111111111111111@1111111111111111111111111111a1111111111111111111a111111111
34475,harshil,111
34476,harshil,111111111111111111111111111111111111111111@1111111111111111111111111111a1111111111111111111a111111111
34477,harshil,1
34478,harshil,1
34479,harshil,1
34480,harshil,111111111111111111111111111111111111111111@1111111111111111111111111111a1111111111111111111a111111111
34481,harshil,111
34482,harshil,111111111111111111111111111111111111111111@1111111111111111111111111111a1111111111111111111a111111111
34483,harshil,1
34484,harshil,1
34485,harshil,1
34486,harshil,111111111111111111111111111111111111111111@1111111111111111111111111111a1111111111111111111a111111111
34487,harshil,111
34488,harshil,111111111111111111111111111111111111111111@1111111111111111111111111111a1111111111111111111a111111111
34489,harshil,1
34490,harshil,1
34491,harshil,1
34492,harshil,111111111111111111111111111111111111111111@1111111111111111111111111111a1111111111111111111a111111111
34493,harshil,111
34494,harshil,111111111111111111111111111111111111111111@1111111111111111111111111111a1111111111111111111a111111111
34495,harshil,1
34496,harshil,1
34497,harshil,1
34498,harshil,111111111111111111111111111111111111111111@1111111111111111111111111111a1111111111111111111a111111111
34499,harshil,111
34500,harshil,111111111111111111111111111111111111111111@1111111111111111111111111111a1111111111111111111a111111111
34501,harshil,1
34502,harshil,1
34503,harshil,1
34504,harshil,111111111111111111111111111111111111111111@1111111111111111111111111111a1111111111111111111a111111111
34505,harshil,111
34506,harshil,111111111111111111111111111111111111111111@1111111111111111111111111111a1111111111111111111a111111111
34507,harshil,1
34508,harshil,1
34509,harshil,1
34510,harshil,111111111111111111111111111111111111111111@1111111111111111111111111111a1111111111111111111a111111111
34511,harshil,111
34512,harshil,111111111111111111111111111111111111111111@1111111111111111111111111111a1111111111111111111a111111111
34513,harshil,1
34514,harshil,1
34515,harshil,1
34516,harshil,111111111111111111111111111111111111111111@1111111111111111111111111111a1111111111111111111a111111111
34517,harshil,111
34518,harshil,111111111111111111111111111111111111111111@1111111111111111111111111111a1111111111111111111a111111111
34519,harshil,1
34520,harshil,1
34521,harshil,1
34522,harshil,111111111111111111111111111111111111111111@1111111111111111111111111111a1111111111111111111a111111111
34523,harshil,111
34524,harshil,111111111111111111111111111111111111111111@1111111111111111111111111111a1111111111111111111a111111111
34525,harshil,1
34526,harshil,1
34527,harshil,1
34528,harshil,111111111111111111111111111111111111111111@1111111111111111111111111111a1111111111111111111a111111111
34529,harshil,111
34530,harshil,111111111111111111111111111111111111111111@1111111111111111111111111111a1111111111111111111a111111111
34531,harshil,1
34532,harshil,1
34533,harshil,1
34534,harshil,111111111111111111111111111111111111111111@1111111111111111111111111111a1111111111111111111a111111111
34535,harshil,111
34536,harshil,111111111111111111111111111111111111111111@1111111111111111111111111111a1111111111111111111a111111111
34537,harshil,1
34538,harshil,1
34539,harshil,1
34540,harshil,111111111111111111111111111111111111111111@1111111111111111111111111111a1111111111111111111a111111111
34541,harshil,111
34542,harshil,111111111111111111111111111111111111111111@1111111111111111111111111111a1111111111111111111a111111111
34543,harshil,1
34544,harshil,1
34545,harshil,1
34546,harshil,111111111111111111111111111111111111111111@1111111111111111111111111111a1111111111111111111a111111111
34547,harshil,111
34548,harshil,111111111111111111111111111111111111111111@1111111111111111111111111111a1111111111111111111a111111111
34549,harshil,1
34550,harshil,1
34551,harshil,1
34552,harshil,111111111111111111111111111111111111111111@1111111111111111111111111111a1111111111111111111a111111111
34553,harshil,111
34554,harshil,111111111111111111111111111111111111111111@1111111111111111111111111111a1111111111111111111a111111111
34555,harshil,1
34556,harshil,1
34557,harshil,1
34558,harshil,111111111111111111111111111111111111111111@1111111111111111111111111111a1111111111111111111a111111111
34559,harshil,111
34560,harshil,111111111111111111111111111111111111111111@1111111111111111111111111111a1111111111111111111a111111111
34561,harshil,1
34562,harshil,1
34563,harshil,1
34564,harshil,111111111111111111111111111111111111111111@1111111111111111111111111111a1111111111111111111a111111111
34565,harshil,111
34566,harshil,111111111111111111111111111111111111111111@1111111111111111111111111111a1111111111111111111a111111111
34567,harshil,1
34568,harshil,1
34569,harshil,1
34570,harshil,111111111111111111111111111111111111111111@1111111111111111111111111111a1111111111111111111a111111111
34571,harshil,111
34572,harshil,111111111111111111111111111111111111111111@1111111111111111111111111111a1111111111111111111a111111111
34573,harshil,1
34574,harshil,1
34575,harshil,1
34576,harshil,111111111111111111111111111111111111111111@1111111111111111111111111111a1111111111111111111a111111111
34577,harshil,111
34578,harshil,111111111111111111111111111111111111111111@1111111111111111111111111111a1111111111111111111a111111111
34579,harshil,1
34580,harshil,1
34581,harshil,1
34582,harshil,111111111111111111111111111111111111111111@1111111111111111111111111111a1111111111111111111a111111111
34583,harshil,111
34584,harshil,111111111111111111111111111111111111111111@1111111111111111111111111111a1111111111111111111a111111111
34585,harshil,1
34586,harshil,1
34587,harshil,1
34588,harshil,111111111111111111111111111111111111111111@1111111111111111111111111111a1111111111111111111a111111111
34589,harshil,111
34590,harshil,111111111111111111111111111111111111111111@1111111111111111111111111111a1111111111111111111a111111111
34591,harshil,1
34592,harshil,1
34593,harshil,1
34594,harshil,111111111111111111111111111111111111111111@1111111111111111111111111111a1111111111111111111a111111111
34595,harshil,111
34596,harshil,111111111111111111111111111111111111111111@1111111111111111111111111111a1111111111111111111a111111111
34597,harshil,1
34598,harshil,1
34599,harshil,1
34600,harshil,111111111111111111111111111111111111111111@1111111111111111111111111111a1111111111111111111a111111111
34601,harshil,111
34602,harshil,111111111111111111111111111111111111111111@1111111111111111111111111111a1111111111111111111a111111111
34603,harshil,1
34604,harshil,1
34605,harshil,1
34606,harshil,111111111111111111111111111111111111111111@1111111111111111111111111111a1111111111111111111a111111111
34607,harshil,111
34608,harshil,111111111111111111111111111111111111111111@1111111111111111111111111111a1111111111111111111a111111111
34609,harshil,1
34610,harshil,1
34611,harshil,1
34612,harshil,111111111111111111111111111111111111111111@1111111111111111111111111111a1111111111111111111a111111111
34613,harshil,111
34614,harshil,111111111111111111111111111111111111111111@1111111111111111111111111111a1111111111111111111a111111111
34615,harshil,1
34616,harshil,1
34617,harshil,1
34618,harshil,111111111111111111111111111111111111111111@1111111111111111111111111111a1111111111111111111a111111111
34619,harshil,111
34620,harshil,111111111111111111111111111111111111111111@1111111111111111111111111111a1111111111111111111a111111111
34621,harshil,1
34622,harshil,1
34623,harshil,1
34624,harshil,111111111111111111111111111111111111111111@1111111111111111111111111111a1111111111111111111a111111111
34625,harshil,111
34626,harshil,111111111111111111111111111111111111111111@1111111111111111111111111111a1111111111111111111a111111111
34627,harshil,1
34628,harshil,1
34629,harshil,1
34630,harshil,111111111111111111111111111111111111111111@1111111111111111111111111111a1111111111111111111a111111111
34631,harshil,111
34632,harshil,111111111111111111111111111111111111111111@1111111111111111111111111111a1111111111111111111a111111111
34633,harshil,1
34634,harshil,1
34635,harshil,1
34636,harshil,111111111111111111111111111111111111111111@1111111111111111111111111111a1111111111111111111a111111111
34637,harshil,111
34638,harshil,111111111111111111111111111111111111111111@1111111111111111111111111111a1111111111111111111a111111111
34639,harshil,1
34640,harshil,1
34641,harshil,1
34642,harshil,111111111111111111111111111111111111111111@1111111111111111111111111111a1111111111111111111a111111111
34643,harshil,111
34644,harshil,111111111111111111111111111111111111111111@1111111111111111111111111111a1111111111111111111a111111111
34645,harshil,1
34646,harshil,1
34647,harshil,1
34648,harshil,111111111111111111111111111111111111111111@1111111111111111111111111111a1111111111111111111a111111111
34649,harshil,111
34650,harshil,111111111111111111111111111111111111111111@1111111111111111111111111111a1111111111111111111a111111111
34651,harshil,1
34652,harshil,1
34653,harshil,1
34654,harshil,111111111111111111111111111111111111111111@1111111111111111111111111111a1111111111111111111a111111111
34655,harshil,111
34656,harshil,111111111111111111111111111111111111111111@1111111111111111111111111111a1111111111111111111a111111111
34657,harshil,1
34658,harshil,1
34659,harshil,1
34660,harshil,111111111111111111111111111111111111111111@1111111111111111111111111111a1111111111111111111a111111111
34661,harshil,111
34662,harshil,111111111111111111111111111111111111111111@1111111111111111111111111111a1111111111111111111a111111111
34663,harshil,1
34664,harshil,1
34665,harshil,1
34666,harshil,111111111111111111111111111111111111111111@1111111111111111111111111111a1111111111111111111a111111111
34667,harshil,111
34668,harshil,111111111111111111111111111111111111111111@1111111111111111111111111111a1111111111111111111a111111111
34669,harshil,1
34670,harshil,1
34671,harshil,1
34672,harshil,111111111111111111111111111111111111111111@1111111111111111111111111111a1111111111111111111a111111111
34673,harshil,111
34674,harshil,111111111111111111111111111111111111111111@1111111111111111111111111111a1111111111111111111a111111111
34675,harshil,1
34676,harshil,1
34677,harshil,1
34678,harshil,111111111111111111111111111111111111111111@1111111111111111111111111111a1111111111111111111a111111111
34679,harshil,111
34680,harshil,111111111111111111111111111111111111111111@1111111111111111111111111111a1111111111111111111a111111111
34681,harshil,1
34682,harshil,1
34683,harshil,1
34684,harshil,111111111111111111111111111111111111111111@1111111111111111111111111111a1111111111111111111a111111111
34685,harshil,111
34686,harshil,111111111111111111111111111111111111111111@1111111111111111111111111111a1111111111111111111a111111111
34687,harshil,1
34688,harshil,1
34689,harshil,1
34690,harshil,111111111111111111111111111111111111111111@1111111111111111111111111111a1111111111111111111a111111111
34691,harshil,111
34692,harshil,111111111111111111111111111111111111111111@1111111111111111111111111111a1111111111111111111a111111111
34693,harshil,1
34694,harshil,1
34695,harshil,1
34696,harshil,111111111111111111111111111111111111111111@1111111111111111111111111111a1111111111111111111a111111111
34697,harshil,111
34698,harshil,111111111111111111111111111111111111111111@1111111111111111111111111111a1111111111111111111a111111111
34699,harshil,1
34700,harshil,1
34701,harshil,1
34702,harshil,111111111111111111111111111111111111111111@1111111111111111111111111111a1111111111111111111a111111111
34703,harshil,111
34704,harshil,111111111111111111111111111111111111111111@1111111111111111111111111111a1111111111111111111a111111111
34705,harshil,1
34706,harshil,1
34707,harshil,1
34708,harshil,111111111111111111111111111111111111111111@1111111111111111111111111111a1111111111111111111a111111111
34709,harshil,111
34710,harshil,111111111111111111111111111111111111111111@1111111111111111111111111111a1111111111111111111a111111111
34711,harshil,1
34712,harshil,1
34713,harshil,1
34714,harshil,111111111111111111111111111111111111111111@1111111111111111111111111111a1111111111111111111a111111111
34715,harshil,111
34716,harshil,111111111111111111111111111111111111111111@1111111111111111111111111111a1111111111111111111a111111111
34717,harshil,1
34718,harshil,1
34719,harshil,1
34720,harshil,111111111111111111111111111111111111111111@1111111111111111111111111111a1111111111111111111a111111111
34721,harshil,111
34722,harshil,111111111111111111111111111111111111111111@1111111111111111111111111111a1111111111111111111a111111111
34723,harshil,1
34724,harshil,1
34725,harshil,1
34726,harshil,111111111111111111111111111111111111111111@1111111111111111111111111111a1111111111111111111a111111111
34727,harshil,111
34728,harshil,111111111111111111111111111111111111111111@1111111111111111111111111111a1111111111111111111a111111111
34729,harshil,1
34730,harshil,1
34731,harshil,1
34732,harshil,111111111111111111111111111111111111111111@1111111111111111111111111111a1111111111111111111a111111111
34733,harshil,111
34734,harshil,111111111111111111111111111111111111111111@1111111111111111111111111111a1111111111111111111a111111111
34735,harshil,1
34736,harshil,1
34737,harshil,1
34738,harshil,111111111111111111111111111111111111111111@1111111111111111111111111111a1111111111111111111a111111111
34739,harshil,111
34740,harshil,111111111111111111111111111111111111111111@1111111111111111111111111111a1111111111111111111a111111111
34741,harshil,1
34742,harshil,1
34743,harshil,1
34744,harshil,111111111111111111111111111111111111111111@1111111111111111111111111111a1111111111111111111a111111111
34745,harshil,111
34746,harshil,111111111111111111111111111111111111111111@1111111111111111111111111111a1111111111111111111a111111111
34747,harshil,1
34748,harshil,1
34749,harshil,1
34750,harshil,111111111111111111111111111111111111111111@1111111111111111111111111111a1111111111111111111a111111111
34751,harshil,111
34752,harshil,111111111111111111111111111111111111111111@1111111111111111111111111111a1111111111111111111a111111111
34753,harshil,1
34754,harshil,1
34755,harshil,1
34756,harshil,111111111111111111111111111111111111111111@1111111111111111111111111111a1111111111111111111a111111111
34757,harshil,111
34758,harshil,111111111111111111111111111111111111111111@1111111111111111111111111111a1111111111111111111a111111111
34759,harshil,1
34760,harshil,1
34761,harshil,1
34762,harshil,111111111111111111111111111111111111111111@1111111111111111111111111111a1111111111111111111a111111111
34763,harshil,111
34764,harshil,111111111111111111111111111111111111111111@1111111111111111111111111111a1111111111111111111a111111111
34765,harshil,1
34766,harshil,1
34767,harshil,1
34768,harshil,111111111111111111111111111111111111111111@1111111111111111111111111111a1111111111111111111a111111111
34769,harshil,111
34770,harshil,111111111111111111111111111111111111111111@1111111111111111111111111111a1111111111111111111a111111111
34771,harshil,1
34772,harshil,1
34773,harshil,1
34774,harshil,111111111111111111111111111111111111111111@1111111111111111111111111111a1111111111111111111a111111111
34775,harshil,111
34776,harshil,111111111111111111111111111111111111111111@1111111111111111111111111111a1111111111111111111a111111111
34777,harshil,1
34778,harshil,1
34779,harshil,1
34780,harshil,111111111111111111111111111111111111111111@1111111111111111111111111111a1111111111111111111a111111111
34781,harshil,111
34782,harshil,111111111111111111111111111111111111111111@1111111111111111111111111111a1111111111111111111a111111111
34783,harshil,1
34784,harshil,1
34785,harshil,1
34786,harshil,111111111111111111111111111111111111111111@1111111111111111111111111111a1111111111111111111a111111111
34787,harshil,111
34788,harshil,111111111111111111111111111111111111111111@1111111111111111111111111111a1111111111111111111a111111111
34789,harshil,1
34790,harshil,1
34791,harshil,1
34792,harshil,111111111111111111111111111111111111111111@1111111111111111111111111111a1111111111111111111a111111111
34793,harshil,111
34794,harshil,111111111111111111111111111111111111111111@1111111111111111111111111111a1111111111111111111a111111111
34795,harshil,1
34796,harshil,1
34797,harshil,1
34798,harshil,111111111111111111111111111111111111111111@1111111111111111111111111111a1111111111111111111a111111111
34799,harshil,111
34800,harshil,111111111111111111111111111111111111111111@1111111111111111111111111111a1111111111111111111a111111111
34801,harshil,1
34802,harshil,1
34803,harshil,1
34804,harshil,111111111111111111111111111111111111111111@1111111111111111111111111111a1111111111111111111a111111111
34805,harshil,111
34806,harshil,111111111111111111111111111111111111111111@1111111111111111111111111111a1111111111111111111a111111111
34807,harshil,1
34808,harshil,1
34809,harshil,1
34810,harshil,111111111111111111111111111111111111111111@1111111111111111111111111111a1111111111111111111a111111111
34811,harshil,111
34812,harshil,111111111111111111111111111111111111111111@1111111111111111111111111111a1111111111111111111a111111111
34813,harshil,1
34814,harshil,1
34815,harshil,1
34816,harshil,111111111111111111111111111111111111111111@1111111111111111111111111111a1111111111111111111a111111111
34817,harshil,111
34818,harshil,111111111111111111111111111111111111111111@1111111111111111111111111111a1111111111111111111a111111111
34819,harshil,1
34820,harshil,1
34821,harshil,1
34822,harshil,111111111111111111111111111111111111111111@1111111111111111111111111111a1111111111111111111a111111111
34823,harshil,111
34824,harshil,111111111111111111111111111111111111111111@1111111111111111111111111111a1111111111111111111a111111111
34825,harshil,1
34826,harshil,1
34827,harshil,1
34828,harshil,111111111111111111111111111111111111111111@1111111111111111111111111111a1111111111111111111a111111111
34829,harshil,111
34830,harshil,111111111111111111111111111111111111111111@1111111111111111111111111111a1111111111111111111a111111111
34831,harshil,1
34832,harshil,1
34833,harshil,1
34834,harshil,111111111111111111111111111111111111111111@1111111111111111111111111111a1111111111111111111a111111111
34835,harshil,111
34836,harshil,111111111111111111111111111111111111111111@1111111111111111111111111111a1111111111111111111a111111111
34837,harshil,1
34838,harshil,1
34839,harshil,1
34840,harshil,111111111111111111111111111111111111111111@1111111111111111111111111111a1111111111111111111a111111111
34841,harshil,111
34842,harshil,111111111111111111111111111111111111111111@1111111111111111111111111111a1111111111111111111a111111111
34843,harshil,1
34844,harshil,1
34845,harshil,1
34846,harshil,111111111111111111111111111111111111111111@1111111111111111111111111111a1111111111111111111a111111111
34847,harshil,111
34848,harshil,111111111111111111111111111111111111111111@1111111111111111111111111111a1111111111111111111a111111111
34849,harshil,1
34850,harshil,1
34851,harshil,1
34852,harshil,111111111111111111111111111111111111111111@1111111111111111111111111111a1111111111111111111a111111111
34853,harshil,111
34854,harshil,111111111111111111111111111111111111111111@1111111111111111111111111111a1111111111111111111a111111111
34855,harshil,1
34856,harshil,1
34857,harshil,1
34858,harshil,111111111111111111111111111111111111111111@1111111111111111111111111111a1111111111111111111a111111111
34859,harshil,111
34860,harshil,111111111111111111111111111111111111111111@1111111111111111111111111111a1111111111111111111a111111111
34861,harshil,1
34862,harshil,1
34863,harshil,1
34864,harshil,111111111111111111111111111111111111111111@1111111111111111111111111111a1111111111111111111a111111111
34865,harshil,111
34866,harshil,111111111111111111111111111111111111111111@1111111111111111111111111111a1111111111111111111a111111111
34867,harshil,1
34868,harshil,1
34869,harshil,1
34870,harshil,111111111111111111111111111111111111111111@1111111111111111111111111111a1111111111111111111a111111111
34871,harshil,111
34872,harshil,111111111111111111111111111111111111111111@1111111111111111111111111111a1111111111111111111a111111111
34873,harshil,1
34874,harshil,1
34875,harshil,1
34876,harshil,111111111111111111111111111111111111111111@1111111111111111111111111111a1111111111111111111a111111111
34877,harshil,111
34878,harshil,111111111111111111111111111111111111111111@1111111111111111111111111111a1111111111111111111a111111111
34879,harshil,1
34880,harshil,1
34881,harshil,1
34882,harshil,111111111111111111111111111111111111111111@1111111111111111111111111111a1111111111111111111a111111111
34883,harshil,111
34884,harshil,111111111111111111111111111111111111111111@1111111111111111111111111111a1111111111111111111a111111111
34885,harshil,1
34886,harshil,1
34887,harshil,1
34888,harshil,111111111111111111111111111111111111111111@1111111111111111111111111111a1111111111111111111a111111111
34889,harshil,111
34890,harshil,111111111111111111111111111111111111111111@1111111111111111111111111111a1111111111111111111a111111111
34891,harshil,1
34892,harshil,1
34893,harshil,1
34894,harshil,111111111111111111111111111111111111111111@1111111111111111111111111111a1111111111111111111a111111111
34895,harshil,111
34896,harshil,111111111111111111111111111111111111111111@1111111111111111111111111111a1111111111111111111a111111111
34897,harshil,1
34898,harshil,1
34899,harshil,1
34900,harshil,111111111111111111111111111111111111111111@1111111111111111111111111111a1111111111111111111a111111111
34901,harshil,111
34902,harshil,111111111111111111111111111111111111111111@1111111111111111111111111111a1111111111111111111a111111111
34903,harshil,1
34904,harshil,1
34905,harshil,1
34906,harshil,111111111111111111111111111111111111111111@1111111111111111111111111111a1111111111111111111a111111111
34907,harshil,111
34908,harshil,111111111111111111111111111111111111111111@1111111111111111111111111111a1111111111111111111a111111111
34909,harshil,1
34910,harshil,1
34911,harshil,1
34912,harshil,111111111111111111111111111111111111111111@1111111111111111111111111111a1111111111111111111a111111111
34913,harshil,111
34914,harshil,111111111111111111111111111111111111111111@1111111111111111111111111111a1111111111111111111a111111111
34915,harshil,1
34916,harshil,1
34917,harshil,1
34918,harshil,111111111111111111111111111111111111111111@1111111111111111111111111111a1111111111111111111a111111111
34919,harshil,111
34920,harshil,111111111111111111111111111111111111111111@1111111111111111111111111111a1111111111111111111a111111111
34921,harshil,1
34922,harshil,1
34923,harshil,1
34924,harshil,111111111111111111111111111111111111111111@1111111111111111111111111111a1111111111111111111a111111111
34925,harshil,111
34926,harshil,111111111111111111111111111111111111111111@1111111111111111111111111111a1111111111111111111a111111111
34927,harshil,1
34928,harshil,1
34929,harshil,1
34930,harshil,111111111111111111111111111111111111111111@1111111111111111111111111111a1111111111111111111a111111111
34931,harshil,111
34932,harshil,111111111111111111111111111111111111111111@1111111111111111111111111111a1111111111111111111a111111111
34933,harshil,1
34934,harshil,1
34935,harshil,1
34936,harshil,111111111111111111111111111111111111111111@1111111111111111111111111111a1111111111111111111a111111111
34937,harshil,111
34938,harshil,111111111111111111111111111111111111111111@1111111111111111111111111111a1111111111111111111a111111111
34939,harshil,1
34940,harshil,1
34941,harshil,1
34942,harshil,111111111111111111111111111111111111111111@1111111111111111111111111111a1111111111111111111a111111111
34943,harshil,111
34944,harshil,111111111111111111111111111111111111111111@1111111111111111111111111111a1111111111111111111a111111111
34945,harshil,1
34946,harshil,1
34947,harshil,1
34948,harshil,111111111111111111111111111111111111111111@1111111111111111111111111111a1111111111111111111a111111111
34949,harshil,111
34950,harshil,111111111111111111111111111111111111111111@1111111111111111111111111111a1111111111111111111a111111111
34951,harshil,1
34952,harshil,1
34953,harshil,1
34954,harshil,111111111111111111111111111111111111111111@1111111111111111111111111111a1111111111111111111a111111111
34955,harshil,111
34956,harshil,111111111111111111111111111111111111111111@1111111111111111111111111111a1111111111111111111a111111111
34957,harshil,1
34958,harshil,1
34959,harshil,1
34960,harshil,111111111111111111111111111111111111111111@1111111111111111111111111111a1111111111111111111a111111111
34961,harshil,111
34962,harshil,111111111111111111111111111111111111111111@1111111111111111111111111111a1111111111111111111a111111111
34963,harshil,1
34964,harshil,1
34965,harshil,1
34966,harshil,111111111111111111111111111111111111111111@1111111111111111111111111111a1111111111111111111a111111111
34967,harshil,111
34968,harshil,111111111111111111111111111111111111111111@1111111111111111111111111111a1111111111111111111a111111111
34969,harshil,1
34970,harshil,1
34971,harshil,1
34972,harshil,111111111111111111111111111111111111111111@1111111111111111111111111111a1111111111111111111a111111111
34973,harshil,111
34974,harshil,111111111111111111111111111111111111111111@1111111111111111111111111111a1111111111111111111a111111111
34975,harshil,1
34976,harshil,1
34977,harshil,1
34978,harshil,111111111111111111111111111111111111111111@1111111111111111111111111111a1111111111111111111a111111111
34979,harshil,111
34980,harshil,111111111111111111111111111111111111111111@1111111111111111111111111111a1111111111111111111a111111111
34981,harshil,1
34982,harshil,1
34983,harshil,1
34984,harshil,111111111111111111111111111111111111111111@1111111111111111111111111111a1111111111111111111a111111111
34985,harshil,111
34986,harshil,111111111111111111111111111111111111111111@1111111111111111111111111111a1111111111111111111a111111111
34987,harshil,1
34988,harshil,1
34989,harshil,1
34990,harshil,111111111111111111111111111111111111111111@1111111111111111111111111111a1111111111111111111a111111111
34991,harshil,111
34992,harshil,111111111111111111111111111111111111111111@1111111111111111111111111111a1111111111111111111a111111111
34993,harshil,1
34994,harshil,1
34995,harshil,1
34996,harshil,111111111111111111111111111111111111111111@1111111111111111111111111111a1111111111111111111a111111111
34997,harshil,111
34998,harshil,111111111111111111111111111111111111111111@1111111111111111111111111111a1111111111111111111a111111111
34999,harshil,1
35000,harshil,1
35001,harshil,1
35002,harshil,111111111111111111111111111111111111111111@1111111111111111111111111111a1111111111111111111a111111111
35003,harshil,111
35004,harshil,111111111111111111111111111111111111111111@1111111111111111111111111111a1111111111111111111a111111111
35005,harshil,1
35006,harshil,1
35007,harshil,1
35008,harshil,111111111111111111111111111111111111111111@1111111111111111111111111111a1111111111111111111a111111111
35009,harshil,111
35010,harshil,111111111111111111111111111111111111111111@1111111111111111111111111111a1111111111111111111a111111111
35011,harshil,1
35012,harshil,1
35013,harshil,1
35014,harshil,111111111111111111111111111111111111111111@1111111111111111111111111111a1111111111111111111a111111111
35015,harshil,111
35016,harshil,111111111111111111111111111111111111111111@1111111111111111111111111111a1111111111111111111a111111111
35017,harshil,1
35018,harshil,1
35019,harshil,1
35020,harshil,111111111111111111111111111111111111111111@1111111111111111111111111111a1111111111111111111a111111111
35021,harshil,111
35022,harshil,111111111111111111111111111111111111111111@1111111111111111111111111111a1111111111111111111a111111111
35023,harshil,1
35024,harshil,1
35025,harshil,1
35026,harshil,111111111111111111111111111111111111111111@1111111111111111111111111111a1111111111111111111a111111111
35027,harshil,111
35028,harshil,111111111111111111111111111111111111111111@1111111111111111111111111111a1111111111111111111a111111111
35029,harshil,1
35030,harshil,1
35031,harshil,1
35032,harshil,111111111111111111111111111111111111111111@1111111111111111111111111111a1111111111111111111a111111111
35033,harshil,111
35034,harshil,111111111111111111111111111111111111111111@1111111111111111111111111111a1111111111111111111a111111111
35035,harshil,1
35036,harshil,1
35037,harshil,1
35038,harshil,111111111111111111111111111111111111111111@1111111111111111111111111111a1111111111111111111a111111111
35039,harshil,111
35040,harshil,111111111111111111111111111111111111111111@1111111111111111111111111111a1111111111111111111a111111111
35041,harshil,1
35042,harshil,1
35043,harshil,1
35044,harshil,111111111111111111111111111111111111111111@1111111111111111111111111111a1111111111111111111a111111111
35045,harshil,111
35046,harshil,111111111111111111111111111111111111111111@1111111111111111111111111111a1111111111111111111a111111111
35047,harshil,1
35048,harshil,1
35049,harshil,1
35050,harshil,111111111111111111111111111111111111111111@1111111111111111111111111111a1111111111111111111a111111111
35051,harshil,111
35052,harshil,111111111111111111111111111111111111111111@1111111111111111111111111111a1111111111111111111a111111111
35053,harshil,1
35054,harshil,1
35055,harshil,1
35056,harshil,111111111111111111111111111111111111111111@1111111111111111111111111111a1111111111111111111a111111111
35057,harshil,111
35058,harshil,111111111111111111111111111111111111111111@1111111111111111111111111111a1111111111111111111a111111111
35059,harshil,1
35060,harshil,1
35061,harshil,1
35062,harshil,111111111111111111111111111111111111111111@1111111111111111111111111111a1111111111111111111a111111111
35063,harshil,111
35064,harshil,111111111111111111111111111111111111111111@1111111111111111111111111111a1111111111111111111a111111111
35065,harshil,1
35066,harshil,1
35067,harshil,1
35068,harshil,111111111111111111111111111111111111111111@1111111111111111111111111111a1111111111111111111a111111111
35069,harshil,111
35070,harshil,111111111111111111111111111111111111111111@1111111111111111111111111111a1111111111111111111a111111111
35071,harshil,1
35072,harshil,1
35073,harshil,1
35074,harshil,111111111111111111111111111111111111111111@1111111111111111111111111111a1111111111111111111a111111111
35075,harshil,111
35076,harshil,111111111111111111111111111111111111111111@1111111111111111111111111111a1111111111111111111a111111111
35077,harshil,1
35078,harshil,1
35079,harshil,1
35080,harshil,111111111111111111111111111111111111111111@1111111111111111111111111111a1111111111111111111a111111111
35081,harshil,111
35082,harshil,111111111111111111111111111111111111111111@1111111111111111111111111111a1111111111111111111a111111111
35083,harshil,1
35084,harshil,1
35085,harshil,1
35086,harshil,111111111111111111111111111111111111111111@1111111111111111111111111111a1111111111111111111a111111111
35087,harshil,111
35088,harshil,111111111111111111111111111111111111111111@1111111111111111111111111111a1111111111111111111a111111111
35089,harshil,1
35090,harshil,1
35091,harshil,1
35092,harshil,111111111111111111111111111111111111111111@1111111111111111111111111111a1111111111111111111a111111111
35093,harshil,111
35094,harshil,111111111111111111111111111111111111111111@1111111111111111111111111111a1111111111111111111a111111111
35095,harshil,1
35096,harshil,1
35097,harshil,1
35098,harshil,111111111111111111111111111111111111111111@1111111111111111111111111111a1111111111111111111a111111111
35099,harshil,111
35100,harshil,111111111111111111111111111111111111111111@1111111111111111111111111111a1111111111111111111a111111111
35101,harshil,1
35102,harshil,1
35103,harshil,1
35104,harshil,111111111111111111111111111111111111111111@1111111111111111111111111111a1111111111111111111a111111111
35105,harshil,111
35106,harshil,111111111111111111111111111111111111111111@1111111111111111111111111111a1111111111111111111a111111111
35107,harshil,1
35108,harshil,1
35109,harshil,1
35110,harshil,111111111111111111111111111111111111111111@1111111111111111111111111111a1111111111111111111a111111111
35111,harshil,111
35112,harshil,111111111111111111111111111111111111111111@1111111111111111111111111111a1111111111111111111a111111111
35113,harshil,1
35114,harshil,1
35115,harshil,1
35116,harshil,111111111111111111111111111111111111111111@1111111111111111111111111111a1111111111111111111a111111111
35117,harshil,111
35118,harshil,111111111111111111111111111111111111111111@1111111111111111111111111111a1111111111111111111a111111111
35119,harshil,1
35120,harshil,1
35121,harshil,1
35122,harshil,111111111111111111111111111111111111111111@1111111111111111111111111111a1111111111111111111a111111111
35123,harshil,111
35124,harshil,111111111111111111111111111111111111111111@1111111111111111111111111111a1111111111111111111a111111111
35125,harshil,1
35126,harshil,1
35127,harshil,1
35128,harshil,111111111111111111111111111111111111111111@1111111111111111111111111111a1111111111111111111a111111111
35129,harshil,111
35130,harshil,111111111111111111111111111111111111111111@1111111111111111111111111111a1111111111111111111a111111111
35131,harshil,1
35132,harshil,1
35133,harshil,1
35134,harshil,111111111111111111111111111111111111111111@1111111111111111111111111111a1111111111111111111a111111111
35135,harshil,111
35136,harshil,111111111111111111111111111111111111111111@1111111111111111111111111111a1111111111111111111a111111111
35137,harshil,1
35138,harshil,1
35139,harshil,1
35140,harshil,111111111111111111111111111111111111111111@1111111111111111111111111111a1111111111111111111a111111111
35141,harshil,111
35142,harshil,111111111111111111111111111111111111111111@1111111111111111111111111111a1111111111111111111a111111111
35143,harshil,1
35144,harshil,1
35145,harshil,1
35146,harshil,111111111111111111111111111111111111111111@1111111111111111111111111111a1111111111111111111a111111111
35147,harshil,111
35148,harshil,111111111111111111111111111111111111111111@1111111111111111111111111111a1111111111111111111a111111111
35149,harshil,1
35150,harshil,1
35151,harshil,1
35152,harshil,111111111111111111111111111111111111111111@1111111111111111111111111111a1111111111111111111a111111111
35153,harshil,111
35154,harshil,111111111111111111111111111111111111111111@1111111111111111111111111111a1111111111111111111a111111111
35155,harshil,1
35156,harshil,1
35157,harshil,1
35158,harshil,111111111111111111111111111111111111111111@1111111111111111111111111111a1111111111111111111a111111111
35159,harshil,111
35160,harshil,111111111111111111111111111111111111111111@1111111111111111111111111111a1111111111111111111a111111111
35161,harshil,1
35162,harshil,1
35163,harshil,1
35164,harshil,111111111111111111111111111111111111111111@1111111111111111111111111111a1111111111111111111a111111111
35165,harshil,111
35166,harshil,111111111111111111111111111111111111111111@1111111111111111111111111111a1111111111111111111a111111111
35167,harshil,1
35168,harshil,1
35169,harshil,1
35170,harshil,111111111111111111111111111111111111111111@1111111111111111111111111111a1111111111111111111a111111111
35171,harshil,111
35172,harshil,111111111111111111111111111111111111111111@1111111111111111111111111111a1111111111111111111a111111111
35173,harshil,1
35174,harshil,1
35175,harshil,1
35176,harshil,111111111111111111111111111111111111111111@1111111111111111111111111111a1111111111111111111a111111111
35177,harshil,111
35178,harshil,111111111111111111111111111111111111111111@1111111111111111111111111111a1111111111111111111a111111111
35179,harshil,1
35180,harshil,1
35181,harshil,1
35182,harshil,111111111111111111111111111111111111111111@1111111111111111111111111111a1111111111111111111a111111111
35183,harshil,111
35184,harshil,111111111111111111111111111111111111111111@1111111111111111111111111111a1111111111111111111a111111111
35185,harshil,1
35186,harshil,1
35187,harshil,1
35188,harshil,111111111111111111111111111111111111111111@1111111111111111111111111111a1111111111111111111a111111111
35189,harshil,111
35190,harshil,111111111111111111111111111111111111111111@1111111111111111111111111111a1111111111111111111a111111111
35191,harshil,1
35192,harshil,1
35193,harshil,1
35194,harshil,111111111111111111111111111111111111111111@1111111111111111111111111111a1111111111111111111a111111111
35195,harshil,111
35196,harshil,111111111111111111111111111111111111111111@1111111111111111111111111111a1111111111111111111a111111111
35197,harshil,1
35198,harshil,1
35199,harshil,1
35200,harshil,111111111111111111111111111111111111111111@1111111111111111111111111111a1111111111111111111a111111111
35201,harshil,111
35202,harshil,111111111111111111111111111111111111111111@1111111111111111111111111111a1111111111111111111a111111111
35203,harshil,1
35204,harshil,1
35205,harshil,1
35206,harshil,111111111111111111111111111111111111111111@1111111111111111111111111111a1111111111111111111a111111111
35207,harshil,111
35208,harshil,111111111111111111111111111111111111111111@1111111111111111111111111111a1111111111111111111a111111111
35209,harshil,1
35210,harshil,1
35211,harshil,1
35212,harshil,111111111111111111111111111111111111111111@1111111111111111111111111111a1111111111111111111a111111111
35213,harshil,111
35214,harshil,111111111111111111111111111111111111111111@1111111111111111111111111111a1111111111111111111a111111111
35215,harshil,1
35216,harshil,1
35217,harshil,1
35218,harshil,111111111111111111111111111111111111111111@1111111111111111111111111111a1111111111111111111a111111111
35219,harshil,111
35220,harshil,111111111111111111111111111111111111111111@1111111111111111111111111111a1111111111111111111a111111111
35221,harshil,1
35222,harshil,1
35223,harshil,1
35224,harshil,111111111111111111111111111111111111111111@1111111111111111111111111111a1111111111111111111a111111111
35225,harshil,111
35226,harshil,111111111111111111111111111111111111111111@1111111111111111111111111111a1111111111111111111a111111111
35227,harshil,1
35228,harshil,1
35229,harshil,1
35230,harshil,111111111111111111111111111111111111111111@1111111111111111111111111111a1111111111111111111a111111111
35231,harshil,111
35232,harshil,111111111111111111111111111111111111111111@1111111111111111111111111111a1111111111111111111a111111111
35233,harshil,1
35234,harshil,1
35235,harshil,1
35236,harshil,111111111111111111111111111111111111111111@1111111111111111111111111111a1111111111111111111a111111111
35237,harshil,111
35238,harshil,111111111111111111111111111111111111111111@1111111111111111111111111111a1111111111111111111a111111111
35239,harshil,1
35240,harshil,1
35241,harshil,1
35242,harshil,111111111111111111111111111111111111111111@1111111111111111111111111111a1111111111111111111a111111111
35243,harshil,111
35244,harshil,111111111111111111111111111111111111111111@1111111111111111111111111111a1111111111111111111a111111111
35245,harshil,1
35246,harshil,1
35247,harshil,1
35248,harshil,111111111111111111111111111111111111111111@1111111111111111111111111111a1111111111111111111a111111111
35249,harshil,111
35250,harshil,111111111111111111111111111111111111111111@1111111111111111111111111111a1111111111111111111a111111111
35251,harshil,1
35252,harshil,1
35253,harshil,1
35254,harshil,111111111111111111111111111111111111111111@1111111111111111111111111111a1111111111111111111a111111111
35255,harshil,111
35256,harshil,111111111111111111111111111111111111111111@1111111111111111111111111111a1111111111111111111a111111111
35257,harshil,1
35258,harshil,1
35259,harshil,1
35260,harshil,111111111111111111111111111111111111111111@1111111111111111111111111111a1111111111111111111a111111111
35261,harshil,111
35262,harshil,111111111111111111111111111111111111111111@1111111111111111111111111111a1111111111111111111a111111111
35263,harshil,1
35264,harshil,1
35265,harshil,1
35266,harshil,111111111111111111111111111111111111111111@1111111111111111111111111111a1111111111111111111a111111111
35267,harshil,111
35268,harshil,111111111111111111111111111111111111111111@1111111111111111111111111111a1111111111111111111a111111111
35269,harshil,1
35270,harshil,1
35271,harshil,1
35272,harshil,111111111111111111111111111111111111111111@1111111111111111111111111111a1111111111111111111a111111111
35273,harshil,111
35274,harshil,111111111111111111111111111111111111111111@1111111111111111111111111111a1111111111111111111a111111111
35275,harshil,1
35276,harshil,1
35277,harshil,1
35278,harshil,111111111111111111111111111111111111111111@1111111111111111111111111111a1111111111111111111a111111111
35279,harshil,111
35280,harshil,111111111111111111111111111111111111111111@1111111111111111111111111111a1111111111111111111a111111111
35281,harshil,1
35282,harshil,1
35283,harshil,1
35284,harshil,111111111111111111111111111111111111111111@1111111111111111111111111111a1111111111111111111a111111111
35285,harshil,111
35286,harshil,111111111111111111111111111111111111111111@1111111111111111111111111111a1111111111111111111a111111111
35287,harshil,1
35288,harshil,1
35289,harshil,1
35290,harshil,111111111111111111111111111111111111111111@1111111111111111111111111111a1111111111111111111a111111111
35291,harshil,111
35292,harshil,111111111111111111111111111111111111111111@1111111111111111111111111111a1111111111111111111a111111111
35293,harshil,1
35294,harshil,1
35295,harshil,1
35296,harshil,111111111111111111111111111111111111111111@1111111111111111111111111111a1111111111111111111a111111111
35297,harshil,111
35298,harshil,111111111111111111111111111111111111111111@1111111111111111111111111111a1111111111111111111a111111111
35299,harshil,1
35300,harshil,1
35301,harshil,1
35302,harshil,111111111111111111111111111111111111111111@1111111111111111111111111111a1111111111111111111a111111111
35303,harshil,111
35304,harshil,111111111111111111111111111111111111111111@1111111111111111111111111111a1111111111111111111a111111111
35305,harshil,1
35306,harshil,1
35307,harshil,1
35308,harshil,111111111111111111111111111111111111111111@1111111111111111111111111111a1111111111111111111a111111111
35309,harshil,111
35310,harshil,111111111111111111111111111111111111111111@1111111111111111111111111111a1111111111111111111a111111111
35311,harshil,1
35312,harshil,1
35313,harshil,1
35314,harshil,111111111111111111111111111111111111111111@1111111111111111111111111111a1111111111111111111a111111111
35315,harshil,111
35316,harshil,111111111111111111111111111111111111111111@1111111111111111111111111111a1111111111111111111a111111111
35317,harshil,1
35318,harshil,1
35319,harshil,1
35320,harshil,111111111111111111111111111111111111111111@1111111111111111111111111111a1111111111111111111a111111111
35321,harshil,111
35322,harshil,111111111111111111111111111111111111111111@1111111111111111111111111111a1111111111111111111a111111111
35323,harshil,1
35324,harshil,1
35325,harshil,1
35326,harshil,111111111111111111111111111111111111111111@1111111111111111111111111111a1111111111111111111a111111111
35327,harshil,111
35328,harshil,111111111111111111111111111111111111111111@1111111111111111111111111111a1111111111111111111a111111111
35329,harshil,1
35330,harshil,1
35331,harshil,1
35332,harshil,111111111111111111111111111111111111111111@1111111111111111111111111111a1111111111111111111a111111111
35333,harshil,111
35334,harshil,111111111111111111111111111111111111111111@1111111111111111111111111111a1111111111111111111a111111111
35335,harshil,1
35336,harshil,1
35337,harshil,1
35338,harshil,111111111111111111111111111111111111111111@1111111111111111111111111111a1111111111111111111a111111111
35339,harshil,111
35340,harshil,111111111111111111111111111111111111111111@1111111111111111111111111111a1111111111111111111a111111111
35341,harshil,1
35342,harshil,1
35343,harshil,1
35344,harshil,111111111111111111111111111111111111111111@1111111111111111111111111111a1111111111111111111a111111111
35345,harshil,111
35346,harshil,111111111111111111111111111111111111111111@1111111111111111111111111111a1111111111111111111a111111111
35347,harshil,1
35348,harshil,1
35349,harshil,1
35350,harshil,111111111111111111111111111111111111111111@1111111111111111111111111111a1111111111111111111a111111111
35351,harshil,111
35352,harshil,111111111111111111111111111111111111111111@1111111111111111111111111111a1111111111111111111a111111111
35353,harshil,1
35354,harshil,1
35355,harshil,1
35356,harshil,111111111111111111111111111111111111111111@1111111111111111111111111111a1111111111111111111a111111111
35357,harshil,111
35358,harshil,111111111111111111111111111111111111111111@1111111111111111111111111111a1111111111111111111a111111111
35359,harshil,1
35360,harshil,1
35361,harshil,1
35362,harshil,111111111111111111111111111111111111111111@1111111111111111111111111111a1111111111111111111a111111111
35363,harshil,111
35364,harshil,111111111111111111111111111111111111111111@1111111111111111111111111111a1111111111111111111a111111111
35365,harshil,1
35366,harshil,1
35367,harshil,1
35368,harshil,111111111111111111111111111111111111111111@1111111111111111111111111111a1111111111111111111a111111111
35369,harshil,111
35370,harshil,111111111111111111111111111111111111111111@1111111111111111111111111111a1111111111111111111a111111111
35371,harshil,1
35372,harshil,1
35373,harshil,1
35374,harshil,111111111111111111111111111111111111111111@1111111111111111111111111111a1111111111111111111a111111111
35375,harshil,111
35376,harshil,111111111111111111111111111111111111111111@1111111111111111111111111111a1111111111111111111a111111111
35377,harshil,1
35378,harshil,1
35379,harshil,1
35380,harshil,111111111111111111111111111111111111111111@1111111111111111111111111111a1111111111111111111a111111111
35381,harshil,111
35382,harshil,111111111111111111111111111111111111111111@1111111111111111111111111111a1111111111111111111a111111111
35383,harshil,1
35384,harshil,1
35385,harshil,1
35386,harshil,111111111111111111111111111111111111111111@1111111111111111111111111111a1111111111111111111a111111111
35387,harshil,111
35388,harshil,111111111111111111111111111111111111111111@1111111111111111111111111111a1111111111111111111a111111111
35389,harshil,1
35390,harshil,1
35391,harshil,1
35392,harshil,111111111111111111111111111111111111111111@1111111111111111111111111111a1111111111111111111a111111111
35393,harshil,111
35394,harshil,111111111111111111111111111111111111111111@1111111111111111111111111111a1111111111111111111a111111111
35395,harshil,1
35396,harshil,1
35397,harshil,1
35398,harshil,111111111111111111111111111111111111111111@1111111111111111111111111111a1111111111111111111a111111111
35399,harshil,111
35400,harshil,111111111111111111111111111111111111111111@1111111111111111111111111111a1111111111111111111a111111111
35401,harshil,1
35402,harshil,1
35403,harshil,1
35404,harshil,111111111111111111111111111111111111111111@1111111111111111111111111111a1111111111111111111a111111111
35405,harshil,111
35406,harshil,111111111111111111111111111111111111111111@1111111111111111111111111111a1111111111111111111a111111111
35407,harshil,1
35408,harshil,1
35409,harshil,1
35410,harshil,111111111111111111111111111111111111111111@1111111111111111111111111111a1111111111111111111a111111111
35411,harshil,111
35412,harshil,111111111111111111111111111111111111111111@1111111111111111111111111111a1111111111111111111a111111111
35413,harshil,1
35414,harshil,1
35415,harshil,1
35416,harshil,111111111111111111111111111111111111111111@1111111111111111111111111111a1111111111111111111a111111111
35417,harshil,111
35418,harshil,111111111111111111111111111111111111111111@1111111111111111111111111111a1111111111111111111a111111111
35419,harshil,1
35420,harshil,1
35421,harshil,1
35422,harshil,111111111111111111111111111111111111111111@1111111111111111111111111111a1111111111111111111a111111111
35423,harshil,111
35424,harshil,111111111111111111111111111111111111111111@1111111111111111111111111111a1111111111111111111a111111111
35425,harshil,1
35426,harshil,1
35427,harshil,1
35428,harshil,111111111111111111111111111111111111111111@1111111111111111111111111111a1111111111111111111a111111111
35429,harshil,111
35430,harshil,111111111111111111111111111111111111111111@1111111111111111111111111111a1111111111111111111a111111111
35431,harshil,1
35432,harshil,1
35433,harshil,1
35434,harshil,111111111111111111111111111111111111111111@1111111111111111111111111111a1111111111111111111a111111111
35435,harshil,111
35436,harshil,111111111111111111111111111111111111111111@1111111111111111111111111111a1111111111111111111a111111111
35437,harshil,1
35438,harshil,1
35439,harshil,1
35440,harshil,111111111111111111111111111111111111111111@1111111111111111111111111111a1111111111111111111a111111111
35441,harshil,111
35442,harshil,111111111111111111111111111111111111111111@1111111111111111111111111111a1111111111111111111a111111111
35443,harshil,1
35444,harshil,1
35445,harshil,1
35446,harshil,111111111111111111111111111111111111111111@1111111111111111111111111111a1111111111111111111a111111111
35447,harshil,111
35448,harshil,111111111111111111111111111111111111111111@1111111111111111111111111111a1111111111111111111a111111111
35449,harshil,1
35450,harshil,1
35451,harshil,1
35452,harshil,111111111111111111111111111111111111111111@1111111111111111111111111111a1111111111111111111a111111111
35453,harshil,111
35454,harshil,111111111111111111111111111111111111111111@1111111111111111111111111111a1111111111111111111a111111111
35455,harshil,1
35456,harshil,1
35457,harshil,1
35458,harshil,111111111111111111111111111111111111111111@1111111111111111111111111111a1111111111111111111a111111111
35459,harshil,111
35460,harshil,111111111111111111111111111111111111111111@1111111111111111111111111111a1111111111111111111a111111111
35461,harshil,1
35462,harshil,1
35463,harshil,1
35464,harshil,111111111111111111111111111111111111111111@1111111111111111111111111111a1111111111111111111a111111111
35465,harshil,111
35466,harshil,111111111111111111111111111111111111111111@1111111111111111111111111111a1111111111111111111a111111111
35467,harshil,1
35468,harshil,1
35469,harshil,1
35470,harshil,111111111111111111111111111111111111111111@1111111111111111111111111111a1111111111111111111a111111111
35471,harshil,111
35472,harshil,111111111111111111111111111111111111111111@1111111111111111111111111111a1111111111111111111a111111111
35473,harshil,1
35474,harshil,1
35475,harshil,1
35476,harshil,111111111111111111111111111111111111111111@1111111111111111111111111111a1111111111111111111a111111111
35477,harshil,111
35478,harshil,111111111111111111111111111111111111111111@1111111111111111111111111111a1111111111111111111a111111111
35479,harshil,1
35480,harshil,1
35481,harshil,1
35482,harshil,111111111111111111111111111111111111111111@1111111111111111111111111111a1111111111111111111a111111111
35483,harshil,111
35484,harshil,111111111111111111111111111111111111111111@1111111111111111111111111111a1111111111111111111a111111111
35485,harshil,1
35486,harshil,1
35487,harshil,1
35488,harshil,111111111111111111111111111111111111111111@1111111111111111111111111111a1111111111111111111a111111111
35489,harshil,111
35490,harshil,111111111111111111111111111111111111111111@1111111111111111111111111111a1111111111111111111a111111111
35491,harshil,1
35492,harshil,1
35493,harshil,1
35494,harshil,111111111111111111111111111111111111111111@1111111111111111111111111111a1111111111111111111a111111111
35495,harshil,111
35496,harshil,111111111111111111111111111111111111111111@1111111111111111111111111111a1111111111111111111a111111111
35497,harshil,1
35498,harshil,1
35499,harshil,1
35500,harshil,111111111111111111111111111111111111111111@1111111111111111111111111111a1111111111111111111a111111111
35501,harshil,111
35502,harshil,111111111111111111111111111111111111111111@1111111111111111111111111111a1111111111111111111a111111111
35503,harshil,1
35504,harshil,1
35505,harshil,1
35506,harshil,111111111111111111111111111111111111111111@1111111111111111111111111111a1111111111111111111a111111111
35507,harshil,111
35508,harshil,111111111111111111111111111111111111111111@1111111111111111111111111111a1111111111111111111a111111111
35509,harshil,1
35510,harshil,1
35511,harshil,1
35512,harshil,111111111111111111111111111111111111111111@1111111111111111111111111111a1111111111111111111a111111111
35513,harshil,111
35514,harshil,111111111111111111111111111111111111111111@1111111111111111111111111111a1111111111111111111a111111111
35515,harshil,1
35516,harshil,1
35517,harshil,1
35518,harshil,111111111111111111111111111111111111111111@1111111111111111111111111111a1111111111111111111a111111111
35519,harshil,111
35520,harshil,111111111111111111111111111111111111111111@1111111111111111111111111111a1111111111111111111a111111111
35521,harshil,1
35522,harshil,1
35523,harshil,1
35524,harshil,111111111111111111111111111111111111111111@1111111111111111111111111111a1111111111111111111a111111111
35525,harshil,111
35526,harshil,111111111111111111111111111111111111111111@1111111111111111111111111111a1111111111111111111a111111111
35527,harshil,1
35528,harshil,1
35529,harshil,1
35530,harshil,111111111111111111111111111111111111111111@1111111111111111111111111111a1111111111111111111a111111111
35531,harshil,111
35532,harshil,111111111111111111111111111111111111111111@1111111111111111111111111111a1111111111111111111a111111111
35533,harshil,1
35534,harshil,1
35535,harshil,1
35536,harshil,111111111111111111111111111111111111111111@1111111111111111111111111111a1111111111111111111a111111111
35537,harshil,111
35538,harshil,111111111111111111111111111111111111111111@1111111111111111111111111111a1111111111111111111a111111111
35539,harshil,1
35540,harshil,1
35541,harshil,1
35542,harshil,111111111111111111111111111111111111111111@1111111111111111111111111111a1111111111111111111a111111111
35543,harshil,111
35544,harshil,111111111111111111111111111111111111111111@1111111111111111111111111111a1111111111111111111a111111111
35545,harshil,1
35546,harshil,1
35547,harshil,1
35548,harshil,111111111111111111111111111111111111111111@1111111111111111111111111111a1111111111111111111a111111111
35549,harshil,111
35550,harshil,111111111111111111111111111111111111111111@1111111111111111111111111111a1111111111111111111a111111111
35551,harshil,1
35552,harshil,1
35553,harshil,1
35554,harshil,111111111111111111111111111111111111111111@1111111111111111111111111111a1111111111111111111a111111111
35555,harshil,111
35556,harshil,111111111111111111111111111111111111111111@1111111111111111111111111111a1111111111111111111a111111111
35557,harshil,1
35558,harshil,1
35559,harshil,1
35560,harshil,111111111111111111111111111111111111111111@1111111111111111111111111111a1111111111111111111a111111111
35561,harshil,111
35562,harshil,111111111111111111111111111111111111111111@1111111111111111111111111111a1111111111111111111a111111111
35563,harshil,1
35564,harshil,1
35565,harshil,1
35566,harshil,111111111111111111111111111111111111111111@1111111111111111111111111111a1111111111111111111a111111111
35567,harshil,111
35568,harshil,111111111111111111111111111111111111111111@1111111111111111111111111111a1111111111111111111a111111111
35569,harshil,1
35570,harshil,1
35571,harshil,1
35572,harshil,111111111111111111111111111111111111111111@1111111111111111111111111111a1111111111111111111a111111111
35573,harshil,111
35574,harshil,111111111111111111111111111111111111111111@1111111111111111111111111111a1111111111111111111a111111111
35575,harshil,1
35576,harshil,1
35577,harshil,1
35578,harshil,111111111111111111111111111111111111111111@1111111111111111111111111111a1111111111111111111a111111111
35579,harshil,111
35580,harshil,111111111111111111111111111111111111111111@1111111111111111111111111111a1111111111111111111a111111111
35581,harshil,1
35582,harshil,1
35583,harshil,1
35584,harshil,111111111111111111111111111111111111111111@1111111111111111111111111111a1111111111111111111a111111111
35585,harshil,111
35586,harshil,111111111111111111111111111111111111111111@1111111111111111111111111111a1111111111111111111a111111111
35587,harshil,1
35588,harshil,1
35589,harshil,1
35590,harshil,111111111111111111111111111111111111111111@1111111111111111111111111111a1111111111111111111a111111111
35591,harshil,111
35592,harshil,111111111111111111111111111111111111111111@1111111111111111111111111111a1111111111111111111a111111111
35593,harshil,1
35594,harshil,1
35595,harshil,1
35596,harshil,111111111111111111111111111111111111111111@1111111111111111111111111111a1111111111111111111a111111111
35597,harshil,111
35598,harshil,111111111111111111111111111111111111111111@1111111111111111111111111111a1111111111111111111a111111111
35599,harshil,1
35600,harshil,1
35601,harshil,1
35602,harshil,111111111111111111111111111111111111111111@1111111111111111111111111111a1111111111111111111a111111111
35603,harshil,111
35604,harshil,111111111111111111111111111111111111111111@1111111111111111111111111111a1111111111111111111a111111111
35605,harshil,1
35606,harshil,1
35607,harshil,1
35608,harshil,111111111111111111111111111111111111111111@1111111111111111111111111111a1111111111111111111a111111111
35609,harshil,111
35610,harshil,111111111111111111111111111111111111111111@1111111111111111111111111111a1111111111111111111a111111111
35611,harshil,1
35612,harshil,1
35613,harshil,1
35614,harshil,111111111111111111111111111111111111111111@1111111111111111111111111111a1111111111111111111a111111111
35615,harshil,111
35616,harshil,111111111111111111111111111111111111111111@1111111111111111111111111111a1111111111111111111a111111111
35617,harshil,1
35618,harshil,1
35619,harshil,1
35620,harshil,111111111111111111111111111111111111111111@1111111111111111111111111111a1111111111111111111a111111111
35621,harshil,111
35622,harshil,111111111111111111111111111111111111111111@1111111111111111111111111111a1111111111111111111a111111111
35623,harshil,1
35624,harshil,1
35625,harshil,1
35626,harshil,111111111111111111111111111111111111111111@1111111111111111111111111111a1111111111111111111a111111111
35627,harshil,111
35628,harshil,111111111111111111111111111111111111111111@1111111111111111111111111111a1111111111111111111a111111111
35629,harshil,1
35630,harshil,1
35631,harshil,1
35632,harshil,111111111111111111111111111111111111111111@1111111111111111111111111111a1111111111111111111a111111111
35633,harshil,111
35634,harshil,111111111111111111111111111111111111111111@1111111111111111111111111111a1111111111111111111a111111111
35635,harshil,1
35636,harshil,1
35637,harshil,1
35638,harshil,111111111111111111111111111111111111111111@1111111111111111111111111111a1111111111111111111a111111111
35639,harshil,111
35640,harshil,111111111111111111111111111111111111111111@1111111111111111111111111111a1111111111111111111a111111111
35641,harshil,1
35642,harshil,1
35643,harshil,1
35644,harshil,111111111111111111111111111111111111111111@1111111111111111111111111111a1111111111111111111a111111111
35645,harshil,111
35646,harshil,111111111111111111111111111111111111111111@1111111111111111111111111111a1111111111111111111a111111111
35647,harshil,1
35648,harshil,1
35649,harshil,1
35650,harshil,111111111111111111111111111111111111111111@1111111111111111111111111111a1111111111111111111a111111111
35651,harshil,111
35652,harshil,111111111111111111111111111111111111111111@1111111111111111111111111111a1111111111111111111a111111111
35653,harshil,1
35654,harshil,1
35655,harshil,1
35656,harshil,111111111111111111111111111111111111111111@1111111111111111111111111111a1111111111111111111a111111111
35657,harshil,111
35658,harshil,111111111111111111111111111111111111111111@1111111111111111111111111111a1111111111111111111a111111111
35659,harshil,1
35660,harshil,1
35661,harshil,1
35662,harshil,111111111111111111111111111111111111111111@1111111111111111111111111111a1111111111111111111a111111111
35663,harshil,111
35664,harshil,111111111111111111111111111111111111111111@1111111111111111111111111111a1111111111111111111a111111111
35665,harshil,1
35666,harshil,1
35667,harshil,1
35668,harshil,111111111111111111111111111111111111111111@1111111111111111111111111111a1111111111111111111a111111111
35669,harshil,111
35670,harshil,111111111111111111111111111111111111111111@1111111111111111111111111111a1111111111111111111a111111111
35671,harshil,1
35672,harshil,1
35673,harshil,1
35674,harshil,111111111111111111111111111111111111111111@1111111111111111111111111111a1111111111111111111a111111111
35675,harshil,111
35676,harshil,111111111111111111111111111111111111111111@1111111111111111111111111111a1111111111111111111a111111111
35677,harshil,1
35678,harshil,1
35679,harshil,1
35680,harshil,111111111111111111111111111111111111111111@1111111111111111111111111111a1111111111111111111a111111111
35681,harshil,111
35682,harshil,111111111111111111111111111111111111111111@1111111111111111111111111111a1111111111111111111a111111111
35683,harshil,1
35684,harshil,1
35685,harshil,1
35686,harshil,111111111111111111111111111111111111111111@1111111111111111111111111111a1111111111111111111a111111111
35687,harshil,111
35688,harshil,111111111111111111111111111111111111111111@1111111111111111111111111111a1111111111111111111a111111111
35689,harshil,1
35690,harshil,1
35691,harshil,1
35692,harshil,111111111111111111111111111111111111111111@1111111111111111111111111111a1111111111111111111a111111111
35693,harshil,111
35694,harshil,111111111111111111111111111111111111111111@1111111111111111111111111111a1111111111111111111a111111111
35695,harshil,1
35696,harshil,1
35697,harshil,1
35698,harshil,111111111111111111111111111111111111111111@1111111111111111111111111111a1111111111111111111a111111111
35699,harshil,111
35700,harshil,111111111111111111111111111111111111111111@1111111111111111111111111111a1111111111111111111a111111111
35701,harshil,1
35702,harshil,1
35703,harshil,1
35704,harshil,111111111111111111111111111111111111111111@1111111111111111111111111111a1111111111111111111a111111111
35705,harshil,111
35706,harshil,111111111111111111111111111111111111111111@1111111111111111111111111111a1111111111111111111a111111111
35707,harshil,1
35708,harshil,1
35709,harshil,1
35710,harshil,111111111111111111111111111111111111111111@1111111111111111111111111111a1111111111111111111a111111111
35711,harshil,111
35712,harshil,111111111111111111111111111111111111111111@1111111111111111111111111111a1111111111111111111a111111111
35713,harshil,1
35714,harshil,1
35715,harshil,1
35716,harshil,111111111111111111111111111111111111111111@1111111111111111111111111111a1111111111111111111a111111111
35717,harshil,111
35718,harshil,111111111111111111111111111111111111111111@1111111111111111111111111111a1111111111111111111a111111111
35719,harshil,1
35720,harshil,1
35721,harshil,1
35722,harshil,111111111111111111111111111111111111111111@1111111111111111111111111111a1111111111111111111a111111111
35723,harshil,111
35724,harshil,111111111111111111111111111111111111111111@1111111111111111111111111111a1111111111111111111a111111111
35725,harshil,1
35726,harshil,1
35727,harshil,1
35728,harshil,111111111111111111111111111111111111111111@1111111111111111111111111111a1111111111111111111a111111111
35729,harshil,111
35730,harshil,111111111111111111111111111111111111111111@1111111111111111111111111111a1111111111111111111a111111111
35731,harshil,1
35732,harshil,1
35733,harshil,1
35734,harshil,111111111111111111111111111111111111111111@1111111111111111111111111111a1111111111111111111a111111111
35735,harshil,111
35736,harshil,111111111111111111111111111111111111111111@1111111111111111111111111111a1111111111111111111a111111111
35737,harshil,1
35738,harshil,1
35739,harshil,1
35740,harshil,111111111111111111111111111111111111111111@1111111111111111111111111111a1111111111111111111a111111111
35741,harshil,111
35742,harshil,111111111111111111111111111111111111111111@1111111111111111111111111111a1111111111111111111a111111111
35743,harshil,1
35744,harshil,1
35745,harshil,1
35746,harshil,111111111111111111111111111111111111111111@1111111111111111111111111111a1111111111111111111a111111111
35747,harshil,111
35748,harshil,111111111111111111111111111111111111111111@1111111111111111111111111111a1111111111111111111a111111111
35749,harshil,1
35750,harshil,1
35751,harshil,1
35752,harshil,111111111111111111111111111111111111111111@1111111111111111111111111111a1111111111111111111a111111111
35753,harshil,111
35754,harshil,111111111111111111111111111111111111111111@1111111111111111111111111111a1111111111111111111a111111111
35755,harshil,1
35756,harshil,1
35757,harshil,1
35758,harshil,111111111111111111111111111111111111111111@1111111111111111111111111111a1111111111111111111a111111111
35759,harshil,111
35760,harshil,111111111111111111111111111111111111111111@1111111111111111111111111111a1111111111111111111a111111111
35761,harshil,1
35762,harshil,1
35763,harshil,1
35764,harshil,111111111111111111111111111111111111111111@1111111111111111111111111111a1111111111111111111a111111111
35765,harshil,111
35766,harshil,111111111111111111111111111111111111111111@1111111111111111111111111111a1111111111111111111a111111111
35767,harshil,1
35768,harshil,1
35769,harshil,1
35770,harshil,111111111111111111111111111111111111111111@1111111111111111111111111111a1111111111111111111a111111111
35771,harshil,111
35772,harshil,111111111111111111111111111111111111111111@1111111111111111111111111111a1111111111111111111a111111111
35773,harshil,1
35774,harshil,1
35775,harshil,1
35776,harshil,111111111111111111111111111111111111111111@1111111111111111111111111111a1111111111111111111a111111111
35777,harshil,111
35778,harshil,111111111111111111111111111111111111111111@1111111111111111111111111111a1111111111111111111a111111111
35779,harshil,1
35780,harshil,1
35781,harshil,1
35782,harshil,111111111111111111111111111111111111111111@1111111111111111111111111111a1111111111111111111a111111111
35783,harshil,111
35784,harshil,111111111111111111111111111111111111111111@1111111111111111111111111111a1111111111111111111a111111111
35785,harshil,1
35786,harshil,1
35787,harshil,1
35788,harshil,111111111111111111111111111111111111111111@1111111111111111111111111111a1111111111111111111a111111111
35789,harshil,111
35790,harshil,111111111111111111111111111111111111111111@1111111111111111111111111111a1111111111111111111a111111111
35791,harshil,1
35792,harshil,1
35793,harshil,1
35794,harshil,111111111111111111111111111111111111111111@1111111111111111111111111111a1111111111111111111a111111111
35795,harshil,111
35796,harshil,111111111111111111111111111111111111111111@1111111111111111111111111111a1111111111111111111a111111111
35797,harshil,1
35798,harshil,1
35799,harshil,1
35800,harshil,111111111111111111111111111111111111111111@1111111111111111111111111111a1111111111111111111a111111111
35801,harshil,111
35802,harshil,111111111111111111111111111111111111111111@1111111111111111111111111111a1111111111111111111a111111111
35803,harshil,1
35804,harshil,1
35805,harshil,1
35806,harshil,111111111111111111111111111111111111111111@1111111111111111111111111111a1111111111111111111a111111111
35807,harshil,111
35808,harshil,111111111111111111111111111111111111111111@1111111111111111111111111111a1111111111111111111a111111111
35809,harshil,1
35810,harshil,1
35811,harshil,1
35812,harshil,111111111111111111111111111111111111111111@1111111111111111111111111111a1111111111111111111a111111111
35813,harshil,111
35814,harshil,111111111111111111111111111111111111111111@1111111111111111111111111111a1111111111111111111a111111111
35815,harshil,1
35816,harshil,1
35817,harshil,1
35818,harshil,111111111111111111111111111111111111111111@1111111111111111111111111111a1111111111111111111a111111111
35819,harshil,111
35820,harshil,111111111111111111111111111111111111111111@1111111111111111111111111111a1111111111111111111a111111111
35821,harshil,1
35822,harshil,1
35823,harshil,1
35824,harshil,111111111111111111111111111111111111111111@1111111111111111111111111111a1111111111111111111a111111111
35825,harshil,111
35826,harshil,111111111111111111111111111111111111111111@1111111111111111111111111111a1111111111111111111a111111111
35827,harshil,1
35828,harshil,1
35829,harshil,1
35830,harshil,111111111111111111111111111111111111111111@1111111111111111111111111111a1111111111111111111a111111111
35831,harshil,111
35832,harshil,111111111111111111111111111111111111111111@1111111111111111111111111111a1111111111111111111a111111111
35833,harshil,1
35834,harshil,1
35835,harshil,1
35836,harshil,111111111111111111111111111111111111111111@1111111111111111111111111111a1111111111111111111a111111111
35837,harshil,111
35838,harshil,111111111111111111111111111111111111111111@1111111111111111111111111111a1111111111111111111a111111111
35839,harshil,1
35840,harshil,1
35841,harshil,1
35842,harshil,111111111111111111111111111111111111111111@1111111111111111111111111111a1111111111111111111a111111111
35843,harshil,111
35844,harshil,111111111111111111111111111111111111111111@1111111111111111111111111111a1111111111111111111a111111111
35845,harshil,1
35846,harshil,1
35847,harshil,1
35848,harshil,111111111111111111111111111111111111111111@1111111111111111111111111111a1111111111111111111a111111111
35849,harshil,111
35850,harshil,111111111111111111111111111111111111111111@1111111111111111111111111111a1111111111111111111a111111111
35851,harshil,1
35852,harshil,1
35853,harshil,1
35854,harshil,111111111111111111111111111111111111111111@1111111111111111111111111111a1111111111111111111a111111111
35855,harshil,111
35856,harshil,111111111111111111111111111111111111111111@1111111111111111111111111111a1111111111111111111a111111111
35857,harshil,1
35858,harshil,1
35859,harshil,1
35860,harshil,111111111111111111111111111111111111111111@1111111111111111111111111111a1111111111111111111a111111111
35861,harshil,111
35862,harshil,111111111111111111111111111111111111111111@1111111111111111111111111111a1111111111111111111a111111111
35863,harshil,1
35864,harshil,1
35865,harshil,1
35866,harshil,111111111111111111111111111111111111111111@1111111111111111111111111111a1111111111111111111a111111111
35867,harshil,111
35868,harshil,111111111111111111111111111111111111111111@1111111111111111111111111111a1111111111111111111a111111111
35869,harshil,1
35870,harshil,1
35871,harshil,1
35872,harshil,111111111111111111111111111111111111111111@1111111111111111111111111111a1111111111111111111a111111111
35873,harshil,111
35874,harshil,111111111111111111111111111111111111111111@1111111111111111111111111111a1111111111111111111a111111111
35875,harshil,1
35876,harshil,1
35877,harshil,1
35878,harshil,111111111111111111111111111111111111111111@1111111111111111111111111111a1111111111111111111a111111111
35879,harshil,111
35880,harshil,111111111111111111111111111111111111111111@1111111111111111111111111111a1111111111111111111a111111111
35881,harshil,1
35882,harshil,1
35883,harshil,1
35884,harshil,111111111111111111111111111111111111111111@1111111111111111111111111111a1111111111111111111a111111111
35885,harshil,111
35886,harshil,111111111111111111111111111111111111111111@1111111111111111111111111111a1111111111111111111a111111111
35887,harshil,1
35888,harshil,1
35889,harshil,1
35890,harshil,111111111111111111111111111111111111111111@1111111111111111111111111111a1111111111111111111a111111111
35891,harshil,111
35892,harshil,111111111111111111111111111111111111111111@1111111111111111111111111111a1111111111111111111a111111111
35893,harshil,1
35894,harshil,1
35895,harshil,1
35896,harshil,111111111111111111111111111111111111111111@1111111111111111111111111111a1111111111111111111a111111111
35897,harshil,111
35898,harshil,111111111111111111111111111111111111111111@1111111111111111111111111111a1111111111111111111a111111111
35899,harshil,1
35900,harshil,1
35901,harshil,1
35902,harshil,111111111111111111111111111111111111111111@1111111111111111111111111111a1111111111111111111a111111111
35903,harshil,111
35904,harshil,111111111111111111111111111111111111111111@1111111111111111111111111111a1111111111111111111a111111111
35905,harshil,1
35906,harshil,1
35907,harshil,1
35908,harshil,111111111111111111111111111111111111111111@1111111111111111111111111111a1111111111111111111a111111111
35909,harshil,111
35910,harshil,111111111111111111111111111111111111111111@1111111111111111111111111111a1111111111111111111a111111111
35911,harshil,1
35912,harshil,1
35913,harshil,1
35914,harshil,111111111111111111111111111111111111111111@1111111111111111111111111111a1111111111111111111a111111111
35915,harshil,111
35916,harshil,111111111111111111111111111111111111111111@1111111111111111111111111111a1111111111111111111a111111111
35917,harshil,1
35918,harshil,1
35919,harshil,1
35920,harshil,111111111111111111111111111111111111111111@1111111111111111111111111111a1111111111111111111a111111111
35921,harshil,111
35922,harshil,111111111111111111111111111111111111111111@1111111111111111111111111111a1111111111111111111a111111111
35923,harshil,1
35924,harshil,1
35925,harshil,1
35926,harshil,111111111111111111111111111111111111111111@1111111111111111111111111111a1111111111111111111a111111111
35927,harshil,111
35928,harshil,111111111111111111111111111111111111111111@1111111111111111111111111111a1111111111111111111a111111111
35929,harshil,1
35930,harshil,1
35931,harshil,1
35932,harshil,111111111111111111111111111111111111111111@1111111111111111111111111111a1111111111111111111a111111111
35933,harshil,111
35934,harshil,111111111111111111111111111111111111111111@1111111111111111111111111111a1111111111111111111a111111111
35935,harshil,1
35936,harshil,1
35937,harshil,1
35938,harshil,111111111111111111111111111111111111111111@1111111111111111111111111111a1111111111111111111a111111111
35939,harshil,111
35940,harshil,111111111111111111111111111111111111111111@1111111111111111111111111111a1111111111111111111a111111111
35941,harshil,1
35942,harshil,1
35943,harshil,1
35944,harshil,111111111111111111111111111111111111111111@1111111111111111111111111111a1111111111111111111a111111111
35945,harshil,111
35946,harshil,111111111111111111111111111111111111111111@1111111111111111111111111111a1111111111111111111a111111111
35947,harshil,1
35948,harshil,1
35949,harshil,1
35950,harshil,111111111111111111111111111111111111111111@1111111111111111111111111111a1111111111111111111a111111111
35951,harshil,111
35952,harshil,111111111111111111111111111111111111111111@1111111111111111111111111111a1111111111111111111a111111111
35953,harshil,1
35954,harshil,1
35955,harshil,1
35956,harshil,111111111111111111111111111111111111111111@1111111111111111111111111111a1111111111111111111a111111111
35957,harshil,111
35958,harshil,111111111111111111111111111111111111111111@1111111111111111111111111111a1111111111111111111a111111111
35959,harshil,1
35960,harshil,1
35961,harshil,1
35962,harshil,111111111111111111111111111111111111111111@1111111111111111111111111111a1111111111111111111a111111111
35963,harshil,111
35964,harshil,111111111111111111111111111111111111111111@1111111111111111111111111111a1111111111111111111a111111111
35965,harshil,1
35966,harshil,1
35967,harshil,1
35968,harshil,111111111111111111111111111111111111111111@1111111111111111111111111111a1111111111111111111a111111111
35969,harshil,111
35970,harshil,111111111111111111111111111111111111111111@1111111111111111111111111111a1111111111111111111a111111111
35971,harshil,1
35972,harshil,1
35973,harshil,1
35974,harshil,111111111111111111111111111111111111111111@1111111111111111111111111111a1111111111111111111a111111111
35975,harshil,111
35976,harshil,111111111111111111111111111111111111111111@1111111111111111111111111111a1111111111111111111a111111111
35977,harshil,1
35978,harshil,1
35979,harshil,1
35980,harshil,111111111111111111111111111111111111111111@1111111111111111111111111111a1111111111111111111a111111111
35981,harshil,111
35982,harshil,111111111111111111111111111111111111111111@1111111111111111111111111111a1111111111111111111a111111111
35983,harshil,1
35984,harshil,1
35985,harshil,1
35986,harshil,111111111111111111111111111111111111111111@1111111111111111111111111111a1111111111111111111a111111111
35987,harshil,111
35988,harshil,111111111111111111111111111111111111111111@1111111111111111111111111111a1111111111111111111a111111111
35989,harshil,1
35990,harshil,1
35991,harshil,1
35992,harshil,111111111111111111111111111111111111111111@1111111111111111111111111111a1111111111111111111a111111111
35993,harshil,111
35994,harshil,111111111111111111111111111111111111111111@1111111111111111111111111111a1111111111111111111a111111111
35995,harshil,1
35996,harshil,1
35997,harshil,1
35998,harshil,111111111111111111111111111111111111111111@1111111111111111111111111111a1111111111111111111a111111111
35999,harshil,111
36000,harshil,111111111111111111111111111111111111111111@1111111111111111111111111111a1111111111111111111a111111111
36001,harshil,1
36002,harshil,1
36003,harshil,1
36004,harshil,111111111111111111111111111111111111111111@1111111111111111111111111111a1111111111111111111a111111111
36005,harshil,111
36006,harshil,111111111111111111111111111111111111111111@1111111111111111111111111111a1111111111111111111a111111111
36007,harshil,1
36008,harshil,1
36009,harshil,1
36010,harshil,111111111111111111111111111111111111111111@1111111111111111111111111111a1111111111111111111a111111111
36011,harshil,111
36012,harshil,111111111111111111111111111111111111111111@1111111111111111111111111111a1111111111111111111a111111111
36013,harshil,1
36014,harshil,1
36015,harshil,1
36016,harshil,111111111111111111111111111111111111111111@1111111111111111111111111111a1111111111111111111a111111111
36017,harshil,111
36018,harshil,111111111111111111111111111111111111111111@1111111111111111111111111111a1111111111111111111a111111111
36019,harshil,1
36020,harshil,1
36021,harshil,1
36022,harshil,111111111111111111111111111111111111111111@1111111111111111111111111111a1111111111111111111a111111111
36023,harshil,111
36024,harshil,111111111111111111111111111111111111111111@1111111111111111111111111111a1111111111111111111a111111111
36025,harshil,1
36026,harshil,1
36027,harshil,1
36028,harshil,111111111111111111111111111111111111111111@1111111111111111111111111111a1111111111111111111a111111111
36029,harshil,111
36030,harshil,111111111111111111111111111111111111111111@1111111111111111111111111111a1111111111111111111a111111111
36031,harshil,1
36032,harshil,1
36033,harshil,1
36034,harshil,111111111111111111111111111111111111111111@1111111111111111111111111111a1111111111111111111a111111111
36035,harshil,111
36036,harshil,111111111111111111111111111111111111111111@1111111111111111111111111111a1111111111111111111a111111111
36037,harshil,1
36038,harshil,1
36039,harshil,1
36040,harshil,111111111111111111111111111111111111111111@1111111111111111111111111111a1111111111111111111a111111111
36041,harshil,111
36042,harshil,111111111111111111111111111111111111111111@1111111111111111111111111111a1111111111111111111a111111111
36043,harshil,1
36044,harshil,1
36045,harshil,1
36046,harshil,111111111111111111111111111111111111111111@1111111111111111111111111111a1111111111111111111a111111111
36047,harshil,111
36048,harshil,111111111111111111111111111111111111111111@1111111111111111111111111111a1111111111111111111a111111111
36049,harshil,1
36050,harshil,1
36051,harshil,1
36052,harshil,111111111111111111111111111111111111111111@1111111111111111111111111111a1111111111111111111a111111111
36053,harshil,111
36054,harshil,111111111111111111111111111111111111111111@1111111111111111111111111111a1111111111111111111a111111111
36055,harshil,1
36056,harshil,1
36057,harshil,1
36058,harshil,111111111111111111111111111111111111111111@1111111111111111111111111111a1111111111111111111a111111111
36059,harshil,111
36060,harshil,111111111111111111111111111111111111111111@1111111111111111111111111111a1111111111111111111a111111111
36061,harshil,1
36062,harshil,1
36063,harshil,1
36064,harshil,111111111111111111111111111111111111111111@1111111111111111111111111111a1111111111111111111a111111111
36065,harshil,111
36066,harshil,111111111111111111111111111111111111111111@1111111111111111111111111111a1111111111111111111a111111111
36067,harshil,1
36068,harshil,1
36069,harshil,1
36070,harshil,111111111111111111111111111111111111111111@1111111111111111111111111111a1111111111111111111a111111111
36071,harshil,111
36072,harshil,111111111111111111111111111111111111111111@1111111111111111111111111111a1111111111111111111a111111111
36073,harshil,1
36074,harshil,1
36075,harshil,1
36076,harshil,111111111111111111111111111111111111111111@1111111111111111111111111111a1111111111111111111a111111111
36077,harshil,111
36078,harshil,111111111111111111111111111111111111111111@1111111111111111111111111111a1111111111111111111a111111111
36079,harshil,1
36080,harshil,1
36081,harshil,1
36082,harshil,111111111111111111111111111111111111111111@1111111111111111111111111111a1111111111111111111a111111111
36083,harshil,111
36084,harshil,111111111111111111111111111111111111111111@1111111111111111111111111111a1111111111111111111a111111111
36085,harshil,1
36086,harshil,1
36087,harshil,1
36088,harshil,111111111111111111111111111111111111111111@1111111111111111111111111111a1111111111111111111a111111111
36089,harshil,111
36090,harshil,111111111111111111111111111111111111111111@1111111111111111111111111111a1111111111111111111a111111111
36091,harshil,1
36092,harshil,1
36093,harshil,1
36094,harshil,111111111111111111111111111111111111111111@1111111111111111111111111111a1111111111111111111a111111111
36095,harshil,111
36096,harshil,111111111111111111111111111111111111111111@1111111111111111111111111111a1111111111111111111a111111111
36097,harshil,1
36098,harshil,1
36099,harshil,1
36100,harshil,111111111111111111111111111111111111111111@1111111111111111111111111111a1111111111111111111a111111111
36101,harshil,111
36102,harshil,111111111111111111111111111111111111111111@1111111111111111111111111111a1111111111111111111a111111111
36103,harshil,1
36104,harshil,1
36105,harshil,1
36106,harshil,111111111111111111111111111111111111111111@1111111111111111111111111111a1111111111111111111a111111111
36107,harshil,111
36108,harshil,111111111111111111111111111111111111111111@1111111111111111111111111111a1111111111111111111a111111111
36109,harshil,1
36110,harshil,1
36111,harshil,1
36112,harshil,111111111111111111111111111111111111111111@1111111111111111111111111111a1111111111111111111a111111111
36113,harshil,111
36114,harshil,111111111111111111111111111111111111111111@1111111111111111111111111111a1111111111111111111a111111111
36115,harshil,1
36116,harshil,1
36117,harshil,1
36118,harshil,111111111111111111111111111111111111111111@1111111111111111111111111111a1111111111111111111a111111111
36119,harshil,111
36120,harshil,111111111111111111111111111111111111111111@1111111111111111111111111111a1111111111111111111a111111111
36121,harshil,1
36122,harshil,1
36123,harshil,1
36124,harshil,111111111111111111111111111111111111111111@1111111111111111111111111111a1111111111111111111a111111111
36125,harshil,111
36126,harshil,111111111111111111111111111111111111111111@1111111111111111111111111111a1111111111111111111a111111111
36127,harshil,1
36128,harshil,1
36129,harshil,1
36130,harshil,111111111111111111111111111111111111111111@1111111111111111111111111111a1111111111111111111a111111111
36131,harshil,111
36132,harshil,111111111111111111111111111111111111111111@1111111111111111111111111111a1111111111111111111a111111111
36133,harshil,1
36134,harshil,1
36135,harshil,1
36136,harshil,111111111111111111111111111111111111111111@1111111111111111111111111111a1111111111111111111a111111111
36137,harshil,111
36138,harshil,111111111111111111111111111111111111111111@1111111111111111111111111111a1111111111111111111a111111111
36139,harshil,1
36140,harshil,1
36141,harshil,1
36142,harshil,111111111111111111111111111111111111111111@1111111111111111111111111111a1111111111111111111a111111111
36143,harshil,111
36144,harshil,111111111111111111111111111111111111111111@1111111111111111111111111111a1111111111111111111a111111111
36145,harshil,1
36146,harshil,1
36147,harshil,1
36148,harshil,111111111111111111111111111111111111111111@1111111111111111111111111111a1111111111111111111a111111111
36149,harshil,111
36150,harshil,111111111111111111111111111111111111111111@1111111111111111111111111111a1111111111111111111a111111111
36151,harshil,1
36152,harshil,1
36153,harshil,1
36154,harshil,111111111111111111111111111111111111111111@1111111111111111111111111111a1111111111111111111a111111111
36155,harshil,111
36156,harshil,111111111111111111111111111111111111111111@1111111111111111111111111111a1111111111111111111a111111111
36157,harshil,1
36158,harshil,1
36159,harshil,1
36160,harshil,111111111111111111111111111111111111111111@1111111111111111111111111111a1111111111111111111a111111111
36161,harshil,111
36162,harshil,111111111111111111111111111111111111111111@1111111111111111111111111111a1111111111111111111a111111111
36163,harshil,1
36164,harshil,1
36165,harshil,1
36166,harshil,111111111111111111111111111111111111111111@1111111111111111111111111111a1111111111111111111a111111111
36167,harshil,111
36168,harshil,111111111111111111111111111111111111111111@1111111111111111111111111111a1111111111111111111a111111111
36169,harshil,1
36170,harshil,1
36171,harshil,1
36172,harshil,111111111111111111111111111111111111111111@1111111111111111111111111111a1111111111111111111a111111111
36173,harshil,111
36174,harshil,111111111111111111111111111111111111111111@1111111111111111111111111111a1111111111111111111a111111111
36175,harshil,1
36176,harshil,1
36177,harshil,1
36178,harshil,111111111111111111111111111111111111111111@1111111111111111111111111111a1111111111111111111a111111111
36179,harshil,111
36180,harshil,111111111111111111111111111111111111111111@1111111111111111111111111111a1111111111111111111a111111111
36181,harshil,1
36182,harshil,1
36183,harshil,1
36184,harshil,111111111111111111111111111111111111111111@1111111111111111111111111111a1111111111111111111a111111111
36185,harshil,111
36186,harshil,111111111111111111111111111111111111111111@1111111111111111111111111111a1111111111111111111a111111111
36187,harshil,1
36188,harshil,1
36189,harshil,1
36190,harshil,111111111111111111111111111111111111111111@1111111111111111111111111111a1111111111111111111a111111111
36191,harshil,111
36192,harshil,111111111111111111111111111111111111111111@1111111111111111111111111111a1111111111111111111a111111111
36193,harshil,1
36194,harshil,1
36195,harshil,1
36196,harshil,111111111111111111111111111111111111111111@1111111111111111111111111111a1111111111111111111a111111111
36197,harshil,111
36198,harshil,111111111111111111111111111111111111111111@1111111111111111111111111111a1111111111111111111a111111111
36199,harshil,1
36200,harshil,1
36201,harshil,1
36202,harshil,111111111111111111111111111111111111111111@1111111111111111111111111111a1111111111111111111a111111111
36203,harshil,111
36204,harshil,111111111111111111111111111111111111111111@1111111111111111111111111111a1111111111111111111a111111111
36205,harshil,1
36206,harshil,1
36207,harshil,1
36208,harshil,111111111111111111111111111111111111111111@1111111111111111111111111111a1111111111111111111a111111111
36209,harshil,111
36210,harshil,111111111111111111111111111111111111111111@1111111111111111111111111111a1111111111111111111a111111111
36211,harshil,1
36212,harshil,1
36213,harshil,1
36214,harshil,111111111111111111111111111111111111111111@1111111111111111111111111111a1111111111111111111a111111111
36215,harshil,111
36216,harshil,111111111111111111111111111111111111111111@1111111111111111111111111111a1111111111111111111a111111111
36217,harshil,1
36218,harshil,1
36219,harshil,1
36220,harshil,111111111111111111111111111111111111111111@1111111111111111111111111111a1111111111111111111a111111111
36221,harshil,111
36222,harshil,111111111111111111111111111111111111111111@1111111111111111111111111111a1111111111111111111a111111111
36223,harshil,1
36224,harshil,1
36225,harshil,1
36226,harshil,111111111111111111111111111111111111111111@1111111111111111111111111111a1111111111111111111a111111111
36227,harshil,111
36228,harshil,111111111111111111111111111111111111111111@1111111111111111111111111111a1111111111111111111a111111111
36229,harshil,1
36230,harshil,1
36231,harshil,1
36232,harshil,111111111111111111111111111111111111111111@1111111111111111111111111111a1111111111111111111a111111111
36233,harshil,111
36234,harshil,111111111111111111111111111111111111111111@1111111111111111111111111111a1111111111111111111a111111111
36235,harshil,1
36236,harshil,1
36237,harshil,1
36238,harshil,111111111111111111111111111111111111111111@1111111111111111111111111111a1111111111111111111a111111111
36239,harshil,111
36240,harshil,111111111111111111111111111111111111111111@1111111111111111111111111111a1111111111111111111a111111111
36241,harshil,1
36242,harshil,1
36243,harshil,1
36244,harshil,111111111111111111111111111111111111111111@1111111111111111111111111111a1111111111111111111a111111111
36245,harshil,111
36246,harshil,111111111111111111111111111111111111111111@1111111111111111111111111111a1111111111111111111a111111111
36247,harshil,1
36248,harshil,1
36249,harshil,1
36250,harshil,111111111111111111111111111111111111111111@1111111111111111111111111111a1111111111111111111a111111111
36251,harshil,111
36252,harshil,111111111111111111111111111111111111111111@1111111111111111111111111111a1111111111111111111a111111111
36253,harshil,1
36254,harshil,1
36255,harshil,1
36256,harshil,111111111111111111111111111111111111111111@1111111111111111111111111111a1111111111111111111a111111111
36257,harshil,111
36258,harshil,111111111111111111111111111111111111111111@1111111111111111111111111111a1111111111111111111a111111111
36259,harshil,1
36260,harshil,1
36261,harshil,1
36262,harshil,111111111111111111111111111111111111111111@1111111111111111111111111111a1111111111111111111a111111111
36263,harshil,111
36264,harshil,111111111111111111111111111111111111111111@1111111111111111111111111111a1111111111111111111a111111111
36265,harshil,1
36266,harshil,1
36267,harshil,1
36268,harshil,111111111111111111111111111111111111111111@1111111111111111111111111111a1111111111111111111a111111111
36269,harshil,111
36270,harshil,111111111111111111111111111111111111111111@1111111111111111111111111111a1111111111111111111a111111111
36271,harshil,1
36272,harshil,1
36273,harshil,1
36274,harshil,111111111111111111111111111111111111111111@1111111111111111111111111111a1111111111111111111a111111111
36275,harshil,111
36276,harshil,111111111111111111111111111111111111111111@1111111111111111111111111111a1111111111111111111a111111111
36277,harshil,1
36278,harshil,1
36279,harshil,1
36280,harshil,111111111111111111111111111111111111111111@1111111111111111111111111111a1111111111111111111a111111111
36281,harshil,111
36282,harshil,111111111111111111111111111111111111111111@1111111111111111111111111111a1111111111111111111a111111111
36283,harshil,1
36284,harshil,1
36285,harshil,1
36286,harshil,111111111111111111111111111111111111111111@1111111111111111111111111111a1111111111111111111a111111111
36287,harshil,111
36288,harshil,111111111111111111111111111111111111111111@1111111111111111111111111111a1111111111111111111a111111111
36289,harshil,1
36290,harshil,1
36291,harshil,1
36292,harshil,111111111111111111111111111111111111111111@1111111111111111111111111111a1111111111111111111a111111111
36293,harshil,111
36294,harshil,111111111111111111111111111111111111111111@1111111111111111111111111111a1111111111111111111a111111111
36295,harshil,1
36296,harshil,1
36297,harshil,1
36298,harshil,111111111111111111111111111111111111111111@1111111111111111111111111111a1111111111111111111a111111111
36299,harshil,111
36300,harshil,111111111111111111111111111111111111111111@1111111111111111111111111111a1111111111111111111a111111111
36301,harshil,1
36302,harshil,1
36303,harshil,1
36304,harshil,111111111111111111111111111111111111111111@1111111111111111111111111111a1111111111111111111a111111111
36305,harshil,111
36306,harshil,111111111111111111111111111111111111111111@1111111111111111111111111111a1111111111111111111a111111111
36307,harshil,1
36308,harshil,1
36309,harshil,1
36310,harshil,111111111111111111111111111111111111111111@1111111111111111111111111111a1111111111111111111a111111111
36311,harshil,111
36312,harshil,111111111111111111111111111111111111111111@1111111111111111111111111111a1111111111111111111a111111111
36313,harshil,1
36314,harshil,1
36315,harshil,1
36316,harshil,111111111111111111111111111111111111111111@1111111111111111111111111111a1111111111111111111a111111111
36317,harshil,111
36318,harshil,111111111111111111111111111111111111111111@1111111111111111111111111111a1111111111111111111a111111111
36319,harshil,1
36320,harshil,1
36321,harshil,1
36322,harshil,111111111111111111111111111111111111111111@1111111111111111111111111111a1111111111111111111a111111111
36323,harshil,111
36324,harshil,111111111111111111111111111111111111111111@1111111111111111111111111111a1111111111111111111a111111111
36325,harshil,1
36326,harshil,1
36327,harshil,1
36328,harshil,111111111111111111111111111111111111111111@1111111111111111111111111111a1111111111111111111a111111111
36329,harshil,111
36330,harshil,111111111111111111111111111111111111111111@1111111111111111111111111111a1111111111111111111a111111111
36331,harshil,1
36332,harshil,1
36333,harshil,1
36334,harshil,111111111111111111111111111111111111111111@1111111111111111111111111111a1111111111111111111a111111111
36335,harshil,111
36336,harshil,111111111111111111111111111111111111111111@1111111111111111111111111111a1111111111111111111a111111111
36337,harshil,1
36338,harshil,1
36339,harshil,1
36340,harshil,111111111111111111111111111111111111111111@1111111111111111111111111111a1111111111111111111a111111111
36341,harshil,111
36342,harshil,111111111111111111111111111111111111111111@1111111111111111111111111111a1111111111111111111a111111111
36343,harshil,1
36344,harshil,1
36345,harshil,1
36346,harshil,111111111111111111111111111111111111111111@1111111111111111111111111111a1111111111111111111a111111111
36347,harshil,111
36348,harshil,111111111111111111111111111111111111111111@1111111111111111111111111111a1111111111111111111a111111111
36349,harshil,1
36350,harshil,1
36351,harshil,1
36352,harshil,111111111111111111111111111111111111111111@1111111111111111111111111111a1111111111111111111a111111111
36353,harshil,111
36354,harshil,111111111111111111111111111111111111111111@1111111111111111111111111111a1111111111111111111a111111111
36355,harshil,1
36356,harshil,1
36357,harshil,1
36358,harshil,111111111111111111111111111111111111111111@1111111111111111111111111111a1111111111111111111a111111111
36359,harshil,111
36360,harshil,111111111111111111111111111111111111111111@1111111111111111111111111111a1111111111111111111a111111111
36361,harshil,1
36362,harshil,1
36363,harshil,1
36364,harshil,111111111111111111111111111111111111111111@1111111111111111111111111111a1111111111111111111a111111111
36365,harshil,111
36366,harshil,111111111111111111111111111111111111111111@1111111111111111111111111111a1111111111111111111a111111111
36367,harshil,1
36368,harshil,1
36369,harshil,1
36370,harshil,111111111111111111111111111111111111111111@1111111111111111111111111111a1111111111111111111a111111111
36371,harshil,111
36372,harshil,111111111111111111111111111111111111111111@1111111111111111111111111111a1111111111111111111a111111111
36373,harshil,1
36374,harshil,1
36375,harshil,1
36376,harshil,111111111111111111111111111111111111111111@1111111111111111111111111111a1111111111111111111a111111111
36377,harshil,111
36378,harshil,111111111111111111111111111111111111111111@1111111111111111111111111111a1111111111111111111a111111111
36379,harshil,1
36380,harshil,1
36381,harshil,1
36382,harshil,111111111111111111111111111111111111111111@1111111111111111111111111111a1111111111111111111a111111111
36383,harshil,111
36384,harshil,111111111111111111111111111111111111111111@1111111111111111111111111111a1111111111111111111a111111111
36385,harshil,1
36386,harshil,1
36387,harshil,1
36388,harshil,111111111111111111111111111111111111111111@1111111111111111111111111111a1111111111111111111a111111111
36389,harshil,111
36390,harshil,111111111111111111111111111111111111111111@1111111111111111111111111111a1111111111111111111a111111111
36391,harshil,1
36392,harshil,1
36393,harshil,1
36394,harshil,111111111111111111111111111111111111111111@1111111111111111111111111111a1111111111111111111a111111111
36395,harshil,111
36396,harshil,111111111111111111111111111111111111111111@1111111111111111111111111111a1111111111111111111a111111111
36397,harshil,1
36398,harshil,1
36399,harshil,1
36400,harshil,111111111111111111111111111111111111111111@1111111111111111111111111111a1111111111111111111a111111111
36401,harshil,111
36402,harshil,111111111111111111111111111111111111111111@1111111111111111111111111111a1111111111111111111a111111111
36403,harshil,1
36404,harshil,1
36405,harshil,1
36406,harshil,111111111111111111111111111111111111111111@1111111111111111111111111111a1111111111111111111a111111111
36407,harshil,111
36408,harshil,111111111111111111111111111111111111111111@1111111111111111111111111111a1111111111111111111a111111111
36409,harshil,1
36410,harshil,1
36411,harshil,1
36412,harshil,111111111111111111111111111111111111111111@1111111111111111111111111111a1111111111111111111a111111111
36413,harshil,111
36414,harshil,111111111111111111111111111111111111111111@1111111111111111111111111111a1111111111111111111a111111111
36415,harshil,1
36416,harshil,1
36417,harshil,1
36418,harshil,111111111111111111111111111111111111111111@1111111111111111111111111111a1111111111111111111a111111111
36419,harshil,111
36420,harshil,111111111111111111111111111111111111111111@1111111111111111111111111111a1111111111111111111a111111111
36421,harshil,1
36422,harshil,1
36423,harshil,1
36424,harshil,111111111111111111111111111111111111111111@1111111111111111111111111111a1111111111111111111a111111111
36425,harshil,111
36426,harshil,111111111111111111111111111111111111111111@1111111111111111111111111111a1111111111111111111a111111111
36427,harshil,1
36428,harshil,1
36429,harshil,1
36430,harshil,111111111111111111111111111111111111111111@1111111111111111111111111111a1111111111111111111a111111111
36431,harshil,111
36432,harshil,111111111111111111111111111111111111111111@1111111111111111111111111111a1111111111111111111a111111111
36433,harshil,1
36434,harshil,1
36435,harshil,1
36436,harshil,111111111111111111111111111111111111111111@1111111111111111111111111111a1111111111111111111a111111111
36437,harshil,111
36438,harshil,111111111111111111111111111111111111111111@1111111111111111111111111111a1111111111111111111a111111111
36439,harshil,1
36440,harshil,1
36441,harshil,1
36442,harshil,111111111111111111111111111111111111111111@1111111111111111111111111111a1111111111111111111a111111111
36443,harshil,111
36444,harshil,111111111111111111111111111111111111111111@1111111111111111111111111111a1111111111111111111a111111111
36445,harshil,1
36446,harshil,1
36447,harshil,1
36448,harshil,111111111111111111111111111111111111111111@1111111111111111111111111111a1111111111111111111a111111111
36449,harshil,111
36450,harshil,111111111111111111111111111111111111111111@1111111111111111111111111111a1111111111111111111a111111111
36451,harshil,1
36452,harshil,1
36453,harshil,1
36454,harshil,111111111111111111111111111111111111111111@1111111111111111111111111111a1111111111111111111a111111111
36455,harshil,111
36456,harshil,111111111111111111111111111111111111111111@1111111111111111111111111111a1111111111111111111a111111111
36457,harshil,1
36458,harshil,1
36459,harshil,1
36460,harshil,111111111111111111111111111111111111111111@1111111111111111111111111111a1111111111111111111a111111111
36461,harshil,111
36462,harshil,111111111111111111111111111111111111111111@1111111111111111111111111111a1111111111111111111a111111111
36463,harshil,1
36464,harshil,1
36465,harshil,1
36466,harshil,111111111111111111111111111111111111111111@1111111111111111111111111111a1111111111111111111a111111111
36467,harshil,111
36468,harshil,111111111111111111111111111111111111111111@1111111111111111111111111111a1111111111111111111a111111111
36469,harshil,1
36470,harshil,1
36471,harshil,1
36472,harshil,111111111111111111111111111111111111111111@1111111111111111111111111111a1111111111111111111a111111111
36473,harshil,111
36474,harshil,111111111111111111111111111111111111111111@1111111111111111111111111111a1111111111111111111a111111111
36475,harshil,1
36476,harshil,1
36477,harshil,1
36478,harshil,111111111111111111111111111111111111111111@1111111111111111111111111111a1111111111111111111a111111111
36479,harshil,111
36480,harshil,111111111111111111111111111111111111111111@1111111111111111111111111111a1111111111111111111a111111111
36481,harshil,1
36482,harshil,1
36483,harshil,1
36484,harshil,111111111111111111111111111111111111111111@1111111111111111111111111111a1111111111111111111a111111111
36485,harshil,111
36486,harshil,111111111111111111111111111111111111111111@1111111111111111111111111111a1111111111111111111a111111111
36487,harshil,1
36488,harshil,1
36489,harshil,1
36490,harshil,111111111111111111111111111111111111111111@1111111111111111111111111111a1111111111111111111a111111111
36491,harshil,111
36492,harshil,111111111111111111111111111111111111111111@1111111111111111111111111111a1111111111111111111a111111111
36493,harshil,1
36494,harshil,1
36495,harshil,1
36496,harshil,111111111111111111111111111111111111111111@1111111111111111111111111111a1111111111111111111a111111111
36497,harshil,111
36498,harshil,111111111111111111111111111111111111111111@1111111111111111111111111111a1111111111111111111a111111111
36499,harshil,1
36500,harshil,1
36501,harshil,1
36502,harshil,111111111111111111111111111111111111111111@1111111111111111111111111111a1111111111111111111a111111111
36503,harshil,111
36504,harshil,111111111111111111111111111111111111111111@1111111111111111111111111111a1111111111111111111a111111111
36505,harshil,1
36506,harshil,1
36507,harshil,1
36508,harshil,111111111111111111111111111111111111111111@1111111111111111111111111111a1111111111111111111a111111111
36509,harshil,111
36510,harshil,111111111111111111111111111111111111111111@1111111111111111111111111111a1111111111111111111a111111111
36511,harshil,1
36512,harshil,1
36513,harshil,1
36514,harshil,111111111111111111111111111111111111111111@1111111111111111111111111111a1111111111111111111a111111111
36515,harshil,111
36516,harshil,111111111111111111111111111111111111111111@1111111111111111111111111111a1111111111111111111a111111111
36517,harshil,1
36518,harshil,1
36519,harshil,1
36520,harshil,111111111111111111111111111111111111111111@1111111111111111111111111111a1111111111111111111a111111111
36521,harshil,111
36522,harshil,111111111111111111111111111111111111111111@1111111111111111111111111111a1111111111111111111a111111111
36523,harshil,1
36524,harshil,1
36525,harshil,1
36526,harshil,111111111111111111111111111111111111111111@1111111111111111111111111111a1111111111111111111a111111111
36527,harshil,111
36528,harshil,111111111111111111111111111111111111111111@1111111111111111111111111111a1111111111111111111a111111111
36529,harshil,1
36530,harshil,1
36531,harshil,1
36532,harshil,111111111111111111111111111111111111111111@1111111111111111111111111111a1111111111111111111a111111111
36533,harshil,111
36534,harshil,111111111111111111111111111111111111111111@1111111111111111111111111111a1111111111111111111a111111111
36535,harshil,1
36536,harshil,1
36537,harshil,1
36538,harshil,111111111111111111111111111111111111111111@1111111111111111111111111111a1111111111111111111a111111111
36539,harshil,111
36540,harshil,111111111111111111111111111111111111111111@1111111111111111111111111111a1111111111111111111a111111111
36541,harshil,1
36542,harshil,1
36543,harshil,1
36544,harshil,111111111111111111111111111111111111111111@1111111111111111111111111111a1111111111111111111a111111111
36545,harshil,111
36546,harshil,111111111111111111111111111111111111111111@1111111111111111111111111111a1111111111111111111a111111111
36547,harshil,1
36548,harshil,1
36549,harshil,1
36550,harshil,111111111111111111111111111111111111111111@1111111111111111111111111111a1111111111111111111a111111111
36551,harshil,111
36552,harshil,111111111111111111111111111111111111111111@1111111111111111111111111111a1111111111111111111a111111111
36553,harshil,1
36554,harshil,1
36555,harshil,1
36556,harshil,111111111111111111111111111111111111111111@1111111111111111111111111111a1111111111111111111a111111111
36557,harshil,111
36558,harshil,111111111111111111111111111111111111111111@1111111111111111111111111111a1111111111111111111a111111111
36559,harshil,1
36560,harshil,1
36561,harshil,1
36562,harshil,111111111111111111111111111111111111111111@1111111111111111111111111111a1111111111111111111a111111111
36563,harshil,111
36564,harshil,111111111111111111111111111111111111111111@1111111111111111111111111111a1111111111111111111a111111111
36565,harshil,1
36566,harshil,1
36567,harshil,1
36568,harshil,111111111111111111111111111111111111111111@1111111111111111111111111111a1111111111111111111a111111111
36569,harshil,111
36570,harshil,111111111111111111111111111111111111111111@1111111111111111111111111111a1111111111111111111a111111111
36571,harshil,1
36572,harshil,1
36573,harshil,1
36574,harshil,111111111111111111111111111111111111111111@1111111111111111111111111111a1111111111111111111a111111111
36575,harshil,111
36576,harshil,111111111111111111111111111111111111111111@1111111111111111111111111111a1111111111111111111a111111111
36577,harshil,1
36578,harshil,1
36579,harshil,1
36580,harshil,111111111111111111111111111111111111111111@1111111111111111111111111111a1111111111111111111a111111111
36581,harshil,111
36582,harshil,111111111111111111111111111111111111111111@1111111111111111111111111111a1111111111111111111a111111111
36583,harshil,1
36584,harshil,1
36585,harshil,1
36586,harshil,111111111111111111111111111111111111111111@1111111111111111111111111111a1111111111111111111a111111111
36587,harshil,111
36588,harshil,111111111111111111111111111111111111111111@1111111111111111111111111111a1111111111111111111a111111111
36589,harshil,1
36590,harshil,1
36591,harshil,1
36592,harshil,111111111111111111111111111111111111111111@1111111111111111111111111111a1111111111111111111a111111111
36593,harshil,111
36594,harshil,111111111111111111111111111111111111111111@1111111111111111111111111111a1111111111111111111a111111111
36595,harshil,1
36596,harshil,1
36597,harshil,1
36598,harshil,111111111111111111111111111111111111111111@1111111111111111111111111111a1111111111111111111a111111111
36599,harshil,111
36600,harshil,111111111111111111111111111111111111111111@1111111111111111111111111111a1111111111111111111a111111111
36601,harshil,1
36602,harshil,1
36603,harshil,1
36604,harshil,111111111111111111111111111111111111111111@1111111111111111111111111111a1111111111111111111a111111111
36605,harshil,111
36606,harshil,111111111111111111111111111111111111111111@1111111111111111111111111111a1111111111111111111a111111111
36607,harshil,1
36608,harshil,1
36609,harshil,1
36610,harshil,111111111111111111111111111111111111111111@1111111111111111111111111111a1111111111111111111a111111111
36611,harshil,111
36612,harshil,111111111111111111111111111111111111111111@1111111111111111111111111111a1111111111111111111a111111111
36613,harshil,1
36614,harshil,1
36615,harshil,1
36616,harshil,111111111111111111111111111111111111111111@1111111111111111111111111111a1111111111111111111a111111111
36617,harshil,111
36618,harshil,111111111111111111111111111111111111111111@1111111111111111111111111111a1111111111111111111a111111111
36619,harshil,1
36620,harshil,1
36621,harshil,1
36622,harshil,111111111111111111111111111111111111111111@1111111111111111111111111111a1111111111111111111a111111111
36623,harshil,111
36624,harshil,111111111111111111111111111111111111111111@1111111111111111111111111111a1111111111111111111a111111111
36625,harshil,1
36626,harshil,1
36627,harshil,1
36628,harshil,111111111111111111111111111111111111111111@1111111111111111111111111111a1111111111111111111a111111111
36629,harshil,111
36630,harshil,111111111111111111111111111111111111111111@1111111111111111111111111111a1111111111111111111a111111111
36631,harshil,1
36632,harshil,1
36633,harshil,1
36634,harshil,111111111111111111111111111111111111111111@1111111111111111111111111111a1111111111111111111a111111111
36635,harshil,111
36636,harshil,111111111111111111111111111111111111111111@1111111111111111111111111111a1111111111111111111a111111111
36637,harshil,1
36638,harshil,1
36639,harshil,1
36640,harshil,111111111111111111111111111111111111111111@1111111111111111111111111111a1111111111111111111a111111111
36641,harshil,111
36642,harshil,111111111111111111111111111111111111111111@1111111111111111111111111111a1111111111111111111a111111111
36643,harshil,1
36644,harshil,1
36645,harshil,1
36646,harshil,111111111111111111111111111111111111111111@1111111111111111111111111111a1111111111111111111a111111111
36647,harshil,111
36648,harshil,111111111111111111111111111111111111111111@1111111111111111111111111111a1111111111111111111a111111111
36649,harshil,1
36650,harshil,1
36651,harshil,1
36652,harshil,111111111111111111111111111111111111111111@1111111111111111111111111111a1111111111111111111a111111111
36653,harshil,111
36654,harshil,111111111111111111111111111111111111111111@1111111111111111111111111111a1111111111111111111a111111111
36655,harshil,1
36656,harshil,1
36657,harshil,1
36658,harshil,111111111111111111111111111111111111111111@1111111111111111111111111111a1111111111111111111a111111111
36659,harshil,111
36660,harshil,111111111111111111111111111111111111111111@1111111111111111111111111111a1111111111111111111a111111111
36661,harshil,1
36662,harshil,1
36663,harshil,1
36664,harshil,111111111111111111111111111111111111111111@1111111111111111111111111111a1111111111111111111a111111111
36665,harshil,111
36666,harshil,111111111111111111111111111111111111111111@1111111111111111111111111111a1111111111111111111a111111111
36667,harshil,1
36668,harshil,1
36669,harshil,1
36670,harshil,111111111111111111111111111111111111111111@1111111111111111111111111111a1111111111111111111a111111111
36671,harshil,111
36672,harshil,111111111111111111111111111111111111111111@1111111111111111111111111111a1111111111111111111a111111111
36673,harshil,1
36674,harshil,1
36675,harshil,1
36676,harshil,111111111111111111111111111111111111111111@1111111111111111111111111111a1111111111111111111a111111111
36677,harshil,111
36678,harshil,111111111111111111111111111111111111111111@1111111111111111111111111111a1111111111111111111a111111111
36679,harshil,1
36680,harshil,1
36681,harshil,1
36682,harshil,111111111111111111111111111111111111111111@1111111111111111111111111111a1111111111111111111a111111111
36683,harshil,111
36684,harshil,111111111111111111111111111111111111111111@1111111111111111111111111111a1111111111111111111a111111111
36685,harshil,1
36686,harshil,1
36687,harshil,1
36688,harshil,111111111111111111111111111111111111111111@1111111111111111111111111111a1111111111111111111a111111111
36689,harshil,111
36690,harshil,111111111111111111111111111111111111111111@1111111111111111111111111111a1111111111111111111a111111111
36691,harshil,1
36692,harshil,1
36693,harshil,1
36694,harshil,111111111111111111111111111111111111111111@1111111111111111111111111111a1111111111111111111a111111111
36695,harshil,111
36696,harshil,111111111111111111111111111111111111111111@1111111111111111111111111111a1111111111111111111a111111111
36697,harshil,1
36698,harshil,1
36699,harshil,1
36700,harshil,111111111111111111111111111111111111111111@1111111111111111111111111111a1111111111111111111a111111111
36701,harshil,111
36702,harshil,111111111111111111111111111111111111111111@1111111111111111111111111111a1111111111111111111a111111111
36703,harshil,1
36704,harshil,1
36705,harshil,1
36706,harshil,111111111111111111111111111111111111111111@1111111111111111111111111111a1111111111111111111a111111111
36707,harshil,111
36708,harshil,111111111111111111111111111111111111111111@1111111111111111111111111111a1111111111111111111a111111111
36709,harshil,1
36710,harshil,1
36711,harshil,1
36712,harshil,111111111111111111111111111111111111111111@1111111111111111111111111111a1111111111111111111a111111111
36713,harshil,111
36714,harshil,111111111111111111111111111111111111111111@1111111111111111111111111111a1111111111111111111a111111111
36715,harshil,1
36716,harshil,1
36717,harshil,1
36718,harshil,111111111111111111111111111111111111111111@1111111111111111111111111111a1111111111111111111a111111111
36719,harshil,111
36720,harshil,111111111111111111111111111111111111111111@1111111111111111111111111111a1111111111111111111a111111111
36721,harshil,1
36722,harshil,1
36723,harshil,1
36724,harshil,111111111111111111111111111111111111111111@1111111111111111111111111111a1111111111111111111a111111111
36725,harshil,111
36726,harshil,111111111111111111111111111111111111111111@1111111111111111111111111111a1111111111111111111a111111111
36727,harshil,1
36728,harshil,1
36729,harshil,1
36730,harshil,111111111111111111111111111111111111111111@1111111111111111111111111111a1111111111111111111a111111111
36731,harshil,111
36732,harshil,111111111111111111111111111111111111111111@1111111111111111111111111111a1111111111111111111a111111111
36733,harshil,1
36734,harshil,1
36735,harshil,1
36736,harshil,111111111111111111111111111111111111111111@1111111111111111111111111111a1111111111111111111a111111111
36737,harshil,111
36738,harshil,111111111111111111111111111111111111111111@1111111111111111111111111111a1111111111111111111a111111111
36739,harshil,1
36740,harshil,1
36741,harshil,1
36742,harshil,111111111111111111111111111111111111111111@1111111111111111111111111111a1111111111111111111a111111111
36743,harshil,111
36744,harshil,111111111111111111111111111111111111111111@1111111111111111111111111111a1111111111111111111a111111111
36745,harshil,1
36746,harshil,1
36747,harshil,1
36748,harshil,111111111111111111111111111111111111111111@1111111111111111111111111111a1111111111111111111a111111111
36749,harshil,111
36750,harshil,111111111111111111111111111111111111111111@1111111111111111111111111111a1111111111111111111a111111111
36751,harshil,1
36752,harshil,1
36753,harshil,1
36754,harshil,111111111111111111111111111111111111111111@1111111111111111111111111111a1111111111111111111a111111111
36755,harshil,111
36756,harshil,111111111111111111111111111111111111111111@1111111111111111111111111111a1111111111111111111a111111111
36757,harshil,1
36758,harshil,1
36759,harshil,1
36760,harshil,111111111111111111111111111111111111111111@1111111111111111111111111111a1111111111111111111a111111111
36761,harshil,111
36762,harshil,111111111111111111111111111111111111111111@1111111111111111111111111111a1111111111111111111a111111111
36763,harshil,1
36764,harshil,1
36765,harshil,1
36766,harshil,111111111111111111111111111111111111111111@1111111111111111111111111111a1111111111111111111a111111111
36767,harshil,111
36768,harshil,111111111111111111111111111111111111111111@1111111111111111111111111111a1111111111111111111a111111111
36769,harshil,1
36770,harshil,1
36771,harshil,1
36772,harshil,111111111111111111111111111111111111111111@1111111111111111111111111111a1111111111111111111a111111111
36773,harshil,111
36774,harshil,111111111111111111111111111111111111111111@1111111111111111111111111111a1111111111111111111a111111111
36775,harshil,1
36776,harshil,1
36777,harshil,1
36778,harshil,111111111111111111111111111111111111111111@1111111111111111111111111111a1111111111111111111a111111111
36779,harshil,111
36780,harshil,111111111111111111111111111111111111111111@1111111111111111111111111111a1111111111111111111a111111111
36781,harshil,1
36782,harshil,1
36783,harshil,1
36784,harshil,111111111111111111111111111111111111111111@1111111111111111111111111111a1111111111111111111a111111111
36785,harshil,111
36786,harshil,111111111111111111111111111111111111111111@1111111111111111111111111111a1111111111111111111a111111111
36787,harshil,1
36788,harshil,1
36789,harshil,1
36790,harshil,111111111111111111111111111111111111111111@1111111111111111111111111111a1111111111111111111a111111111
36791,harshil,111
36792,harshil,111111111111111111111111111111111111111111@1111111111111111111111111111a1111111111111111111a111111111
36793,harshil,1
36794,harshil,1
36795,harshil,1
36796,harshil,111111111111111111111111111111111111111111@1111111111111111111111111111a1111111111111111111a111111111
36797,harshil,111
36798,harshil,111111111111111111111111111111111111111111@1111111111111111111111111111a1111111111111111111a111111111
36799,harshil,1
36800,harshil,1
36801,harshil,1
36802,harshil,111111111111111111111111111111111111111111@1111111111111111111111111111a1111111111111111111a111111111
36803,harshil,111
36804,harshil,111111111111111111111111111111111111111111@1111111111111111111111111111a1111111111111111111a111111111
36805,harshil,1
36806,harshil,1
36807,harshil,1
36808,harshil,111111111111111111111111111111111111111111@1111111111111111111111111111a1111111111111111111a111111111
36809,harshil,111
36810,harshil,111111111111111111111111111111111111111111@1111111111111111111111111111a1111111111111111111a111111111
36811,harshil,1
36812,harshil,1
36813,harshil,1
36814,harshil,111111111111111111111111111111111111111111@1111111111111111111111111111a1111111111111111111a111111111
36815,harshil,111
36816,harshil,111111111111111111111111111111111111111111@1111111111111111111111111111a1111111111111111111a111111111
36817,harshil,1
36818,harshil,1
36819,harshil,1
36820,harshil,111111111111111111111111111111111111111111@1111111111111111111111111111a1111111111111111111a111111111
36821,harshil,111
36822,harshil,111111111111111111111111111111111111111111@1111111111111111111111111111a1111111111111111111a111111111
36823,harshil,1
36824,harshil,1
36825,harshil,1
36826,harshil,111111111111111111111111111111111111111111@1111111111111111111111111111a1111111111111111111a111111111
36827,harshil,111
36828,harshil,111111111111111111111111111111111111111111@1111111111111111111111111111a1111111111111111111a111111111
36829,harshil,1
36830,harshil,1
36831,harshil,1
36832,harshil,111111111111111111111111111111111111111111@1111111111111111111111111111a1111111111111111111a111111111
36833,harshil,111
36834,harshil,111111111111111111111111111111111111111111@1111111111111111111111111111a1111111111111111111a111111111
36835,harshil,1
36836,harshil,1
36837,harshil,1
36838,harshil,111111111111111111111111111111111111111111@1111111111111111111111111111a1111111111111111111a111111111
36839,harshil,111
36840,harshil,111111111111111111111111111111111111111111@1111111111111111111111111111a1111111111111111111a111111111
36841,harshil,1
36842,harshil,1
36843,harshil,1
36844,harshil,111111111111111111111111111111111111111111@1111111111111111111111111111a1111111111111111111a111111111
36845,harshil,111
36846,harshil,111111111111111111111111111111111111111111@1111111111111111111111111111a1111111111111111111a111111111
36847,harshil,1
36848,harshil,1
36849,harshil,1
36850,harshil,111111111111111111111111111111111111111111@1111111111111111111111111111a1111111111111111111a111111111
36851,harshil,111
36852,harshil,111111111111111111111111111111111111111111@1111111111111111111111111111a1111111111111111111a111111111
36853,harshil,1
36854,harshil,1
36855,harshil,1
36856,harshil,111111111111111111111111111111111111111111@1111111111111111111111111111a1111111111111111111a111111111
36857,harshil,111
36858,harshil,111111111111111111111111111111111111111111@1111111111111111111111111111a1111111111111111111a111111111
36859,harshil,1
36860,harshil,1
36861,harshil,1
36862,harshil,111111111111111111111111111111111111111111@1111111111111111111111111111a1111111111111111111a111111111
36863,harshil,111
36864,harshil,111111111111111111111111111111111111111111@1111111111111111111111111111a1111111111111111111a111111111
36865,harshil,1
36866,harshil,1
36867,harshil,1
36868,harshil,111111111111111111111111111111111111111111@1111111111111111111111111111a1111111111111111111a111111111
36869,harshil,111
36870,harshil,111111111111111111111111111111111111111111@1111111111111111111111111111a1111111111111111111a111111111
36871,harshil,1
36872,harshil,1
36873,harshil,1
36874,harshil,111111111111111111111111111111111111111111@1111111111111111111111111111a1111111111111111111a111111111
36875,harshil,111
36876,harshil,111111111111111111111111111111111111111111@1111111111111111111111111111a1111111111111111111a111111111
36877,harshil,1
36878,harshil,1
36879,harshil,1
36880,harshil,111111111111111111111111111111111111111111@1111111111111111111111111111a1111111111111111111a111111111
36881,harshil,111
36882,harshil,111111111111111111111111111111111111111111@1111111111111111111111111111a1111111111111111111a111111111
36883,harshil,1
36884,harshil,1
36885,harshil,1
36886,harshil,111111111111111111111111111111111111111111@1111111111111111111111111111a1111111111111111111a111111111
36887,harshil,111
36888,harshil,111111111111111111111111111111111111111111@1111111111111111111111111111a1111111111111111111a111111111
36889,harshil,1
36890,harshil,1
36891,harshil,1
36892,harshil,111111111111111111111111111111111111111111@1111111111111111111111111111a1111111111111111111a111111111
36893,harshil,111
36894,harshil,111111111111111111111111111111111111111111@1111111111111111111111111111a1111111111111111111a111111111
36895,harshil,1
36896,harshil,1
36897,harshil,1
36898,harshil,111111111111111111111111111111111111111111@1111111111111111111111111111a1111111111111111111a111111111
36899,harshil,111
36900,harshil,111111111111111111111111111111111111111111@1111111111111111111111111111a1111111111111111111a111111111
36901,harshil,1
36902,harshil,1
36903,harshil,1
36904,harshil,111111111111111111111111111111111111111111@1111111111111111111111111111a1111111111111111111a111111111
36905,harshil,111
36906,harshil,111111111111111111111111111111111111111111@1111111111111111111111111111a1111111111111111111a111111111
36907,harshil,1
36908,harshil,1
36909,harshil,1
36910,harshil,111111111111111111111111111111111111111111@1111111111111111111111111111a1111111111111111111a111111111
36911,harshil,111
36912,harshil,111111111111111111111111111111111111111111@1111111111111111111111111111a1111111111111111111a111111111
36913,harshil,1
36914,harshil,1
36915,harshil,1
36916,harshil,111111111111111111111111111111111111111111@1111111111111111111111111111a1111111111111111111a111111111
36917,harshil,111
36918,harshil,111111111111111111111111111111111111111111@1111111111111111111111111111a1111111111111111111a111111111
36919,harshil,1
36920,harshil,1
36921,harshil,1
36922,harshil,111111111111111111111111111111111111111111@1111111111111111111111111111a1111111111111111111a111111111
36923,harshil,111
36924,harshil,111111111111111111111111111111111111111111@1111111111111111111111111111a1111111111111111111a111111111
36925,harshil,1
36926,harshil,1
36927,harshil,1
36928,harshil,111111111111111111111111111111111111111111@1111111111111111111111111111a1111111111111111111a111111111
36929,harshil,111
36930,harshil,111111111111111111111111111111111111111111@1111111111111111111111111111a1111111111111111111a111111111
36931,harshil,1
36932,harshil,1
36933,harshil,1
36934,harshil,111111111111111111111111111111111111111111@1111111111111111111111111111a1111111111111111111a111111111
36935,harshil,111
36936,harshil,111111111111111111111111111111111111111111@1111111111111111111111111111a1111111111111111111a111111111
36937,harshil,1
36938,harshil,1
36939,harshil,1
36940,harshil,111111111111111111111111111111111111111111@1111111111111111111111111111a1111111111111111111a111111111
36941,harshil,111
36942,harshil,111111111111111111111111111111111111111111@1111111111111111111111111111a1111111111111111111a111111111
36943,harshil,1
36944,harshil,1
36945,harshil,1
36946,harshil,111111111111111111111111111111111111111111@1111111111111111111111111111a1111111111111111111a111111111
36947,harshil,111
36948,harshil,111111111111111111111111111111111111111111@1111111111111111111111111111a1111111111111111111a111111111
36949,harshil,1
36950,harshil,1
36951,harshil,1
36952,harshil,111111111111111111111111111111111111111111@1111111111111111111111111111a1111111111111111111a111111111
36953,harshil,111
36954,harshil,111111111111111111111111111111111111111111@1111111111111111111111111111a1111111111111111111a111111111
36955,harshil,1
36956,harshil,1
36957,harshil,1
36958,harshil,111111111111111111111111111111111111111111@1111111111111111111111111111a1111111111111111111a111111111
36959,harshil,111
36960,harshil,111111111111111111111111111111111111111111@1111111111111111111111111111a1111111111111111111a111111111
36961,harshil,1
36962,harshil,1
36963,harshil,1
36964,harshil,111111111111111111111111111111111111111111@1111111111111111111111111111a1111111111111111111a111111111
36965,harshil,111
36966,harshil,111111111111111111111111111111111111111111@1111111111111111111111111111a1111111111111111111a111111111
36967,harshil,1
36968,harshil,1
36969,harshil,1
36970,harshil,111111111111111111111111111111111111111111@1111111111111111111111111111a1111111111111111111a111111111
36971,harshil,111
36972,harshil,111111111111111111111111111111111111111111@1111111111111111111111111111a1111111111111111111a111111111
36973,harshil,1
36974,harshil,1
36975,harshil,1
36976,harshil,111111111111111111111111111111111111111111@1111111111111111111111111111a1111111111111111111a111111111
36977,harshil,111
36978,harshil,111111111111111111111111111111111111111111@1111111111111111111111111111a1111111111111111111a111111111
36979,harshil,1
36980,harshil,1
36981,harshil,1
36982,harshil,111111111111111111111111111111111111111111@1111111111111111111111111111a1111111111111111111a111111111
36983,harshil,111
36984,harshil,111111111111111111111111111111111111111111@1111111111111111111111111111a1111111111111111111a111111111
36985,harshil,1
36986,harshil,1
36987,harshil,1
36988,harshil,111111111111111111111111111111111111111111@1111111111111111111111111111a1111111111111111111a111111111
36989,harshil,111
36990,harshil,111111111111111111111111111111111111111111@1111111111111111111111111111a1111111111111111111a111111111
36991,harshil,1
36992,harshil,1
36993,harshil,1
36994,harshil,111111111111111111111111111111111111111111@1111111111111111111111111111a1111111111111111111a111111111
36995,harshil,111
36996,harshil,111111111111111111111111111111111111111111@1111111111111111111111111111a1111111111111111111a111111111
36997,harshil,1
36998,harshil,1
36999,harshil,1
37000,harshil,111111111111111111111111111111111111111111@1111111111111111111111111111a1111111111111111111a111111111
37001,harshil,111
37002,harshil,111111111111111111111111111111111111111111@1111111111111111111111111111a1111111111111111111a111111111
37003,harshil,1
37004,harshil,1
37005,harshil,1
37006,harshil,111111111111111111111111111111111111111111@1111111111111111111111111111a1111111111111111111a111111111
37007,harshil,111
37008,harshil,111111111111111111111111111111111111111111@1111111111111111111111111111a1111111111111111111a111111111
37009,harshil,1
37010,harshil,1
37011,harshil,1
37012,harshil,111111111111111111111111111111111111111111@1111111111111111111111111111a1111111111111111111a111111111
37013,harshil,111
37014,harshil,111111111111111111111111111111111111111111@1111111111111111111111111111a1111111111111111111a111111111
37015,harshil,1
37016,harshil,1
37017,harshil,1
37018,harshil,111111111111111111111111111111111111111111@1111111111111111111111111111a1111111111111111111a111111111
37019,harshil,111
37020,harshil,111111111111111111111111111111111111111111@1111111111111111111111111111a1111111111111111111a111111111
37021,harshil,1
37022,harshil,1
37023,harshil,1
37024,harshil,111111111111111111111111111111111111111111@1111111111111111111111111111a1111111111111111111a111111111
37025,harshil,111
37026,harshil,111111111111111111111111111111111111111111@1111111111111111111111111111a1111111111111111111a111111111
37027,harshil,1
37028,harshil,1
37029,harshil,1
37030,harshil,111111111111111111111111111111111111111111@1111111111111111111111111111a1111111111111111111a111111111
37031,harshil,111
37032,harshil,111111111111111111111111111111111111111111@1111111111111111111111111111a1111111111111111111a111111111
37033,harshil,1
37034,harshil,1
37035,harshil,1
37036,harshil,111111111111111111111111111111111111111111@1111111111111111111111111111a1111111111111111111a111111111
37037,harshil,111
37038,harshil,111111111111111111111111111111111111111111@1111111111111111111111111111a1111111111111111111a111111111
37039,harshil,1
37040,harshil,1
37041,harshil,1
37042,harshil,111111111111111111111111111111111111111111@1111111111111111111111111111a1111111111111111111a111111111
37043,harshil,111
37044,harshil,111111111111111111111111111111111111111111@1111111111111111111111111111a1111111111111111111a111111111
37045,harshil,1
37046,harshil,1
37047,harshil,1
37048,harshil,111111111111111111111111111111111111111111@1111111111111111111111111111a1111111111111111111a111111111
37049,harshil,111
37050,harshil,111111111111111111111111111111111111111111@1111111111111111111111111111a1111111111111111111a111111111
37051,harshil,1
37052,harshil,1
37053,harshil,1
37054,harshil,111111111111111111111111111111111111111111@1111111111111111111111111111a1111111111111111111a111111111
37055,harshil,111
37056,harshil,111111111111111111111111111111111111111111@1111111111111111111111111111a1111111111111111111a111111111
37057,harshil,1
37058,harshil,1
37059,harshil,1
37060,harshil,111111111111111111111111111111111111111111@1111111111111111111111111111a1111111111111111111a111111111
37061,harshil,111
37062,harshil,111111111111111111111111111111111111111111@1111111111111111111111111111a1111111111111111111a111111111
37063,harshil,1
37064,harshil,1
37065,harshil,1
37066,harshil,111111111111111111111111111111111111111111@1111111111111111111111111111a1111111111111111111a111111111
37067,harshil,111
37068,harshil,111111111111111111111111111111111111111111@1111111111111111111111111111a1111111111111111111a111111111
37069,harshil,1
37070,harshil,1
37071,harshil,1
37072,harshil,111111111111111111111111111111111111111111@1111111111111111111111111111a1111111111111111111a111111111
37073,harshil,111
37074,harshil,111111111111111111111111111111111111111111@1111111111111111111111111111a1111111111111111111a111111111
37075,harshil,1
37076,harshil,1
37077,harshil,1
37078,harshil,111111111111111111111111111111111111111111@1111111111111111111111111111a1111111111111111111a111111111
37079,harshil,111
37080,harshil,111111111111111111111111111111111111111111@1111111111111111111111111111a1111111111111111111a111111111
37081,harshil,1
37082,harshil,1
37083,harshil,1
37084,harshil,111111111111111111111111111111111111111111@1111111111111111111111111111a1111111111111111111a111111111
37085,harshil,111
37086,harshil,111111111111111111111111111111111111111111@1111111111111111111111111111a1111111111111111111a111111111
37087,harshil,1
37088,harshil,1
37089,harshil,1
37090,harshil,111111111111111111111111111111111111111111@1111111111111111111111111111a1111111111111111111a111111111
37091,harshil,111
37092,harshil,111111111111111111111111111111111111111111@1111111111111111111111111111a1111111111111111111a111111111
37093,harshil,1
37094,harshil,1
37095,harshil,1
37096,harshil,111111111111111111111111111111111111111111@1111111111111111111111111111a1111111111111111111a111111111
37097,harshil,111
37098,harshil,111111111111111111111111111111111111111111@1111111111111111111111111111a1111111111111111111a111111111
37099,harshil,1
37100,harshil,1
37101,harshil,1
37102,harshil,111111111111111111111111111111111111111111@1111111111111111111111111111a1111111111111111111a111111111
37103,harshil,111
37104,harshil,111111111111111111111111111111111111111111@1111111111111111111111111111a1111111111111111111a111111111
37105,harshil,1
37106,harshil,1
37107,harshil,1
37108,harshil,111111111111111111111111111111111111111111@1111111111111111111111111111a1111111111111111111a111111111
37109,harshil,111
37110,harshil,111111111111111111111111111111111111111111@1111111111111111111111111111a1111111111111111111a111111111
37111,harshil,1
37112,harshil,1
37113,harshil,1
37114,harshil,111111111111111111111111111111111111111111@1111111111111111111111111111a1111111111111111111a111111111
37115,harshil,111
37116,harshil,111111111111111111111111111111111111111111@1111111111111111111111111111a1111111111111111111a111111111
37117,harshil,1
37118,harshil,1
37119,harshil,1
37120,harshil,111111111111111111111111111111111111111111@1111111111111111111111111111a1111111111111111111a111111111
37121,harshil,111
37122,harshil,111111111111111111111111111111111111111111@1111111111111111111111111111a1111111111111111111a111111111
37123,harshil,1
37124,harshil,1
37125,harshil,1
37126,harshil,111111111111111111111111111111111111111111@1111111111111111111111111111a1111111111111111111a111111111
37127,harshil,111
37128,harshil,111111111111111111111111111111111111111111@1111111111111111111111111111a1111111111111111111a111111111
37129,harshil,1
37130,harshil,1
37131,harshil,1
37132,harshil,111111111111111111111111111111111111111111@1111111111111111111111111111a1111111111111111111a111111111
37133,harshil,111
37134,harshil,111111111111111111111111111111111111111111@1111111111111111111111111111a1111111111111111111a111111111
37135,harshil,1
37136,harshil,1
37137,harshil,1
37138,harshil,111111111111111111111111111111111111111111@1111111111111111111111111111a1111111111111111111a111111111
37139,harshil,111
37140,harshil,111111111111111111111111111111111111111111@1111111111111111111111111111a1111111111111111111a111111111
37141,harshil,1
37142,harshil,1
37143,harshil,1
37144,harshil,111111111111111111111111111111111111111111@1111111111111111111111111111a1111111111111111111a111111111
37145,harshil,111
37146,harshil,111111111111111111111111111111111111111111@1111111111111111111111111111a1111111111111111111a111111111
37147,harshil,1
37148,harshil,1
37149,harshil,1
37150,harshil,111111111111111111111111111111111111111111@1111111111111111111111111111a1111111111111111111a111111111
37151,harshil,111
37152,harshil,111111111111111111111111111111111111111111@1111111111111111111111111111a1111111111111111111a111111111
37153,harshil,1
37154,harshil,1
37155,harshil,1
37156,harshil,111111111111111111111111111111111111111111@1111111111111111111111111111a1111111111111111111a111111111
37157,harshil,111
37158,harshil,111111111111111111111111111111111111111111@1111111111111111111111111111a1111111111111111111a111111111
37159,harshil,1
37160,harshil,1
37161,harshil,1
37162,harshil,111111111111111111111111111111111111111111@1111111111111111111111111111a1111111111111111111a111111111
37163,harshil,111
37164,harshil,111111111111111111111111111111111111111111@1111111111111111111111111111a1111111111111111111a111111111
37165,harshil,1
37166,harshil,1
37167,harshil,1
37168,harshil,111111111111111111111111111111111111111111@1111111111111111111111111111a1111111111111111111a111111111
37169,harshil,111
37170,harshil,111111111111111111111111111111111111111111@1111111111111111111111111111a1111111111111111111a111111111
37171,harshil,1
37172,harshil,1
37173,harshil,1
37174,harshil,111111111111111111111111111111111111111111@1111111111111111111111111111a1111111111111111111a111111111
37175,harshil,111
37176,harshil,111111111111111111111111111111111111111111@1111111111111111111111111111a1111111111111111111a111111111
37177,harshil,1
37178,harshil,1
37179,harshil,1
37180,harshil,111111111111111111111111111111111111111111@1111111111111111111111111111a1111111111111111111a111111111
37181,harshil,111
37182,harshil,111111111111111111111111111111111111111111@1111111111111111111111111111a1111111111111111111a111111111
37183,harshil,1
37184,harshil,1
37185,harshil,1
37186,harshil,111111111111111111111111111111111111111111@1111111111111111111111111111a1111111111111111111a111111111
37187,harshil,111
37188,harshil,111111111111111111111111111111111111111111@1111111111111111111111111111a1111111111111111111a111111111
37189,harshil,1
37190,harshil,1
37191,harshil,1
37192,harshil,111111111111111111111111111111111111111111@1111111111111111111111111111a1111111111111111111a111111111
37193,harshil,111
37194,harshil,111111111111111111111111111111111111111111@1111111111111111111111111111a1111111111111111111a111111111
37195,harshil,1
37196,harshil,1
37197,harshil,1
37198,harshil,111111111111111111111111111111111111111111@1111111111111111111111111111a1111111111111111111a111111111
37199,harshil,111
37200,harshil,111111111111111111111111111111111111111111@1111111111111111111111111111a1111111111111111111a111111111
37201,harshil,1
37202,harshil,1
37203,harshil,1
37204,harshil,111111111111111111111111111111111111111111@1111111111111111111111111111a1111111111111111111a111111111
37205,harshil,111
37206,harshil,111111111111111111111111111111111111111111@1111111111111111111111111111a1111111111111111111a111111111
37207,harshil,1
37208,harshil,1
37209,harshil,1
37210,harshil,111111111111111111111111111111111111111111@1111111111111111111111111111a1111111111111111111a111111111
37211,harshil,111
37212,harshil,111111111111111111111111111111111111111111@1111111111111111111111111111a1111111111111111111a111111111
37213,harshil,1
37214,harshil,1
37215,harshil,1
37216,harshil,111111111111111111111111111111111111111111@1111111111111111111111111111a1111111111111111111a111111111
37217,harshil,111
37218,harshil,111111111111111111111111111111111111111111@1111111111111111111111111111a1111111111111111111a111111111
37219,harshil,1
37220,harshil,1
37221,harshil,1
37222,harshil,111111111111111111111111111111111111111111@1111111111111111111111111111a1111111111111111111a111111111
37223,harshil,111
37224,harshil,111111111111111111111111111111111111111111@1111111111111111111111111111a1111111111111111111a111111111
37225,harshil,1
37226,harshil,1
37227,harshil,1
37228,harshil,111111111111111111111111111111111111111111@1111111111111111111111111111a1111111111111111111a111111111
37229,harshil,111
37230,harshil,111111111111111111111111111111111111111111@1111111111111111111111111111a1111111111111111111a111111111
37231,harshil,1
37232,harshil,1
37233,harshil,1
37234,harshil,111111111111111111111111111111111111111111@1111111111111111111111111111a1111111111111111111a111111111
37235,harshil,111
37236,harshil,111111111111111111111111111111111111111111@1111111111111111111111111111a1111111111111111111a111111111
37237,harshil,1
37238,harshil,1
37239,harshil,1
37240,harshil,111111111111111111111111111111111111111111@1111111111111111111111111111a1111111111111111111a111111111
37241,harshil,111
37242,harshil,111111111111111111111111111111111111111111@1111111111111111111111111111a1111111111111111111a111111111
37243,harshil,1
37244,harshil,1
37245,harshil,1
37246,harshil,111111111111111111111111111111111111111111@1111111111111111111111111111a1111111111111111111a111111111
37247,harshil,111
37248,harshil,111111111111111111111111111111111111111111@1111111111111111111111111111a1111111111111111111a111111111
37249,harshil,1
37250,harshil,1
37251,harshil,1
37252,harshil,111111111111111111111111111111111111111111@1111111111111111111111111111a1111111111111111111a111111111
37253,harshil,111
37254,harshil,111111111111111111111111111111111111111111@1111111111111111111111111111a1111111111111111111a111111111
37255,harshil,1
37256,harshil,1
37257,harshil,1
37258,harshil,111111111111111111111111111111111111111111@1111111111111111111111111111a1111111111111111111a111111111
37259,harshil,111
37260,harshil,111111111111111111111111111111111111111111@1111111111111111111111111111a1111111111111111111a111111111
37261,harshil,1
37262,harshil,1
37263,harshil,1
37264,harshil,111111111111111111111111111111111111111111@1111111111111111111111111111a1111111111111111111a111111111
37265,harshil,111
37266,harshil,111111111111111111111111111111111111111111@1111111111111111111111111111a1111111111111111111a111111111
37267,harshil,1
37268,harshil,1
37269,harshil,1
37270,harshil,111111111111111111111111111111111111111111@1111111111111111111111111111a1111111111111111111a111111111
37271,harshil,111
37272,harshil,111111111111111111111111111111111111111111@1111111111111111111111111111a1111111111111111111a111111111
37273,harshil,1
37274,harshil,1
37275,harshil,1
37276,harshil,111111111111111111111111111111111111111111@1111111111111111111111111111a1111111111111111111a111111111
37277,harshil,111
37278,harshil,111111111111111111111111111111111111111111@1111111111111111111111111111a1111111111111111111a111111111
37279,harshil,1
37280,harshil,1
37281,harshil,1
37282,harshil,111111111111111111111111111111111111111111@1111111111111111111111111111a1111111111111111111a111111111
37283,harshil,111
37284,harshil,111111111111111111111111111111111111111111@1111111111111111111111111111a1111111111111111111a111111111
37285,harshil,1
37286,harshil,1
37287,harshil,1
37288,harshil,111111111111111111111111111111111111111111@1111111111111111111111111111a1111111111111111111a111111111
37289,harshil,111
37290,harshil,111111111111111111111111111111111111111111@1111111111111111111111111111a1111111111111111111a111111111
37291,harshil,1
37292,harshil,1
37293,harshil,1
37294,harshil,111111111111111111111111111111111111111111@1111111111111111111111111111a1111111111111111111a111111111
37295,harshil,111
37296,harshil,111111111111111111111111111111111111111111@1111111111111111111111111111a1111111111111111111a111111111
37297,harshil,1
37298,harshil,1
37299,harshil,1
37300,harshil,111111111111111111111111111111111111111111@1111111111111111111111111111a1111111111111111111a111111111
37301,harshil,111
37302,harshil,111111111111111111111111111111111111111111@1111111111111111111111111111a1111111111111111111a111111111
37303,harshil,1
37304,harshil,1
37305,harshil,1
37306,harshil,111111111111111111111111111111111111111111@1111111111111111111111111111a1111111111111111111a111111111
37307,harshil,111
37308,harshil,111111111111111111111111111111111111111111@1111111111111111111111111111a1111111111111111111a111111111
37309,harshil,1
37310,harshil,1
37311,harshil,1
37312,harshil,111111111111111111111111111111111111111111@1111111111111111111111111111a1111111111111111111a111111111
37313,harshil,111
37314,harshil,111111111111111111111111111111111111111111@1111111111111111111111111111a1111111111111111111a111111111
37315,harshil,1
37316,harshil,1
37317,harshil,1
37318,harshil,111111111111111111111111111111111111111111@1111111111111111111111111111a1111111111111111111a111111111
37319,harshil,111
37320,harshil,111111111111111111111111111111111111111111@1111111111111111111111111111a1111111111111111111a111111111
37321,harshil,1
37322,harshil,1
37323,harshil,1
37324,harshil,111111111111111111111111111111111111111111@1111111111111111111111111111a1111111111111111111a111111111
37325,harshil,111
37326,harshil,111111111111111111111111111111111111111111@1111111111111111111111111111a1111111111111111111a111111111
37327,harshil,1
37328,harshil,1
37329,harshil,1
37330,harshil,111111111111111111111111111111111111111111@1111111111111111111111111111a1111111111111111111a111111111
37331,harshil,111
37332,harshil,111111111111111111111111111111111111111111@1111111111111111111111111111a1111111111111111111a111111111
37333,harshil,1
37334,harshil,1
37335,harshil,1
37336,harshil,111111111111111111111111111111111111111111@1111111111111111111111111111a1111111111111111111a111111111
37337,harshil,111
37338,harshil,111111111111111111111111111111111111111111@1111111111111111111111111111a1111111111111111111a111111111
37339,harshil,1
37340,harshil,1
37341,harshil,1
37342,harshil,111111111111111111111111111111111111111111@1111111111111111111111111111a1111111111111111111a111111111
37343,harshil,111
37344,harshil,111111111111111111111111111111111111111111@1111111111111111111111111111a1111111111111111111a111111111
37345,harshil,1
37346,harshil,1
37347,harshil,1
37348,harshil,111111111111111111111111111111111111111111@1111111111111111111111111111a1111111111111111111a111111111
37349,harshil,111
37350,harshil,111111111111111111111111111111111111111111@1111111111111111111111111111a1111111111111111111a111111111
37351,harshil,1
37352,harshil,1
37353,harshil,1
37354,harshil,111111111111111111111111111111111111111111@1111111111111111111111111111a1111111111111111111a111111111
37355,harshil,111
37356,harshil,111111111111111111111111111111111111111111@1111111111111111111111111111a1111111111111111111a111111111
37357,harshil,1
37358,harshil,1
37359,harshil,1
37360,harshil,111111111111111111111111111111111111111111@1111111111111111111111111111a1111111111111111111a111111111
37361,harshil,111
37362,harshil,111111111111111111111111111111111111111111@1111111111111111111111111111a1111111111111111111a111111111
37363,harshil,1
37364,harshil,1
37365,harshil,1
37366,harshil,111111111111111111111111111111111111111111@1111111111111111111111111111a1111111111111111111a111111111
37367,harshil,111
37368,harshil,111111111111111111111111111111111111111111@1111111111111111111111111111a1111111111111111111a111111111
37369,harshil,1
37370,harshil,1
37371,harshil,1
37372,harshil,111111111111111111111111111111111111111111@1111111111111111111111111111a1111111111111111111a111111111
37373,harshil,111
37374,harshil,111111111111111111111111111111111111111111@1111111111111111111111111111a1111111111111111111a111111111
37375,harshil,1
37376,harshil,1
37377,harshil,1
37378,harshil,111111111111111111111111111111111111111111@1111111111111111111111111111a1111111111111111111a111111111
37379,harshil,111
37380,harshil,111111111111111111111111111111111111111111@1111111111111111111111111111a1111111111111111111a111111111
37381,harshil,1
37382,harshil,1
37383,harshil,1
37384,harshil,111111111111111111111111111111111111111111@1111111111111111111111111111a1111111111111111111a111111111
37385,harshil,111
37386,harshil,111111111111111111111111111111111111111111@1111111111111111111111111111a1111111111111111111a111111111
37387,harshil,1
37388,harshil,1
37389,harshil,1
37390,harshil,111111111111111111111111111111111111111111@1111111111111111111111111111a1111111111111111111a111111111
37391,harshil,111
37392,harshil,111111111111111111111111111111111111111111@1111111111111111111111111111a1111111111111111111a111111111
37393,harshil,1
37394,harshil,1
37395,harshil,1
37396,harshil,111111111111111111111111111111111111111111@1111111111111111111111111111a1111111111111111111a111111111
37397,harshil,111
37398,harshil,111111111111111111111111111111111111111111@1111111111111111111111111111a1111111111111111111a111111111
37399,harshil,1
37400,harshil,1
37401,harshil,1
37402,harshil,111111111111111111111111111111111111111111@1111111111111111111111111111a1111111111111111111a111111111
37403,harshil,111
37404,harshil,111111111111111111111111111111111111111111@1111111111111111111111111111a1111111111111111111a111111111
37405,harshil,1
37406,harshil,1
37407,harshil,1
37408,harshil,111111111111111111111111111111111111111111@1111111111111111111111111111a1111111111111111111a111111111
37409,harshil,111
37410,harshil,111111111111111111111111111111111111111111@1111111111111111111111111111a1111111111111111111a111111111
37411,harshil,1
37412,harshil,1
37413,harshil,1
37414,harshil,111111111111111111111111111111111111111111@1111111111111111111111111111a1111111111111111111a111111111
37415,harshil,111
37416,harshil,111111111111111111111111111111111111111111@1111111111111111111111111111a1111111111111111111a111111111
37417,harshil,1
37418,harshil,1
37419,harshil,1
37420,harshil,111111111111111111111111111111111111111111@1111111111111111111111111111a1111111111111111111a111111111
37421,harshil,111
37422,harshil,111111111111111111111111111111111111111111@1111111111111111111111111111a1111111111111111111a111111111
37423,harshil,1
37424,harshil,1
37425,harshil,1
37426,harshil,111111111111111111111111111111111111111111@1111111111111111111111111111a1111111111111111111a111111111
37427,harshil,111
37428,harshil,111111111111111111111111111111111111111111@1111111111111111111111111111a1111111111111111111a111111111
37429,harshil,1
37430,harshil,1
37431,harshil,1
37432,harshil,111111111111111111111111111111111111111111@1111111111111111111111111111a1111111111111111111a111111111
37433,harshil,111
37434,harshil,111111111111111111111111111111111111111111@1111111111111111111111111111a1111111111111111111a111111111
37435,harshil,1
37436,harshil,1
37437,harshil,1
37438,harshil,111111111111111111111111111111111111111111@1111111111111111111111111111a1111111111111111111a111111111
37439,harshil,111
37440,harshil,111111111111111111111111111111111111111111@1111111111111111111111111111a1111111111111111111a111111111
37441,harshil,1
37442,harshil,1
37443,harshil,1
37444,harshil,111111111111111111111111111111111111111111@1111111111111111111111111111a1111111111111111111a111111111
37445,harshil,111
37446,harshil,111111111111111111111111111111111111111111@1111111111111111111111111111a1111111111111111111a111111111
37447,harshil,1
37448,harshil,1
37449,harshil,1
37450,harshil,111111111111111111111111111111111111111111@1111111111111111111111111111a1111111111111111111a111111111
37451,harshil,111
37452,harshil,111111111111111111111111111111111111111111@1111111111111111111111111111a1111111111111111111a111111111
37453,harshil,1
37454,harshil,1
37455,harshil,1
37456,harshil,111111111111111111111111111111111111111111@1111111111111111111111111111a1111111111111111111a111111111
37457,harshil,111
37458,harshil,111111111111111111111111111111111111111111@1111111111111111111111111111a1111111111111111111a111111111
37459,harshil,1
37460,harshil,1
37461,harshil,1
37462,harshil,111111111111111111111111111111111111111111@1111111111111111111111111111a1111111111111111111a111111111
37463,harshil,111
37464,harshil,111111111111111111111111111111111111111111@1111111111111111111111111111a1111111111111111111a111111111
37465,harshil,1
37466,harshil,1
37467,harshil,1
37468,harshil,111111111111111111111111111111111111111111@1111111111111111111111111111a1111111111111111111a111111111
37469,harshil,111
37470,harshil,111111111111111111111111111111111111111111@1111111111111111111111111111a1111111111111111111a111111111
37471,harshil,1
37472,harshil,1
37473,harshil,1
37474,harshil,111111111111111111111111111111111111111111@1111111111111111111111111111a1111111111111111111a111111111
37475,harshil,111
37476,harshil,111111111111111111111111111111111111111111@1111111111111111111111111111a1111111111111111111a111111111
37477,harshil,1
37478,harshil,1
37479,harshil,1
37480,harshil,111111111111111111111111111111111111111111@1111111111111111111111111111a1111111111111111111a111111111
37481,harshil,111
37482,harshil,111111111111111111111111111111111111111111@1111111111111111111111111111a1111111111111111111a111111111
37483,harshil,1
37484,harshil,1
37485,harshil,1
37486,harshil,111111111111111111111111111111111111111111@1111111111111111111111111111a1111111111111111111a111111111
37487,harshil,111
37488,harshil,111111111111111111111111111111111111111111@1111111111111111111111111111a1111111111111111111a111111111
37489,harshil,1
37490,harshil,1
37491,harshil,1
37492,harshil,111111111111111111111111111111111111111111@1111111111111111111111111111a1111111111111111111a111111111
37493,harshil,111
37494,harshil,111111111111111111111111111111111111111111@1111111111111111111111111111a1111111111111111111a111111111
37495,harshil,1
37496,harshil,1
37497,harshil,1
37498,harshil,111111111111111111111111111111111111111111@1111111111111111111111111111a1111111111111111111a111111111
37499,harshil,111
37500,harshil,111111111111111111111111111111111111111111@1111111111111111111111111111a1111111111111111111a111111111
37501,harshil,1
37502,harshil,1
37503,harshil,1
37504,harshil,111111111111111111111111111111111111111111@1111111111111111111111111111a1111111111111111111a111111111
37505,harshil,111
37506,harshil,111111111111111111111111111111111111111111@1111111111111111111111111111a1111111111111111111a111111111
37507,harshil,1
37508,harshil,1
37509,harshil,1
37510,harshil,111111111111111111111111111111111111111111@1111111111111111111111111111a1111111111111111111a111111111
37511,harshil,111
37512,harshil,111111111111111111111111111111111111111111@1111111111111111111111111111a1111111111111111111a111111111
37513,harshil,1
37514,harshil,1
37515,harshil,1
37516,harshil,111111111111111111111111111111111111111111@1111111111111111111111111111a1111111111111111111a111111111
37517,harshil,111
37518,harshil,111111111111111111111111111111111111111111@1111111111111111111111111111a1111111111111111111a111111111
37519,harshil,1
37520,harshil,1
37521,harshil,1
37522,harshil,111111111111111111111111111111111111111111@1111111111111111111111111111a1111111111111111111a111111111
37523,harshil,111
37524,harshil,111111111111111111111111111111111111111111@1111111111111111111111111111a1111111111111111111a111111111
37525,harshil,1
37526,harshil,1
37527,harshil,1
37528,harshil,111111111111111111111111111111111111111111@1111111111111111111111111111a1111111111111111111a111111111
37529,harshil,111
37530,harshil,111111111111111111111111111111111111111111@1111111111111111111111111111a1111111111111111111a111111111
37531,harshil,1
37532,harshil,1
37533,harshil,1
37534,harshil,111111111111111111111111111111111111111111@1111111111111111111111111111a1111111111111111111a111111111
37535,harshil,111
37536,harshil,111111111111111111111111111111111111111111@1111111111111111111111111111a1111111111111111111a111111111
37537,harshil,1
37538,harshil,1
37539,harshil,1
37540,harshil,111111111111111111111111111111111111111111@1111111111111111111111111111a1111111111111111111a111111111
37541,harshil,111
37542,harshil,111111111111111111111111111111111111111111@1111111111111111111111111111a1111111111111111111a111111111
37543,harshil,1
37544,harshil,1
37545,harshil,1
37546,harshil,111111111111111111111111111111111111111111@1111111111111111111111111111a1111111111111111111a111111111
37547,harshil,111
37548,harshil,111111111111111111111111111111111111111111@1111111111111111111111111111a1111111111111111111a111111111
37549,harshil,1
37550,harshil,1
37551,harshil,1
37552,harshil,111111111111111111111111111111111111111111@1111111111111111111111111111a1111111111111111111a111111111
37553,harshil,111
37554,harshil,111111111111111111111111111111111111111111@1111111111111111111111111111a1111111111111111111a111111111
37555,harshil,1
37556,harshil,1
37557,harshil,1
37558,harshil,111111111111111111111111111111111111111111@1111111111111111111111111111a1111111111111111111a111111111
37559,harshil,111
37560,harshil,111111111111111111111111111111111111111111@1111111111111111111111111111a1111111111111111111a111111111
37561,harshil,1
37562,harshil,1
37563,harshil,1
37564,harshil,111111111111111111111111111111111111111111@1111111111111111111111111111a1111111111111111111a111111111
37565,harshil,111
37566,harshil,111111111111111111111111111111111111111111@1111111111111111111111111111a1111111111111111111a111111111
37567,harshil,1
37568,harshil,1
37569,harshil,1
37570,harshil,111111111111111111111111111111111111111111@1111111111111111111111111111a1111111111111111111a111111111
37571,harshil,111
37572,harshil,111111111111111111111111111111111111111111@1111111111111111111111111111a1111111111111111111a111111111
37573,harshil,1
37574,harshil,1
37575,harshil,1
37576,harshil,111111111111111111111111111111111111111111@1111111111111111111111111111a1111111111111111111a111111111
37577,harshil,111
37578,harshil,111111111111111111111111111111111111111111@1111111111111111111111111111a1111111111111111111a111111111
37579,harshil,1
37580,harshil,1
37581,harshil,1
37582,harshil,111111111111111111111111111111111111111111@1111111111111111111111111111a1111111111111111111a111111111
37583,harshil,111
37584,harshil,111111111111111111111111111111111111111111@1111111111111111111111111111a1111111111111111111a111111111
37585,harshil,1
37586,harshil,1
37587,harshil,1
37588,harshil,111111111111111111111111111111111111111111@1111111111111111111111111111a1111111111111111111a111111111
37589,harshil,111
37590,harshil,111111111111111111111111111111111111111111@1111111111111111111111111111a1111111111111111111a111111111
37591,harshil,1
37592,harshil,1
37593,harshil,1
37594,harshil,111111111111111111111111111111111111111111@1111111111111111111111111111a1111111111111111111a111111111
37595,harshil,111
37596,harshil,111111111111111111111111111111111111111111@1111111111111111111111111111a1111111111111111111a111111111
37597,harshil,1
37598,harshil,1
37599,harshil,1
37600,harshil,111111111111111111111111111111111111111111@1111111111111111111111111111a1111111111111111111a111111111
37601,harshil,111
37602,harshil,111111111111111111111111111111111111111111@1111111111111111111111111111a1111111111111111111a111111111
37603,harshil,1
37604,harshil,1
37605,harshil,1
37606,harshil,111111111111111111111111111111111111111111@1111111111111111111111111111a1111111111111111111a111111111
37607,harshil,111
37608,harshil,111111111111111111111111111111111111111111@1111111111111111111111111111a1111111111111111111a111111111
37609,harshil,1
37610,harshil,1
37611,harshil,1
37612,harshil,111111111111111111111111111111111111111111@1111111111111111111111111111a1111111111111111111a111111111
37613,harshil,111
37614,harshil,111111111111111111111111111111111111111111@1111111111111111111111111111a1111111111111111111a111111111
37615,harshil,1
37616,harshil,1
37617,harshil,1
37618,harshil,111111111111111111111111111111111111111111@1111111111111111111111111111a1111111111111111111a111111111
37619,harshil,111
37620,harshil,111111111111111111111111111111111111111111@1111111111111111111111111111a1111111111111111111a111111111
37621,harshil,1
37622,harshil,1
37623,harshil,1
37624,harshil,111111111111111111111111111111111111111111@1111111111111111111111111111a1111111111111111111a111111111
37625,harshil,111
37626,harshil,111111111111111111111111111111111111111111@1111111111111111111111111111a1111111111111111111a111111111
37627,harshil,1
37628,harshil,1
37629,harshil,1
37630,harshil,111111111111111111111111111111111111111111@1111111111111111111111111111a1111111111111111111a111111111
37631,harshil,111
37632,harshil,111111111111111111111111111111111111111111@1111111111111111111111111111a1111111111111111111a111111111
37633,harshil,1
37634,harshil,1
37635,harshil,1
37636,harshil,111111111111111111111111111111111111111111@1111111111111111111111111111a1111111111111111111a111111111
37637,harshil,111
37638,harshil,111111111111111111111111111111111111111111@1111111111111111111111111111a1111111111111111111a111111111
37639,harshil,1
37640,harshil,1
37641,harshil,1
37642,harshil,111111111111111111111111111111111111111111@1111111111111111111111111111a1111111111111111111a111111111
37643,harshil,111
37644,harshil,111111111111111111111111111111111111111111@1111111111111111111111111111a1111111111111111111a111111111
37645,harshil,1
37646,harshil,1
37647,harshil,1
37648,harshil,111111111111111111111111111111111111111111@1111111111111111111111111111a1111111111111111111a111111111
37649,harshil,111
37650,harshil,111111111111111111111111111111111111111111@1111111111111111111111111111a1111111111111111111a111111111
37651,harshil,1
37652,harshil,1
37653,harshil,1
37654,harshil,111111111111111111111111111111111111111111@1111111111111111111111111111a1111111111111111111a111111111
37655,harshil,111
37656,harshil,111111111111111111111111111111111111111111@1111111111111111111111111111a1111111111111111111a111111111
37657,harshil,1
37658,harshil,1
37659,harshil,1
37660,harshil,111111111111111111111111111111111111111111@1111111111111111111111111111a1111111111111111111a111111111
37661,harshil,111
37662,harshil,111111111111111111111111111111111111111111@1111111111111111111111111111a1111111111111111111a111111111
37663,harshil,1
37664,harshil,1
37665,harshil,1
37666,harshil,111111111111111111111111111111111111111111@1111111111111111111111111111a1111111111111111111a111111111
37667,harshil,111
37668,harshil,111111111111111111111111111111111111111111@1111111111111111111111111111a1111111111111111111a111111111
37669,harshil,1
37670,harshil,1
37671,harshil,1
37672,harshil,111111111111111111111111111111111111111111@1111111111111111111111111111a1111111111111111111a111111111
37673,harshil,111
37674,harshil,111111111111111111111111111111111111111111@1111111111111111111111111111a1111111111111111111a111111111
37675,harshil,1
37676,harshil,1
37677,harshil,1
37678,harshil,111111111111111111111111111111111111111111@1111111111111111111111111111a1111111111111111111a111111111
37679,harshil,111
37680,harshil,111111111111111111111111111111111111111111@1111111111111111111111111111a1111111111111111111a111111111
37681,harshil,1
37682,harshil,1
37683,harshil,1
37684,harshil,111111111111111111111111111111111111111111@1111111111111111111111111111a1111111111111111111a111111111
37685,harshil,111
37686,harshil,111111111111111111111111111111111111111111@1111111111111111111111111111a1111111111111111111a111111111
37687,harshil,1
37688,harshil,1
37689,harshil,1
37690,harshil,111111111111111111111111111111111111111111@1111111111111111111111111111a1111111111111111111a111111111
37691,harshil,111
37692,harshil,111111111111111111111111111111111111111111@1111111111111111111111111111a1111111111111111111a111111111
37693,harshil,1
37694,harshil,1
37695,harshil,1
37696,harshil,111111111111111111111111111111111111111111@1111111111111111111111111111a1111111111111111111a111111111
37697,harshil,111
37698,harshil,111111111111111111111111111111111111111111@1111111111111111111111111111a1111111111111111111a111111111
37699,harshil,1
37700,harshil,1
37701,harshil,1
37702,harshil,111111111111111111111111111111111111111111@1111111111111111111111111111a1111111111111111111a111111111
37703,harshil,111
37704,harshil,111111111111111111111111111111111111111111@1111111111111111111111111111a1111111111111111111a111111111
37705,harshil,1
37706,harshil,1
37707,harshil,1
37708,harshil,111111111111111111111111111111111111111111@1111111111111111111111111111a1111111111111111111a111111111
37709,harshil,111
37710,harshil,111111111111111111111111111111111111111111@1111111111111111111111111111a1111111111111111111a111111111
37711,harshil,1
37712,harshil,1
37713,harshil,1
37714,harshil,111111111111111111111111111111111111111111@1111111111111111111111111111a1111111111111111111a111111111
37715,harshil,111
37716,harshil,111111111111111111111111111111111111111111@1111111111111111111111111111a1111111111111111111a111111111
37717,harshil,1
37718,harshil,1
37719,harshil,1
37720,harshil,111111111111111111111111111111111111111111@1111111111111111111111111111a1111111111111111111a111111111
37721,harshil,111
37722,harshil,111111111111111111111111111111111111111111@1111111111111111111111111111a1111111111111111111a111111111
37723,harshil,1
37724,harshil,1
37725,harshil,1
37726,harshil,111111111111111111111111111111111111111111@1111111111111111111111111111a1111111111111111111a111111111
37727,harshil,111
37728,harshil,111111111111111111111111111111111111111111@1111111111111111111111111111a1111111111111111111a111111111
37729,harshil,1
37730,harshil,1
37731,harshil,1
37732,harshil,111111111111111111111111111111111111111111@1111111111111111111111111111a1111111111111111111a111111111
37733,harshil,111
37734,harshil,111111111111111111111111111111111111111111@1111111111111111111111111111a1111111111111111111a111111111
37735,harshil,1
37736,harshil,1
37737,harshil,1
37738,harshil,111111111111111111111111111111111111111111@1111111111111111111111111111a1111111111111111111a111111111
37739,harshil,111
37740,harshil,111111111111111111111111111111111111111111@1111111111111111111111111111a1111111111111111111a111111111
37741,harshil,1
37742,harshil,1
37743,harshil,1
37744,harshil,111111111111111111111111111111111111111111@1111111111111111111111111111a1111111111111111111a111111111
37745,harshil,111
37746,harshil,111111111111111111111111111111111111111111@1111111111111111111111111111a1111111111111111111a111111111
37747,harshil,1
37748,harshil,1
37749,harshil,1
37750,harshil,111111111111111111111111111111111111111111@1111111111111111111111111111a1111111111111111111a111111111
37751,harshil,111
37752,harshil,111111111111111111111111111111111111111111@1111111111111111111111111111a1111111111111111111a111111111
37753,harshil,1
37754,harshil,1
37755,harshil,1
37756,harshil,111111111111111111111111111111111111111111@1111111111111111111111111111a1111111111111111111a111111111
37757,harshil,111
37758,harshil,111111111111111111111111111111111111111111@1111111111111111111111111111a1111111111111111111a111111111
37759,harshil,1
37760,harshil,1
37761,harshil,1
37762,harshil,111111111111111111111111111111111111111111@1111111111111111111111111111a1111111111111111111a111111111
37763,harshil,111
37764,harshil,111111111111111111111111111111111111111111@1111111111111111111111111111a1111111111111111111a111111111
37765,harshil,1
37766,harshil,1
37767,harshil,1
37768,harshil,111111111111111111111111111111111111111111@1111111111111111111111111111a1111111111111111111a111111111
37769,harshil,111
37770,harshil,111111111111111111111111111111111111111111@1111111111111111111111111111a1111111111111111111a111111111
37771,harshil,1
37772,harshil,1
37773,harshil,1
37774,harshil,111111111111111111111111111111111111111111@1111111111111111111111111111a1111111111111111111a111111111
37775,harshil,111
37776,harshil,111111111111111111111111111111111111111111@1111111111111111111111111111a1111111111111111111a111111111
37777,harshil,1
37778,harshil,1
37779,harshil,1
37780,harshil,111111111111111111111111111111111111111111@1111111111111111111111111111a1111111111111111111a111111111
37781,harshil,111
37782,harshil,111111111111111111111111111111111111111111@1111111111111111111111111111a1111111111111111111a111111111
37783,harshil,1
37784,harshil,1
37785,harshil,1
37786,harshil,111111111111111111111111111111111111111111@1111111111111111111111111111a1111111111111111111a111111111
37787,harshil,111
37788,harshil,111111111111111111111111111111111111111111@1111111111111111111111111111a1111111111111111111a111111111
37789,harshil,1
37790,harshil,1
37791,harshil,1
37792,harshil,111111111111111111111111111111111111111111@1111111111111111111111111111a1111111111111111111a111111111
37793,harshil,111
37794,harshil,111111111111111111111111111111111111111111@1111111111111111111111111111a1111111111111111111a111111111
37795,harshil,1
37796,harshil,1
37797,harshil,1
37798,harshil,111111111111111111111111111111111111111111@1111111111111111111111111111a1111111111111111111a111111111
37799,harshil,111
37800,harshil,111111111111111111111111111111111111111111@1111111111111111111111111111a1111111111111111111a111111111
37801,harshil,1
37802,harshil,1
37803,harshil,1
37804,harshil,111111111111111111111111111111111111111111@1111111111111111111111111111a1111111111111111111a111111111
37805,harshil,111
37806,harshil,111111111111111111111111111111111111111111@1111111111111111111111111111a1111111111111111111a111111111
37807,harshil,1
37808,harshil,1
37809,harshil,1
37810,harshil,111111111111111111111111111111111111111111@1111111111111111111111111111a1111111111111111111a111111111
37811,harshil,111
37812,harshil,111111111111111111111111111111111111111111@1111111111111111111111111111a1111111111111111111a111111111
37813,harshil,1
37814,harshil,1
37815,harshil,1
37816,harshil,111111111111111111111111111111111111111111@1111111111111111111111111111a1111111111111111111a111111111
37817,harshil,111
37818,harshil,111111111111111111111111111111111111111111@1111111111111111111111111111a1111111111111111111a111111111
37819,harshil,1
37820,harshil,1
37821,harshil,1
37822,harshil,111111111111111111111111111111111111111111@1111111111111111111111111111a1111111111111111111a111111111
37823,harshil,111
37824,harshil,111111111111111111111111111111111111111111@1111111111111111111111111111a1111111111111111111a111111111
37825,harshil,1
37826,harshil,1
37827,harshil,1
37828,harshil,111111111111111111111111111111111111111111@1111111111111111111111111111a1111111111111111111a111111111
37829,harshil,111
37830,harshil,111111111111111111111111111111111111111111@1111111111111111111111111111a1111111111111111111a111111111
37831,harshil,1
37832,harshil,1
37833,harshil,1
37834,harshil,111111111111111111111111111111111111111111@1111111111111111111111111111a1111111111111111111a111111111
37835,harshil,111
37836,harshil,111111111111111111111111111111111111111111@1111111111111111111111111111a1111111111111111111a111111111
37837,harshil,1
37838,harshil,1
37839,harshil,1
37840,harshil,111111111111111111111111111111111111111111@1111111111111111111111111111a1111111111111111111a111111111
37841,harshil,111
37842,harshil,111111111111111111111111111111111111111111@1111111111111111111111111111a1111111111111111111a111111111
37843,harshil,1
37844,harshil,1
37845,harshil,1
37846,harshil,111111111111111111111111111111111111111111@1111111111111111111111111111a1111111111111111111a111111111
37847,harshil,111
37848,harshil,111111111111111111111111111111111111111111@1111111111111111111111111111a1111111111111111111a111111111
37849,harshil,1
37850,harshil,1
37851,harshil,1
37852,harshil,111111111111111111111111111111111111111111@1111111111111111111111111111a1111111111111111111a111111111
37853,harshil,111
37854,harshil,111111111111111111111111111111111111111111@1111111111111111111111111111a1111111111111111111a111111111
37855,harshil,1
37856,harshil,1
37857,harshil,1
37858,harshil,111111111111111111111111111111111111111111@1111111111111111111111111111a1111111111111111111a111111111
37859,harshil,111
37860,harshil,111111111111111111111111111111111111111111@1111111111111111111111111111a1111111111111111111a111111111
37861,harshil,1
37862,harshil,1
37863,harshil,1
37864,harshil,111111111111111111111111111111111111111111@1111111111111111111111111111a1111111111111111111a111111111
37865,harshil,111
37866,harshil,111111111111111111111111111111111111111111@1111111111111111111111111111a1111111111111111111a111111111
37867,harshil,1
37868,harshil,1
37869,harshil,1
37870,harshil,111111111111111111111111111111111111111111@1111111111111111111111111111a1111111111111111111a111111111
37871,harshil,111
37872,harshil,111111111111111111111111111111111111111111@1111111111111111111111111111a1111111111111111111a111111111
37873,harshil,1
37874,harshil,1
37875,harshil,1
37876,harshil,111111111111111111111111111111111111111111@1111111111111111111111111111a1111111111111111111a111111111
37877,harshil,111
37878,harshil,111111111111111111111111111111111111111111@1111111111111111111111111111a1111111111111111111a111111111
37879,harshil,1
37880,harshil,1
37881,harshil,1
37882,harshil,111111111111111111111111111111111111111111@1111111111111111111111111111a1111111111111111111a111111111
37883,harshil,111
37884,harshil,111111111111111111111111111111111111111111@1111111111111111111111111111a1111111111111111111a111111111
37885,harshil,1
37886,harshil,1
37887,harshil,1
37888,harshil,111111111111111111111111111111111111111111@1111111111111111111111111111a1111111111111111111a111111111
37889,harshil,111
37890,harshil,111111111111111111111111111111111111111111@1111111111111111111111111111a1111111111111111111a111111111
37891,harshil,1
37892,harshil,1
37893,harshil,1
37894,harshil,111111111111111111111111111111111111111111@1111111111111111111111111111a1111111111111111111a111111111
37895,harshil,111
37896,harshil,111111111111111111111111111111111111111111@1111111111111111111111111111a1111111111111111111a111111111
37897,harshil,1
37898,harshil,1
37899,harshil,1
37900,harshil,111111111111111111111111111111111111111111@1111111111111111111111111111a1111111111111111111a111111111
37901,harshil,111
37902,harshil,111111111111111111111111111111111111111111@1111111111111111111111111111a1111111111111111111a111111111
37903,harshil,1
37904,harshil,1
37905,harshil,1
37906,harshil,111111111111111111111111111111111111111111@1111111111111111111111111111a1111111111111111111a111111111
37907,harshil,111
37908,harshil,111111111111111111111111111111111111111111@1111111111111111111111111111a1111111111111111111a111111111
37909,harshil,1
37910,harshil,1
37911,harshil,1
37912,harshil,111111111111111111111111111111111111111111@1111111111111111111111111111a1111111111111111111a111111111
37913,harshil,111
37914,harshil,111111111111111111111111111111111111111111@1111111111111111111111111111a1111111111111111111a111111111
37915,harshil,1
37916,harshil,1
37917,harshil,1
37918,harshil,111111111111111111111111111111111111111111@1111111111111111111111111111a1111111111111111111a111111111
37919,harshil,111
37920,harshil,111111111111111111111111111111111111111111@1111111111111111111111111111a1111111111111111111a111111111
37921,harshil,1
37922,harshil,1
37923,harshil,1
37924,harshil,111111111111111111111111111111111111111111@1111111111111111111111111111a1111111111111111111a111111111
37925,harshil,111
37926,harshil,111111111111111111111111111111111111111111@1111111111111111111111111111a1111111111111111111a111111111
37927,harshil,1
37928,harshil,1
37929,harshil,1
37930,harshil,111111111111111111111111111111111111111111@1111111111111111111111111111a1111111111111111111a111111111
37931,harshil,111
37932,harshil,111111111111111111111111111111111111111111@1111111111111111111111111111a1111111111111111111a111111111
37933,harshil,1
37934,harshil,1
37935,harshil,1
37936,harshil,111111111111111111111111111111111111111111@1111111111111111111111111111a1111111111111111111a111111111
37937,harshil,111
37938,harshil,111111111111111111111111111111111111111111@1111111111111111111111111111a1111111111111111111a111111111
37939,harshil,1
37940,harshil,1
37941,harshil,1
37942,harshil,111111111111111111111111111111111111111111@1111111111111111111111111111a1111111111111111111a111111111
37943,harshil,111
37944,harshil,111111111111111111111111111111111111111111@1111111111111111111111111111a1111111111111111111a111111111
37945,harshil,1
37946,harshil,1
37947,harshil,1
37948,harshil,111111111111111111111111111111111111111111@1111111111111111111111111111a1111111111111111111a111111111
37949,harshil,111
37950,harshil,111111111111111111111111111111111111111111@1111111111111111111111111111a1111111111111111111a111111111
37951,harshil,1
37952,harshil,1
37953,harshil,1
37954,harshil,111111111111111111111111111111111111111111@1111111111111111111111111111a1111111111111111111a111111111
37955,harshil,111
37956,harshil,111111111111111111111111111111111111111111@1111111111111111111111111111a1111111111111111111a111111111
37957,harshil,1
37958,harshil,1
37959,harshil,1
37960,harshil,111111111111111111111111111111111111111111@1111111111111111111111111111a1111111111111111111a111111111
37961,harshil,111
37962,harshil,111111111111111111111111111111111111111111@1111111111111111111111111111a1111111111111111111a111111111
37963,harshil,1
37964,harshil,1
37965,harshil,1
37966,harshil,111111111111111111111111111111111111111111@1111111111111111111111111111a1111111111111111111a111111111
37967,harshil,111
37968,harshil,111111111111111111111111111111111111111111@1111111111111111111111111111a1111111111111111111a111111111
37969,harshil,1
37970,harshil,1
37971,harshil,1
37972,harshil,111111111111111111111111111111111111111111@1111111111111111111111111111a1111111111111111111a111111111
37973,harshil,111
37974,harshil,111111111111111111111111111111111111111111@1111111111111111111111111111a1111111111111111111a111111111
37975,harshil,1
37976,harshil,1
37977,harshil,1
37978,harshil,111111111111111111111111111111111111111111@1111111111111111111111111111a1111111111111111111a111111111
37979,harshil,111
37980,harshil,111111111111111111111111111111111111111111@1111111111111111111111111111a1111111111111111111a111111111
37981,harshil,1
37982,harshil,1
37983,harshil,1
37984,harshil,111111111111111111111111111111111111111111@1111111111111111111111111111a1111111111111111111a111111111
37985,harshil,111
37986,harshil,111111111111111111111111111111111111111111@1111111111111111111111111111a1111111111111111111a111111111
37987,harshil,1
37988,harshil,1
37989,harshil,1
37990,harshil,111111111111111111111111111111111111111111@1111111111111111111111111111a1111111111111111111a111111111
37991,harshil,111
37992,harshil,111111111111111111111111111111111111111111@1111111111111111111111111111a1111111111111111111a111111111
37993,harshil,1
37994,harshil,1
37995,harshil,1
37996,harshil,111111111111111111111111111111111111111111@1111111111111111111111111111a1111111111111111111a111111111
37997,harshil,111
37998,harshil,111111111111111111111111111111111111111111@1111111111111111111111111111a1111111111111111111a111111111
37999,harshil,1
38000,harshil,1
38001,harshil,1
38002,harshil,111111111111111111111111111111111111111111@1111111111111111111111111111a1111111111111111111a111111111
38003,harshil,111
38004,harshil,111111111111111111111111111111111111111111@1111111111111111111111111111a1111111111111111111a111111111
38005,harshil,1
38006,harshil,1
38007,harshil,1
38008,harshil,111111111111111111111111111111111111111111@1111111111111111111111111111a1111111111111111111a111111111
38009,harshil,111
38010,harshil,111111111111111111111111111111111111111111@1111111111111111111111111111a1111111111111111111a111111111
38011,harshil,1
38012,harshil,1
38013,harshil,1
38014,harshil,111111111111111111111111111111111111111111@1111111111111111111111111111a1111111111111111111a111111111
38015,harshil,111
38016,harshil,111111111111111111111111111111111111111111@1111111111111111111111111111a1111111111111111111a111111111
38017,harshil,1
38018,harshil,1
38019,harshil,1
38020,harshil,111111111111111111111111111111111111111111@1111111111111111111111111111a1111111111111111111a111111111
38021,harshil,111
38022,harshil,111111111111111111111111111111111111111111@1111111111111111111111111111a1111111111111111111a111111111
38023,harshil,1
38024,harshil,1
38025,harshil,1
38026,harshil,111111111111111111111111111111111111111111@1111111111111111111111111111a1111111111111111111a111111111
38027,harshil,111
38028,harshil,111111111111111111111111111111111111111111@1111111111111111111111111111a1111111111111111111a111111111
38029,harshil,1
38030,harshil,1
38031,harshil,1
38032,harshil,111111111111111111111111111111111111111111@1111111111111111111111111111a1111111111111111111a111111111
38033,harshil,111
38034,harshil,111111111111111111111111111111111111111111@1111111111111111111111111111a1111111111111111111a111111111
38035,harshil,1
38036,harshil,1
38037,harshil,1
38038,harshil,111111111111111111111111111111111111111111@1111111111111111111111111111a1111111111111111111a111111111
38039,harshil,111
38040,harshil,111111111111111111111111111111111111111111@1111111111111111111111111111a1111111111111111111a111111111
38041,harshil,1
38042,harshil,1
38043,harshil,1
38044,harshil,111111111111111111111111111111111111111111@1111111111111111111111111111a1111111111111111111a111111111
38045,harshil,111
38046,harshil,111111111111111111111111111111111111111111@1111111111111111111111111111a1111111111111111111a111111111
38047,harshil,1
38048,harshil,1
38049,harshil,1
38050,harshil,111111111111111111111111111111111111111111@1111111111111111111111111111a1111111111111111111a111111111
38051,harshil,111
38052,harshil,111111111111111111111111111111111111111111@1111111111111111111111111111a1111111111111111111a111111111
38053,harshil,1
38054,harshil,1
38055,harshil,1
38056,harshil,111111111111111111111111111111111111111111@1111111111111111111111111111a1111111111111111111a111111111
38057,harshil,111
38058,harshil,111111111111111111111111111111111111111111@1111111111111111111111111111a1111111111111111111a111111111
38059,harshil,1
38060,harshil,1
38061,harshil,1
38062,harshil,111111111111111111111111111111111111111111@1111111111111111111111111111a1111111111111111111a111111111
38063,harshil,111
38064,harshil,111111111111111111111111111111111111111111@1111111111111111111111111111a1111111111111111111a111111111
38065,harshil,1
38066,harshil,1
38067,harshil,1
38068,harshil,111111111111111111111111111111111111111111@1111111111111111111111111111a1111111111111111111a111111111
38069,harshil,111
38070,harshil,111111111111111111111111111111111111111111@1111111111111111111111111111a1111111111111111111a111111111
38071,harshil,1
38072,harshil,1
38073,harshil,1
38074,harshil,111111111111111111111111111111111111111111@1111111111111111111111111111a1111111111111111111a111111111
38075,harshil,111
38076,harshil,111111111111111111111111111111111111111111@1111111111111111111111111111a1111111111111111111a111111111
38077,harshil,1
38078,harshil,1
38079,harshil,1
38080,harshil,111111111111111111111111111111111111111111@1111111111111111111111111111a1111111111111111111a111111111
38081,harshil,111
38082,harshil,111111111111111111111111111111111111111111@1111111111111111111111111111a1111111111111111111a111111111
38083,harshil,1
38084,harshil,1
38085,harshil,1
38086,harshil,111111111111111111111111111111111111111111@1111111111111111111111111111a1111111111111111111a111111111
38087,harshil,111
38088,harshil,111111111111111111111111111111111111111111@1111111111111111111111111111a1111111111111111111a111111111
38089,harshil,1
38090,harshil,1
38091,harshil,1
38092,harshil,111111111111111111111111111111111111111111@1111111111111111111111111111a1111111111111111111a111111111
38093,harshil,111
38094,harshil,111111111111111111111111111111111111111111@1111111111111111111111111111a1111111111111111111a111111111
38095,harshil,1
38096,harshil,1
38097,harshil,1
38098,harshil,111111111111111111111111111111111111111111@1111111111111111111111111111a1111111111111111111a111111111
38099,harshil,111
38100,harshil,111111111111111111111111111111111111111111@1111111111111111111111111111a1111111111111111111a111111111
38101,harshil,1
38102,harshil,1
38103,harshil,1
38104,harshil,111111111111111111111111111111111111111111@1111111111111111111111111111a1111111111111111111a111111111
38105,harshil,111
38106,harshil,111111111111111111111111111111111111111111@1111111111111111111111111111a1111111111111111111a111111111
38107,harshil,1
38108,harshil,1
38109,harshil,1
38110,harshil,111111111111111111111111111111111111111111@1111111111111111111111111111a1111111111111111111a111111111
38111,harshil,111
38112,harshil,111111111111111111111111111111111111111111@1111111111111111111111111111a1111111111111111111a111111111
38113,harshil,1
38114,harshil,1
38115,harshil,1
38116,harshil,111111111111111111111111111111111111111111@1111111111111111111111111111a1111111111111111111a111111111
38117,harshil,111
38118,harshil,111111111111111111111111111111111111111111@1111111111111111111111111111a1111111111111111111a111111111
38119,harshil,1
38120,harshil,1
38121,harshil,1
38122,harshil,111111111111111111111111111111111111111111@1111111111111111111111111111a1111111111111111111a111111111
38123,harshil,111
38124,harshil,111111111111111111111111111111111111111111@1111111111111111111111111111a1111111111111111111a111111111
38125,harshil,1
38126,harshil,1
38127,harshil,1
38128,harshil,111111111111111111111111111111111111111111@1111111111111111111111111111a1111111111111111111a111111111
38129,harshil,111
38130,harshil,111111111111111111111111111111111111111111@1111111111111111111111111111a1111111111111111111a111111111
38131,harshil,1
38132,harshil,1
38133,harshil,1
38134,harshil,111111111111111111111111111111111111111111@1111111111111111111111111111a1111111111111111111a111111111
38135,harshil,111
38136,harshil,111111111111111111111111111111111111111111@1111111111111111111111111111a1111111111111111111a111111111
38137,harshil,1
38138,harshil,1
38139,harshil,1
38140,harshil,111111111111111111111111111111111111111111@1111111111111111111111111111a1111111111111111111a111111111
38141,harshil,111
38142,harshil,111111111111111111111111111111111111111111@1111111111111111111111111111a1111111111111111111a111111111
38143,harshil,1
38144,harshil,1
38145,harshil,1
38146,harshil,111111111111111111111111111111111111111111@1111111111111111111111111111a1111111111111111111a111111111
38147,harshil,111
38148,harshil,111111111111111111111111111111111111111111@1111111111111111111111111111a1111111111111111111a111111111
38149,harshil,1
38150,harshil,1
38151,harshil,1
38152,harshil,111111111111111111111111111111111111111111@1111111111111111111111111111a1111111111111111111a111111111
38153,harshil,111
38154,harshil,111111111111111111111111111111111111111111@1111111111111111111111111111a1111111111111111111a111111111
38155,harshil,1
38156,harshil,1
38157,harshil,1
38158,harshil,111111111111111111111111111111111111111111@1111111111111111111111111111a1111111111111111111a111111111
38159,harshil,111
38160,harshil,111111111111111111111111111111111111111111@1111111111111111111111111111a1111111111111111111a111111111
38161,harshil,1
38162,harshil,1
38163,harshil,1
38164,harshil,111111111111111111111111111111111111111111@1111111111111111111111111111a1111111111111111111a111111111
38165,harshil,111
38166,harshil,111111111111111111111111111111111111111111@1111111111111111111111111111a1111111111111111111a111111111
38167,harshil,1
38168,harshil,1
38169,harshil,1
38170,harshil,111111111111111111111111111111111111111111@1111111111111111111111111111a1111111111111111111a111111111
38171,harshil,111
38172,harshil,111111111111111111111111111111111111111111@1111111111111111111111111111a1111111111111111111a111111111
38173,harshil,1
38174,harshil,1
38175,harshil,1
38176,harshil,111111111111111111111111111111111111111111@1111111111111111111111111111a1111111111111111111a111111111
38177,harshil,111
38178,harshil,111111111111111111111111111111111111111111@1111111111111111111111111111a1111111111111111111a111111111
38179,harshil,1
38180,harshil,1
38181,harshil,1
38182,harshil,111111111111111111111111111111111111111111@1111111111111111111111111111a1111111111111111111a111111111
38183,harshil,111
38184,harshil,111111111111111111111111111111111111111111@1111111111111111111111111111a1111111111111111111a111111111
38185,harshil,1
38186,harshil,1
38187,harshil,1
38188,harshil,111111111111111111111111111111111111111111@1111111111111111111111111111a1111111111111111111a111111111
38189,harshil,111
38190,harshil,111111111111111111111111111111111111111111@1111111111111111111111111111a1111111111111111111a111111111
38191,harshil,1
38192,harshil,1
38193,harshil,1
38194,harshil,111111111111111111111111111111111111111111@1111111111111111111111111111a1111111111111111111a111111111
38195,harshil,111
38196,harshil,111111111111111111111111111111111111111111@1111111111111111111111111111a1111111111111111111a111111111
38197,harshil,1
38198,harshil,1
38199,harshil,1
38200,harshil,111111111111111111111111111111111111111111@1111111111111111111111111111a1111111111111111111a111111111
38201,harshil,111
38202,harshil,111111111111111111111111111111111111111111@1111111111111111111111111111a1111111111111111111a111111111
38203,harshil,1
38204,harshil,1
38205,harshil,1
38206,harshil,111111111111111111111111111111111111111111@1111111111111111111111111111a1111111111111111111a111111111
38207,harshil,111
38208,harshil,111111111111111111111111111111111111111111@1111111111111111111111111111a1111111111111111111a111111111
38209,harshil,1
38210,harshil,1
38211,harshil,1
38212,harshil,111111111111111111111111111111111111111111@1111111111111111111111111111a1111111111111111111a111111111
38213,harshil,111
38214,harshil,111111111111111111111111111111111111111111@1111111111111111111111111111a1111111111111111111a111111111
38215,harshil,1
38216,harshil,1
38217,harshil,1
38218,harshil,111111111111111111111111111111111111111111@1111111111111111111111111111a1111111111111111111a111111111
38219,harshil,111
38220,harshil,111111111111111111111111111111111111111111@1111111111111111111111111111a1111111111111111111a111111111
38221,harshil,1
38222,harshil,1
38223,harshil,1
38224,harshil,111111111111111111111111111111111111111111@1111111111111111111111111111a1111111111111111111a111111111
38225,harshil,111
38226,harshil,111111111111111111111111111111111111111111@1111111111111111111111111111a1111111111111111111a111111111
38227,harshil,1
38228,harshil,1
38229,harshil,1
38230,harshil,111111111111111111111111111111111111111111@1111111111111111111111111111a1111111111111111111a111111111
38231,harshil,111
38232,harshil,111111111111111111111111111111111111111111@1111111111111111111111111111a1111111111111111111a111111111
38233,harshil,1
38234,harshil,1
38235,harshil,1
38236,harshil,111111111111111111111111111111111111111111@1111111111111111111111111111a1111111111111111111a111111111
38237,harshil,111
38238,harshil,111111111111111111111111111111111111111111@1111111111111111111111111111a1111111111111111111a111111111
38239,harshil,1
38240,harshil,1
38241,harshil,1
38242,harshil,111111111111111111111111111111111111111111@1111111111111111111111111111a1111111111111111111a111111111
38243,harshil,111
38244,harshil,111111111111111111111111111111111111111111@1111111111111111111111111111a1111111111111111111a111111111
38245,harshil,1
38246,harshil,1
38247,harshil,1
38248,harshil,111111111111111111111111111111111111111111@1111111111111111111111111111a1111111111111111111a111111111
38249,harshil,111
38250,harshil,111111111111111111111111111111111111111111@1111111111111111111111111111a1111111111111111111a111111111
38251,harshil,1
38252,harshil,1
38253,harshil,1
38254,harshil,111111111111111111111111111111111111111111@1111111111111111111111111111a1111111111111111111a111111111
38255,harshil,111
38256,harshil,111111111111111111111111111111111111111111@1111111111111111111111111111a1111111111111111111a111111111
38257,harshil,1
38258,harshil,1
38259,harshil,1
38260,harshil,111111111111111111111111111111111111111111@1111111111111111111111111111a1111111111111111111a111111111
38261,harshil,111
38262,harshil,111111111111111111111111111111111111111111@1111111111111111111111111111a1111111111111111111a111111111
38263,harshil,1
38264,harshil,1
38265,harshil,1
38266,harshil,111111111111111111111111111111111111111111@1111111111111111111111111111a1111111111111111111a111111111
38267,harshil,111
38268,harshil,111111111111111111111111111111111111111111@1111111111111111111111111111a1111111111111111111a111111111
38269,harshil,1
38270,harshil,1
38271,harshil,1
38272,harshil,111111111111111111111111111111111111111111@1111111111111111111111111111a1111111111111111111a111111111
38273,harshil,111
38274,harshil,111111111111111111111111111111111111111111@1111111111111111111111111111a1111111111111111111a111111111
38275,harshil,1
38276,harshil,1
38277,harshil,1
38278,harshil,111111111111111111111111111111111111111111@1111111111111111111111111111a1111111111111111111a111111111
38279,harshil,111
38280,harshil,111111111111111111111111111111111111111111@1111111111111111111111111111a1111111111111111111a111111111
38281,harshil,1
38282,harshil,1
38283,harshil,1
38284,harshil,111111111111111111111111111111111111111111@1111111111111111111111111111a1111111111111111111a111111111
38285,harshil,111
38286,harshil,111111111111111111111111111111111111111111@1111111111111111111111111111a1111111111111111111a111111111
38287,harshil,1
38288,harshil,1
38289,harshil,1
38290,harshil,111111111111111111111111111111111111111111@1111111111111111111111111111a1111111111111111111a111111111
38291,harshil,111
38292,harshil,111111111111111111111111111111111111111111@1111111111111111111111111111a1111111111111111111a111111111
38293,harshil,1
38294,harshil,1
38295,harshil,1
38296,harshil,111111111111111111111111111111111111111111@1111111111111111111111111111a1111111111111111111a111111111
38297,harshil,111
38298,harshil,111111111111111111111111111111111111111111@1111111111111111111111111111a1111111111111111111a111111111
38299,harshil,1
38300,harshil,1
38301,harshil,1
38302,harshil,111111111111111111111111111111111111111111@1111111111111111111111111111a1111111111111111111a111111111
38303,harshil,111
38304,harshil,111111111111111111111111111111111111111111@1111111111111111111111111111a1111111111111111111a111111111
38305,harshil,1
38306,harshil,1
38307,harshil,1
38308,harshil,111111111111111111111111111111111111111111@1111111111111111111111111111a1111111111111111111a111111111
38309,harshil,111
38310,harshil,111111111111111111111111111111111111111111@1111111111111111111111111111a1111111111111111111a111111111
38311,harshil,1
38312,harshil,1
38313,harshil,1
38314,harshil,111111111111111111111111111111111111111111@1111111111111111111111111111a1111111111111111111a111111111
38315,harshil,111
38316,harshil,111111111111111111111111111111111111111111@1111111111111111111111111111a1111111111111111111a111111111
38317,harshil,1
38318,harshil,1
38319,harshil,1
38320,harshil,111111111111111111111111111111111111111111@1111111111111111111111111111a1111111111111111111a111111111
38321,harshil,111
38322,harshil,111111111111111111111111111111111111111111@1111111111111111111111111111a1111111111111111111a111111111
38323,harshil,1
38324,harshil,1
38325,harshil,1
38326,harshil,111111111111111111111111111111111111111111@1111111111111111111111111111a1111111111111111111a111111111
38327,harshil,111
38328,harshil,111111111111111111111111111111111111111111@1111111111111111111111111111a1111111111111111111a111111111
38329,harshil,1
38330,harshil,1
38331,harshil,1
38332,harshil,111111111111111111111111111111111111111111@1111111111111111111111111111a1111111111111111111a111111111
38333,harshil,111
38334,harshil,111111111111111111111111111111111111111111@1111111111111111111111111111a1111111111111111111a111111111
38335,harshil,1
38336,harshil,1
38337,harshil,1
38338,harshil,111111111111111111111111111111111111111111@1111111111111111111111111111a1111111111111111111a111111111
38339,harshil,111
38340,harshil,111111111111111111111111111111111111111111@1111111111111111111111111111a1111111111111111111a111111111
38341,harshil,1
38342,harshil,1
38343,harshil,1
38344,harshil,111111111111111111111111111111111111111111@1111111111111111111111111111a1111111111111111111a111111111
38345,harshil,111
38346,harshil,111111111111111111111111111111111111111111@1111111111111111111111111111a1111111111111111111a111111111
38347,harshil,1
38348,harshil,1
38349,harshil,1
38350,harshil,111111111111111111111111111111111111111111@1111111111111111111111111111a1111111111111111111a111111111
38351,harshil,111
38352,harshil,111111111111111111111111111111111111111111@1111111111111111111111111111a1111111111111111111a111111111
38353,harshil,1
38354,harshil,1
38355,harshil,1
38356,harshil,111111111111111111111111111111111111111111@1111111111111111111111111111a1111111111111111111a111111111
38357,harshil,111
38358,harshil,111111111111111111111111111111111111111111@1111111111111111111111111111a1111111111111111111a111111111
38359,harshil,1
38360,harshil,1
38361,harshil,1
38362,harshil,111111111111111111111111111111111111111111@1111111111111111111111111111a1111111111111111111a111111111
38363,harshil,111
38364,harshil,111111111111111111111111111111111111111111@1111111111111111111111111111a1111111111111111111a111111111
38365,harshil,1
38366,harshil,1
38367,harshil,1
38368,harshil,111111111111111111111111111111111111111111@1111111111111111111111111111a1111111111111111111a111111111
38369,harshil,111
38370,harshil,111111111111111111111111111111111111111111@1111111111111111111111111111a1111111111111111111a111111111
38371,harshil,1
38372,harshil,1
38373,harshil,1
38374,harshil,111111111111111111111111111111111111111111@1111111111111111111111111111a1111111111111111111a111111111
38375,harshil,111
38376,harshil,111111111111111111111111111111111111111111@1111111111111111111111111111a1111111111111111111a111111111
38377,harshil,1
38378,harshil,1
38379,harshil,1
38380,harshil,111111111111111111111111111111111111111111@1111111111111111111111111111a1111111111111111111a111111111
38381,harshil,111
38382,harshil,111111111111111111111111111111111111111111@1111111111111111111111111111a1111111111111111111a111111111
38383,harshil,1
38384,harshil,1
38385,harshil,1
38386,harshil,111111111111111111111111111111111111111111@1111111111111111111111111111a1111111111111111111a111111111
38387,harshil,111
38388,harshil,111111111111111111111111111111111111111111@1111111111111111111111111111a1111111111111111111a111111111
38389,harshil,1
38390,harshil,1
38391,harshil,1
38392,harshil,111111111111111111111111111111111111111111@1111111111111111111111111111a1111111111111111111a111111111
38393,harshil,111
38394,harshil,111111111111111111111111111111111111111111@1111111111111111111111111111a1111111111111111111a111111111
38395,harshil,1
38396,harshil,1
38397,harshil,1
38398,harshil,111111111111111111111111111111111111111111@1111111111111111111111111111a1111111111111111111a111111111
38399,harshil,111
38400,harshil,111111111111111111111111111111111111111111@1111111111111111111111111111a1111111111111111111a111111111
38401,harshil,1
38402,harshil,1
38403,harshil,1
38404,harshil,111111111111111111111111111111111111111111@1111111111111111111111111111a1111111111111111111a111111111
38405,harshil,111
38406,harshil,111111111111111111111111111111111111111111@1111111111111111111111111111a1111111111111111111a111111111
38407,harshil,1
38408,harshil,1
38409,harshil,1
38410,harshil,111111111111111111111111111111111111111111@1111111111111111111111111111a1111111111111111111a111111111
38411,harshil,111
38412,harshil,111111111111111111111111111111111111111111@1111111111111111111111111111a1111111111111111111a111111111
38413,harshil,1
38414,harshil,1
38415,harshil,1
38416,harshil,111111111111111111111111111111111111111111@1111111111111111111111111111a1111111111111111111a111111111
38417,harshil,111
38418,harshil,111111111111111111111111111111111111111111@1111111111111111111111111111a1111111111111111111a111111111
38419,harshil,1
38420,harshil,1
38421,harshil,1
38422,harshil,111111111111111111111111111111111111111111@1111111111111111111111111111a1111111111111111111a111111111
38423,harshil,111
38424,harshil,111111111111111111111111111111111111111111@1111111111111111111111111111a1111111111111111111a111111111
38425,harshil,1
38426,harshil,1
38427,harshil,1
38428,harshil,111111111111111111111111111111111111111111@1111111111111111111111111111a1111111111111111111a111111111
38429,harshil,111
38430,harshil,111111111111111111111111111111111111111111@1111111111111111111111111111a1111111111111111111a111111111
38431,harshil,1
38432,harshil,1
38433,harshil,1
38434,harshil,111111111111111111111111111111111111111111@1111111111111111111111111111a1111111111111111111a111111111
38435,harshil,111
38436,harshil,111111111111111111111111111111111111111111@1111111111111111111111111111a1111111111111111111a111111111
38437,harshil,1
38438,harshil,1
38439,harshil,1
38440,harshil,111111111111111111111111111111111111111111@1111111111111111111111111111a1111111111111111111a111111111
38441,harshil,111
38442,harshil,111111111111111111111111111111111111111111@1111111111111111111111111111a1111111111111111111a111111111
38443,harshil,1
38444,harshil,1
38445,harshil,1
38446,harshil,111111111111111111111111111111111111111111@1111111111111111111111111111a1111111111111111111a111111111
38447,harshil,111
38448,harshil,111111111111111111111111111111111111111111@1111111111111111111111111111a1111111111111111111a111111111
38449,harshil,1
38450,harshil,1
38451,harshil,1
38452,harshil,111111111111111111111111111111111111111111@1111111111111111111111111111a1111111111111111111a111111111
38453,harshil,111
38454,harshil,111111111111111111111111111111111111111111@1111111111111111111111111111a1111111111111111111a111111111
38455,harshil,1
38456,harshil,1
38457,harshil,1
38458,harshil,111111111111111111111111111111111111111111@1111111111111111111111111111a1111111111111111111a111111111
38459,harshil,111
38460,harshil,111111111111111111111111111111111111111111@1111111111111111111111111111a1111111111111111111a111111111
38461,harshil,1
38462,harshil,1
38463,harshil,1
38464,harshil,111111111111111111111111111111111111111111@1111111111111111111111111111a1111111111111111111a111111111
38465,harshil,111
38466,harshil,111111111111111111111111111111111111111111@1111111111111111111111111111a1111111111111111111a111111111
38467,harshil,1
38468,harshil,1
38469,harshil,1
38470,harshil,111111111111111111111111111111111111111111@1111111111111111111111111111a1111111111111111111a111111111
38471,harshil,111
38472,harshil,111111111111111111111111111111111111111111@1111111111111111111111111111a1111111111111111111a111111111
38473,harshil,1
38474,harshil,1
38475,harshil,1
38476,harshil,111111111111111111111111111111111111111111@1111111111111111111111111111a1111111111111111111a111111111
38477,harshil,111
38478,harshil,111111111111111111111111111111111111111111@1111111111111111111111111111a1111111111111111111a111111111
38479,harshil,1
38480,harshil,1
38481,harshil,1
38482,harshil,111111111111111111111111111111111111111111@1111111111111111111111111111a1111111111111111111a111111111
38483,harshil,111
38484,harshil,111111111111111111111111111111111111111111@1111111111111111111111111111a1111111111111111111a111111111
38485,harshil,1
38486,harshil,1
38487,harshil,1
38488,harshil,111111111111111111111111111111111111111111@1111111111111111111111111111a1111111111111111111a111111111
38489,harshil,111
38490,harshil,111111111111111111111111111111111111111111@1111111111111111111111111111a1111111111111111111a111111111
38491,harshil,1
38492,harshil,1
38493,harshil,1
38494,harshil,111111111111111111111111111111111111111111@1111111111111111111111111111a1111111111111111111a111111111
38495,harshil,111
38496,harshil,111111111111111111111111111111111111111111@1111111111111111111111111111a1111111111111111111a111111111
38497,harshil,1
38498,harshil,1
38499,harshil,1
38500,harshil,111111111111111111111111111111111111111111@1111111111111111111111111111a1111111111111111111a111111111
38501,harshil,111
38502,harshil,111111111111111111111111111111111111111111@1111111111111111111111111111a1111111111111111111a111111111
38503,harshil,1
38504,harshil,1
38505,harshil,1
38506,harshil,111111111111111111111111111111111111111111@1111111111111111111111111111a1111111111111111111a111111111
38507,harshil,111
38508,harshil,111111111111111111111111111111111111111111@1111111111111111111111111111a1111111111111111111a111111111
38509,harshil,1
38510,harshil,1
38511,harshil,1
38512,harshil,111111111111111111111111111111111111111111@1111111111111111111111111111a1111111111111111111a111111111
38513,harshil,111
38514,harshil,111111111111111111111111111111111111111111@1111111111111111111111111111a1111111111111111111a111111111
38515,harshil,1
38516,harshil,1
38517,harshil,1
38518,harshil,111111111111111111111111111111111111111111@1111111111111111111111111111a1111111111111111111a111111111
38519,harshil,111
38520,harshil,111111111111111111111111111111111111111111@1111111111111111111111111111a1111111111111111111a111111111
38521,harshil,1
38522,harshil,1
38523,harshil,1
38524,harshil,111111111111111111111111111111111111111111@1111111111111111111111111111a1111111111111111111a111111111
38525,harshil,111
38526,harshil,111111111111111111111111111111111111111111@1111111111111111111111111111a1111111111111111111a111111111
38527,harshil,1
38528,harshil,1
38529,harshil,1
38530,harshil,111111111111111111111111111111111111111111@1111111111111111111111111111a1111111111111111111a111111111
38531,harshil,111
38532,harshil,111111111111111111111111111111111111111111@1111111111111111111111111111a1111111111111111111a111111111
38533,harshil,1
38534,harshil,1
38535,harshil,1
38536,harshil,111111111111111111111111111111111111111111@1111111111111111111111111111a1111111111111111111a111111111
38537,harshil,111
38538,harshil,111111111111111111111111111111111111111111@1111111111111111111111111111a1111111111111111111a111111111
38539,harshil,1
38540,harshil,1
38541,harshil,1
38542,harshil,111111111111111111111111111111111111111111@1111111111111111111111111111a1111111111111111111a111111111
38543,harshil,111
38544,harshil,111111111111111111111111111111111111111111@1111111111111111111111111111a1111111111111111111a111111111
38545,harshil,1
38546,harshil,1
38547,harshil,1
38548,harshil,111111111111111111111111111111111111111111@1111111111111111111111111111a1111111111111111111a111111111
38549,harshil,111
38550,harshil,111111111111111111111111111111111111111111@1111111111111111111111111111a1111111111111111111a111111111
38551,harshil,1
38552,harshil,1
38553,harshil,1
38554,harshil,111111111111111111111111111111111111111111@1111111111111111111111111111a1111111111111111111a111111111
38555,harshil,111
38556,harshil,111111111111111111111111111111111111111111@1111111111111111111111111111a1111111111111111111a111111111
38557,harshil,1
38558,harshil,1
38559,harshil,1
38560,harshil,111111111111111111111111111111111111111111@1111111111111111111111111111a1111111111111111111a111111111
38561,harshil,111
38562,harshil,111111111111111111111111111111111111111111@1111111111111111111111111111a1111111111111111111a111111111
38563,harshil,1
38564,harshil,1
38565,harshil,1
38566,harshil,111111111111111111111111111111111111111111@1111111111111111111111111111a1111111111111111111a111111111
38567,harshil,111
38568,harshil,111111111111111111111111111111111111111111@1111111111111111111111111111a1111111111111111111a111111111
38569,harshil,1
38570,harshil,1
38571,harshil,1
38572,harshil,111111111111111111111111111111111111111111@1111111111111111111111111111a1111111111111111111a111111111
38573,harshil,111
38574,harshil,111111111111111111111111111111111111111111@1111111111111111111111111111a1111111111111111111a111111111
38575,harshil,1
38576,harshil,1
38577,harshil,1
38578,harshil,111111111111111111111111111111111111111111@1111111111111111111111111111a1111111111111111111a111111111
38579,harshil,111
38580,harshil,111111111111111111111111111111111111111111@1111111111111111111111111111a1111111111111111111a111111111
38581,harshil,1
38582,harshil,1
38583,harshil,1
38584,harshil,111111111111111111111111111111111111111111@1111111111111111111111111111a1111111111111111111a111111111
38585,harshil,111
38586,harshil,111111111111111111111111111111111111111111@1111111111111111111111111111a1111111111111111111a111111111
38587,harshil,1
38588,harshil,1
38589,harshil,1
38590,harshil,111111111111111111111111111111111111111111@1111111111111111111111111111a1111111111111111111a111111111
38591,harshil,111
38592,harshil,111111111111111111111111111111111111111111@1111111111111111111111111111a1111111111111111111a111111111
38593,harshil,1
38594,harshil,1
38595,harshil,1
38596,harshil,111111111111111111111111111111111111111111@1111111111111111111111111111a1111111111111111111a111111111
38597,harshil,111
38598,harshil,111111111111111111111111111111111111111111@1111111111111111111111111111a1111111111111111111a111111111
38599,harshil,1
38600,harshil,1
38601,harshil,1
38602,harshil,111111111111111111111111111111111111111111@1111111111111111111111111111a1111111111111111111a111111111
38603,harshil,111
38604,harshil,111111111111111111111111111111111111111111@1111111111111111111111111111a1111111111111111111a111111111
38605,harshil,1
38606,harshil,1
38607,harshil,1
38608,harshil,111111111111111111111111111111111111111111@1111111111111111111111111111a1111111111111111111a111111111
38609,harshil,111
38610,harshil,111111111111111111111111111111111111111111@1111111111111111111111111111a1111111111111111111a111111111
38611,harshil,1
38612,harshil,1
38613,harshil,1
38614,harshil,111111111111111111111111111111111111111111@1111111111111111111111111111a1111111111111111111a111111111
38615,harshil,111
38616,harshil,111111111111111111111111111111111111111111@1111111111111111111111111111a1111111111111111111a111111111
38617,harshil,1
38618,harshil,1
38619,harshil,1
38620,harshil,111111111111111111111111111111111111111111@1111111111111111111111111111a1111111111111111111a111111111
38621,harshil,111
38622,harshil,111111111111111111111111111111111111111111@1111111111111111111111111111a1111111111111111111a111111111
38623,harshil,1
38624,harshil,1
38625,harshil,1
38626,harshil,111111111111111111111111111111111111111111@1111111111111111111111111111a1111111111111111111a111111111
38627,harshil,111
38628,harshil,111111111111111111111111111111111111111111@1111111111111111111111111111a1111111111111111111a111111111
38629,harshil,1
38630,harshil,1
38631,harshil,1
38632,harshil,111111111111111111111111111111111111111111@1111111111111111111111111111a1111111111111111111a111111111
38633,harshil,111
38634,harshil,111111111111111111111111111111111111111111@1111111111111111111111111111a1111111111111111111a111111111
38635,harshil,1
38636,harshil,1
38637,harshil,1
38638,harshil,111111111111111111111111111111111111111111@1111111111111111111111111111a1111111111111111111a111111111
38639,harshil,111
38640,harshil,111111111111111111111111111111111111111111@1111111111111111111111111111a1111111111111111111a111111111
38641,harshil,1
38642,harshil,1
38643,harshil,1
38644,harshil,111111111111111111111111111111111111111111@1111111111111111111111111111a1111111111111111111a111111111
38645,harshil,111
38646,harshil,111111111111111111111111111111111111111111@1111111111111111111111111111a1111111111111111111a111111111
38647,harshil,1
38648,harshil,1
38649,harshil,1
38650,harshil,111111111111111111111111111111111111111111@1111111111111111111111111111a1111111111111111111a111111111
38651,harshil,111
38652,harshil,111111111111111111111111111111111111111111@1111111111111111111111111111a1111111111111111111a111111111
38653,harshil,1
38654,harshil,1
38655,harshil,1
38656,harshil,111111111111111111111111111111111111111111@1111111111111111111111111111a1111111111111111111a111111111
38657,harshil,111
38658,harshil,111111111111111111111111111111111111111111@1111111111111111111111111111a1111111111111111111a111111111
38659,harshil,1
38660,harshil,1
38661,harshil,1
38662,harshil,111111111111111111111111111111111111111111@1111111111111111111111111111a1111111111111111111a111111111
38663,harshil,111
38664,harshil,111111111111111111111111111111111111111111@1111111111111111111111111111a1111111111111111111a111111111
38665,harshil,1
38666,harshil,1
38667,harshil,1
38668,harshil,111111111111111111111111111111111111111111@1111111111111111111111111111a1111111111111111111a111111111
38669,harshil,111
38670,harshil,111111111111111111111111111111111111111111@1111111111111111111111111111a1111111111111111111a111111111
38671,harshil,1
38672,harshil,1
38673,harshil,1
38674,harshil,111111111111111111111111111111111111111111@1111111111111111111111111111a1111111111111111111a111111111
38675,harshil,111
38676,harshil,111111111111111111111111111111111111111111@1111111111111111111111111111a1111111111111111111a111111111
38677,harshil,1
38678,harshil,1
38679,harshil,1
38680,harshil,111111111111111111111111111111111111111111@1111111111111111111111111111a1111111111111111111a111111111
38681,harshil,111
38682,harshil,111111111111111111111111111111111111111111@1111111111111111111111111111a1111111111111111111a111111111
38683,harshil,1
38684,harshil,1
38685,harshil,1
38686,harshil,111111111111111111111111111111111111111111@1111111111111111111111111111a1111111111111111111a111111111
38687,harshil,111
38688,harshil,111111111111111111111111111111111111111111@1111111111111111111111111111a1111111111111111111a111111111
38689,harshil,1
38690,harshil,1
38691,harshil,1
38692,harshil,111111111111111111111111111111111111111111@1111111111111111111111111111a1111111111111111111a111111111
38693,harshil,111
38694,harshil,111111111111111111111111111111111111111111@1111111111111111111111111111a1111111111111111111a111111111
38695,harshil,1
38696,harshil,1
38697,harshil,1
38698,harshil,111111111111111111111111111111111111111111@1111111111111111111111111111a1111111111111111111a111111111
38699,harshil,111
38700,harshil,111111111111111111111111111111111111111111@1111111111111111111111111111a1111111111111111111a111111111
38701,harshil,1
38702,harshil,1
38703,harshil,1
38704,harshil,111111111111111111111111111111111111111111@1111111111111111111111111111a1111111111111111111a111111111
38705,harshil,111
38706,harshil,111111111111111111111111111111111111111111@1111111111111111111111111111a1111111111111111111a111111111
38707,harshil,1
38708,harshil,1
38709,harshil,1
38710,harshil,111111111111111111111111111111111111111111@1111111111111111111111111111a1111111111111111111a111111111
38711,harshil,111
38712,harshil,111111111111111111111111111111111111111111@1111111111111111111111111111a1111111111111111111a111111111
38713,harshil,1
38714,harshil,1
38715,harshil,1
38716,harshil,111111111111111111111111111111111111111111@1111111111111111111111111111a1111111111111111111a111111111
38717,harshil,111
38718,harshil,111111111111111111111111111111111111111111@1111111111111111111111111111a1111111111111111111a111111111
38719,harshil,1
38720,harshil,1
38721,harshil,1
38722,harshil,111111111111111111111111111111111111111111@1111111111111111111111111111a1111111111111111111a111111111
38723,harshil,111
38724,harshil,111111111111111111111111111111111111111111@1111111111111111111111111111a1111111111111111111a111111111
38725,harshil,1
38726,harshil,1
38727,harshil,1
38728,harshil,111111111111111111111111111111111111111111@1111111111111111111111111111a1111111111111111111a111111111
38729,harshil,111
38730,harshil,111111111111111111111111111111111111111111@1111111111111111111111111111a1111111111111111111a111111111
38731,harshil,1
38732,harshil,1
38733,harshil,1
38734,harshil,111111111111111111111111111111111111111111@1111111111111111111111111111a1111111111111111111a111111111
38735,harshil,111
38736,harshil,111111111111111111111111111111111111111111@1111111111111111111111111111a1111111111111111111a111111111
38737,harshil,1
38738,harshil,1
38739,harshil,1
38740,harshil,111111111111111111111111111111111111111111@1111111111111111111111111111a1111111111111111111a111111111
38741,harshil,111
38742,harshil,111111111111111111111111111111111111111111@1111111111111111111111111111a1111111111111111111a111111111
38743,harshil,1
38744,harshil,1
38745,harshil,1
38746,harshil,111111111111111111111111111111111111111111@1111111111111111111111111111a1111111111111111111a111111111
38747,harshil,111
38748,harshil,111111111111111111111111111111111111111111@1111111111111111111111111111a1111111111111111111a111111111
38749,harshil,1
38750,harshil,1
38751,harshil,1
38752,harshil,111111111111111111111111111111111111111111@1111111111111111111111111111a1111111111111111111a111111111
38753,harshil,111
38754,harshil,111111111111111111111111111111111111111111@1111111111111111111111111111a1111111111111111111a111111111
38755,harshil,1
38756,harshil,1
38757,harshil,1
38758,harshil,111111111111111111111111111111111111111111@1111111111111111111111111111a1111111111111111111a111111111
38759,harshil,111
38760,harshil,111111111111111111111111111111111111111111@1111111111111111111111111111a1111111111111111111a111111111
38761,harshil,1
38762,harshil,1
38763,harshil,1
38764,harshil,111111111111111111111111111111111111111111@1111111111111111111111111111a1111111111111111111a111111111
38765,harshil,111
38766,harshil,111111111111111111111111111111111111111111@1111111111111111111111111111a1111111111111111111a111111111
38767,harshil,1
38768,harshil,1
38769,harshil,1
38770,harshil,111111111111111111111111111111111111111111@1111111111111111111111111111a1111111111111111111a111111111
38771,harshil,111
38772,harshil,111111111111111111111111111111111111111111@1111111111111111111111111111a1111111111111111111a111111111
38773,harshil,1
38774,harshil,1
38775,harshil,1
38776,harshil,111111111111111111111111111111111111111111@1111111111111111111111111111a1111111111111111111a111111111
38777,harshil,111
38778,harshil,111111111111111111111111111111111111111111@1111111111111111111111111111a1111111111111111111a111111111
38779,harshil,1
38780,harshil,1
38781,harshil,1
38782,harshil,111111111111111111111111111111111111111111@1111111111111111111111111111a1111111111111111111a111111111
38783,harshil,111
38784,harshil,111111111111111111111111111111111111111111@1111111111111111111111111111a1111111111111111111a111111111
38785,harshil,1
38786,harshil,1
38787,harshil,1
38788,harshil,111111111111111111111111111111111111111111@1111111111111111111111111111a1111111111111111111a111111111
38789,harshil,111
38790,harshil,111111111111111111111111111111111111111111@1111111111111111111111111111a1111111111111111111a111111111
38791,harshil,1
38792,harshil,1
38793,harshil,1
38794,harshil,111111111111111111111111111111111111111111@1111111111111111111111111111a1111111111111111111a111111111
38795,harshil,111
38796,harshil,111111111111111111111111111111111111111111@1111111111111111111111111111a1111111111111111111a111111111
38797,harshil,1
38798,harshil,1
38799,harshil,1
38800,harshil,111111111111111111111111111111111111111111@1111111111111111111111111111a1111111111111111111a111111111
38801,harshil,111
38802,harshil,111111111111111111111111111111111111111111@1111111111111111111111111111a1111111111111111111a111111111
38803,harshil,1
38804,harshil,1
38805,harshil,1
38806,harshil,111111111111111111111111111111111111111111@1111111111111111111111111111a1111111111111111111a111111111
38807,harshil,111
38808,harshil,111111111111111111111111111111111111111111@1111111111111111111111111111a1111111111111111111a111111111
38809,harshil,1
38810,harshil,1
38811,harshil,1
38812,harshil,111111111111111111111111111111111111111111@1111111111111111111111111111a1111111111111111111a111111111
38813,harshil,111
38814,harshil,111111111111111111111111111111111111111111@1111111111111111111111111111a1111111111111111111a111111111
38815,harshil,1
38816,harshil,1
38817,harshil,1
38818,harshil,111111111111111111111111111111111111111111@1111111111111111111111111111a1111111111111111111a111111111
38819,harshil,111
38820,harshil,111111111111111111111111111111111111111111@1111111111111111111111111111a1111111111111111111a111111111
38821,harshil,1
38822,harshil,1
38823,harshil,1
38824,harshil,111111111111111111111111111111111111111111@1111111111111111111111111111a1111111111111111111a111111111
38825,harshil,111
38826,harshil,111111111111111111111111111111111111111111@1111111111111111111111111111a1111111111111111111a111111111
38827,harshil,1
38828,harshil,1
38829,harshil,1
38830,harshil,111111111111111111111111111111111111111111@1111111111111111111111111111a1111111111111111111a111111111
38831,harshil,111
38832,harshil,111111111111111111111111111111111111111111@1111111111111111111111111111a1111111111111111111a111111111
38833,harshil,1
38834,harshil,1
38835,harshil,1
38836,harshil,111111111111111111111111111111111111111111@1111111111111111111111111111a1111111111111111111a111111111
38837,harshil,111
38838,harshil,111111111111111111111111111111111111111111@1111111111111111111111111111a1111111111111111111a111111111
38839,harshil,1
38840,harshil,1
38841,harshil,1
38842,harshil,111111111111111111111111111111111111111111@1111111111111111111111111111a1111111111111111111a111111111
38843,harshil,111
38844,harshil,111111111111111111111111111111111111111111@1111111111111111111111111111a1111111111111111111a111111111
38845,harshil,1
38846,harshil,1
38847,harshil,1
38848,harshil,111111111111111111111111111111111111111111@1111111111111111111111111111a1111111111111111111a111111111
38849,harshil,111
38850,harshil,111111111111111111111111111111111111111111@1111111111111111111111111111a1111111111111111111a111111111
38851,harshil,1
38852,harshil,1
38853,harshil,1
38854,harshil,111111111111111111111111111111111111111111@1111111111111111111111111111a1111111111111111111a111111111
38855,harshil,111
38856,harshil,111111111111111111111111111111111111111111@1111111111111111111111111111a1111111111111111111a111111111
38857,harshil,1
38858,harshil,1
38859,harshil,1
38860,harshil,111111111111111111111111111111111111111111@1111111111111111111111111111a1111111111111111111a111111111
38861,harshil,111
38862,harshil,111111111111111111111111111111111111111111@1111111111111111111111111111a1111111111111111111a111111111
38863,harshil,1
38864,harshil,1
38865,harshil,1
38866,harshil,111111111111111111111111111111111111111111@1111111111111111111111111111a1111111111111111111a111111111
38867,harshil,111
38868,harshil,111111111111111111111111111111111111111111@1111111111111111111111111111a1111111111111111111a111111111
38869,harshil,1
38870,harshil,1
38871,harshil,1
38872,harshil,111111111111111111111111111111111111111111@1111111111111111111111111111a1111111111111111111a111111111
38873,harshil,111
38874,harshil,111111111111111111111111111111111111111111@1111111111111111111111111111a1111111111111111111a111111111
38875,harshil,1
38876,harshil,1
38877,harshil,1
38878,harshil,111111111111111111111111111111111111111111@1111111111111111111111111111a1111111111111111111a111111111
38879,harshil,111
38880,harshil,111111111111111111111111111111111111111111@1111111111111111111111111111a1111111111111111111a111111111
38881,harshil,1
38882,harshil,1
38883,harshil,1
38884,harshil,111111111111111111111111111111111111111111@1111111111111111111111111111a1111111111111111111a111111111
38885,harshil,111
38886,harshil,111111111111111111111111111111111111111111@1111111111111111111111111111a1111111111111111111a111111111
38887,harshil,1
38888,harshil,1
38889,harshil,1
38890,harshil,111111111111111111111111111111111111111111@1111111111111111111111111111a1111111111111111111a111111111
38891,harshil,111
38892,harshil,111111111111111111111111111111111111111111@1111111111111111111111111111a1111111111111111111a111111111
38893,harshil,1
38894,harshil,1
38895,harshil,1
38896,harshil,111111111111111111111111111111111111111111@1111111111111111111111111111a1111111111111111111a111111111
38897,harshil,111
38898,harshil,111111111111111111111111111111111111111111@1111111111111111111111111111a1111111111111111111a111111111
38899,harshil,1
38900,harshil,1
38901,harshil,1
38902,harshil,111111111111111111111111111111111111111111@1111111111111111111111111111a1111111111111111111a111111111
38903,harshil,111
38904,harshil,111111111111111111111111111111111111111111@1111111111111111111111111111a1111111111111111111a111111111
38905,harshil,1
38906,harshil,1
38907,harshil,1
38908,harshil,111111111111111111111111111111111111111111@1111111111111111111111111111a1111111111111111111a111111111
38909,harshil,111
38910,harshil,111111111111111111111111111111111111111111@1111111111111111111111111111a1111111111111111111a111111111
38911,harshil,1
38912,harshil,1
38913,harshil,1
38914,harshil,111111111111111111111111111111111111111111@1111111111111111111111111111a1111111111111111111a111111111
38915,harshil,111
38916,harshil,111111111111111111111111111111111111111111@1111111111111111111111111111a1111111111111111111a111111111
38917,harshil,1
38918,harshil,1
38919,harshil,1
38920,harshil,111111111111111111111111111111111111111111@1111111111111111111111111111a1111111111111111111a111111111
38921,harshil,111
38922,harshil,111111111111111111111111111111111111111111@1111111111111111111111111111a1111111111111111111a111111111
38923,harshil,1
38924,harshil,1
38925,harshil,1
38926,harshil,111111111111111111111111111111111111111111@1111111111111111111111111111a1111111111111111111a111111111
38927,harshil,111
38928,harshil,111111111111111111111111111111111111111111@1111111111111111111111111111a1111111111111111111a111111111
38929,harshil,1
38930,harshil,1
38931,harshil,1
38932,harshil,111111111111111111111111111111111111111111@1111111111111111111111111111a1111111111111111111a111111111
38933,harshil,111
38934,harshil,111111111111111111111111111111111111111111@1111111111111111111111111111a1111111111111111111a111111111
38935,harshil,1
38936,harshil,1
38937,harshil,1
38938,harshil,111111111111111111111111111111111111111111@1111111111111111111111111111a1111111111111111111a111111111
38939,harshil,111
38940,harshil,111111111111111111111111111111111111111111@1111111111111111111111111111a1111111111111111111a111111111
38941,harshil,1
38942,harshil,1
38943,harshil,1
38944,harshil,111111111111111111111111111111111111111111@1111111111111111111111111111a1111111111111111111a111111111
38945,harshil,111
38946,harshil,111111111111111111111111111111111111111111@1111111111111111111111111111a1111111111111111111a111111111
38947,harshil,1
38948,harshil,1
38949,harshil,1
38950,harshil,111111111111111111111111111111111111111111@1111111111111111111111111111a1111111111111111111a111111111
38951,harshil,111
38952,harshil,111111111111111111111111111111111111111111@1111111111111111111111111111a1111111111111111111a111111111
38953,harshil,1
38954,harshil,1
38955,harshil,1
38956,harshil,111111111111111111111111111111111111111111@1111111111111111111111111111a1111111111111111111a111111111
38957,harshil,111
38958,harshil,111111111111111111111111111111111111111111@1111111111111111111111111111a1111111111111111111a111111111
38959,harshil,1
38960,harshil,1
38961,harshil,1
38962,harshil,111111111111111111111111111111111111111111@1111111111111111111111111111a1111111111111111111a111111111
38963,harshil,111
38964,harshil,111111111111111111111111111111111111111111@1111111111111111111111111111a1111111111111111111a111111111
38965,harshil,1
38966,harshil,1
38967,harshil,1
38968,harshil,111111111111111111111111111111111111111111@1111111111111111111111111111a1111111111111111111a111111111
38969,harshil,111
38970,harshil,111111111111111111111111111111111111111111@1111111111111111111111111111a1111111111111111111a111111111
38971,harshil,1
38972,harshil,1
38973,harshil,1
38974,harshil,111111111111111111111111111111111111111111@1111111111111111111111111111a1111111111111111111a111111111
38975,harshil,111
38976,harshil,111111111111111111111111111111111111111111@1111111111111111111111111111a1111111111111111111a111111111
38977,harshil,1
38978,harshil,1
38979,harshil,1
38980,harshil,111111111111111111111111111111111111111111@1111111111111111111111111111a1111111111111111111a111111111
38981,harshil,111
38982,harshil,111111111111111111111111111111111111111111@1111111111111111111111111111a1111111111111111111a111111111
38983,harshil,1
38984,harshil,1
38985,harshil,1
38986,harshil,111111111111111111111111111111111111111111@1111111111111111111111111111a1111111111111111111a111111111
38987,harshil,111
38988,harshil,111111111111111111111111111111111111111111@1111111111111111111111111111a1111111111111111111a111111111
38989,harshil,1
38990,harshil,1
38991,harshil,1
38992,harshil,111111111111111111111111111111111111111111@1111111111111111111111111111a1111111111111111111a111111111
38993,harshil,111
38994,harshil,111111111111111111111111111111111111111111@1111111111111111111111111111a1111111111111111111a111111111
38995,harshil,1
38996,harshil,1
38997,harshil,1
38998,harshil,111111111111111111111111111111111111111111@1111111111111111111111111111a1111111111111111111a111111111
38999,harshil,111
39000,harshil,111111111111111111111111111111111111111111@1111111111111111111111111111a1111111111111111111a111111111
39001,harshil,1
39002,harshil,1
39003,harshil,1
39004,harshil,111111111111111111111111111111111111111111@1111111111111111111111111111a1111111111111111111a111111111
39005,harshil,111
39006,harshil,111111111111111111111111111111111111111111@1111111111111111111111111111a1111111111111111111a111111111
39007,harshil,1
39008,harshil,1
39009,harshil,1
39010,harshil,111111111111111111111111111111111111111111@1111111111111111111111111111a1111111111111111111a111111111
39011,harshil,111
39012,harshil,111111111111111111111111111111111111111111@1111111111111111111111111111a1111111111111111111a111111111
39013,harshil,1
39014,harshil,1
39015,harshil,1
39016,harshil,111111111111111111111111111111111111111111@1111111111111111111111111111a1111111111111111111a111111111
39017,harshil,111
39018,harshil,111111111111111111111111111111111111111111@1111111111111111111111111111a1111111111111111111a111111111
39019,harshil,1
39020,harshil,1
39021,harshil,1
39022,harshil,111111111111111111111111111111111111111111@1111111111111111111111111111a1111111111111111111a111111111
39023,harshil,111
39024,harshil,111111111111111111111111111111111111111111@1111111111111111111111111111a1111111111111111111a111111111
39025,harshil,1
39026,harshil,1
39027,harshil,1
39028,harshil,111111111111111111111111111111111111111111@1111111111111111111111111111a1111111111111111111a111111111
39029,harshil,111
39030,harshil,111111111111111111111111111111111111111111@1111111111111111111111111111a1111111111111111111a111111111
39031,harshil,1
39032,harshil,1
39033,harshil,1
39034,harshil,111111111111111111111111111111111111111111@1111111111111111111111111111a1111111111111111111a111111111
39035,harshil,111
39036,harshil,111111111111111111111111111111111111111111@1111111111111111111111111111a1111111111111111111a111111111
39037,harshil,1
39038,harshil,1
39039,harshil,1
39040,harshil,111111111111111111111111111111111111111111@1111111111111111111111111111a1111111111111111111a111111111
39041,harshil,111
39042,harshil,111111111111111111111111111111111111111111@1111111111111111111111111111a1111111111111111111a111111111
39043,harshil,1
39044,harshil,1
39045,harshil,1
39046,harshil,111111111111111111111111111111111111111111@1111111111111111111111111111a1111111111111111111a111111111
39047,harshil,111
39048,harshil,111111111111111111111111111111111111111111@1111111111111111111111111111a1111111111111111111a111111111
39049,harshil,1
39050,harshil,1
39051,harshil,1
39052,harshil,111111111111111111111111111111111111111111@1111111111111111111111111111a1111111111111111111a111111111
39053,harshil,111
39054,harshil,111111111111111111111111111111111111111111@1111111111111111111111111111a1111111111111111111a111111111
39055,harshil,1
39056,harshil,1
39057,harshil,1
39058,harshil,111111111111111111111111111111111111111111@1111111111111111111111111111a1111111111111111111a111111111
39059,harshil,111
39060,harshil,111111111111111111111111111111111111111111@1111111111111111111111111111a1111111111111111111a111111111
39061,harshil,1
39062,harshil,1
39063,harshil,1
39064,harshil,111111111111111111111111111111111111111111@1111111111111111111111111111a1111111111111111111a111111111
39065,harshil,111
39066,harshil,111111111111111111111111111111111111111111@1111111111111111111111111111a1111111111111111111a111111111
39067,harshil,1
39068,harshil,1
39069,harshil,1
39070,harshil,111111111111111111111111111111111111111111@1111111111111111111111111111a1111111111111111111a111111111
39071,harshil,111
39072,harshil,111111111111111111111111111111111111111111@1111111111111111111111111111a1111111111111111111a111111111
39073,harshil,1
39074,harshil,1
39075,harshil,1
39076,harshil,111111111111111111111111111111111111111111@1111111111111111111111111111a1111111111111111111a111111111
39077,harshil,111
39078,harshil,111111111111111111111111111111111111111111@1111111111111111111111111111a1111111111111111111a111111111
39079,harshil,1
39080,harshil,1
39081,harshil,1
39082,harshil,111111111111111111111111111111111111111111@1111111111111111111111111111a1111111111111111111a111111111
39083,harshil,111
39084,harshil,111111111111111111111111111111111111111111@1111111111111111111111111111a1111111111111111111a111111111
39085,harshil,1
39086,harshil,1
39087,harshil,1
39088,harshil,111111111111111111111111111111111111111111@1111111111111111111111111111a1111111111111111111a111111111
39089,harshil,111
39090,harshil,111111111111111111111111111111111111111111@1111111111111111111111111111a1111111111111111111a111111111
39091,harshil,1
39092,harshil,1
39093,harshil,1
39094,harshil,111111111111111111111111111111111111111111@1111111111111111111111111111a1111111111111111111a111111111
39095,harshil,111
39096,harshil,111111111111111111111111111111111111111111@1111111111111111111111111111a1111111111111111111a111111111
39097,harshil,1
39098,harshil,1
39099,harshil,1
39100,harshil,111111111111111111111111111111111111111111@1111111111111111111111111111a1111111111111111111a111111111
39101,harshil,111
39102,harshil,111111111111111111111111111111111111111111@1111111111111111111111111111a1111111111111111111a111111111
39103,harshil,1
39104,harshil,1
39105,harshil,1
39106,harshil,111111111111111111111111111111111111111111@1111111111111111111111111111a1111111111111111111a111111111
39107,harshil,111
39108,harshil,111111111111111111111111111111111111111111@1111111111111111111111111111a1111111111111111111a111111111
39109,harshil,1
39110,harshil,1
39111,harshil,1
39112,harshil,111111111111111111111111111111111111111111@1111111111111111111111111111a1111111111111111111a111111111
39113,harshil,111
39114,harshil,111111111111111111111111111111111111111111@1111111111111111111111111111a1111111111111111111a111111111
39115,harshil,1
39116,harshil,1
39117,harshil,1
39118,harshil,111111111111111111111111111111111111111111@1111111111111111111111111111a1111111111111111111a111111111
39119,harshil,111
39120,harshil,111111111111111111111111111111111111111111@1111111111111111111111111111a1111111111111111111a111111111
39121,harshil,1
39122,harshil,1
39123,harshil,1
39124,harshil,111111111111111111111111111111111111111111@1111111111111111111111111111a1111111111111111111a111111111
39125,harshil,111
39126,harshil,111111111111111111111111111111111111111111@1111111111111111111111111111a1111111111111111111a111111111
39127,harshil,1
39128,harshil,1
39129,harshil,1
39130,harshil,111111111111111111111111111111111111111111@1111111111111111111111111111a1111111111111111111a111111111
39131,harshil,111
39132,harshil,111111111111111111111111111111111111111111@1111111111111111111111111111a1111111111111111111a111111111
39133,harshil,1
39134,harshil,1
39135,harshil,1
39136,harshil,111111111111111111111111111111111111111111@1111111111111111111111111111a1111111111111111111a111111111
39137,harshil,111
39138,harshil,111111111111111111111111111111111111111111@1111111111111111111111111111a1111111111111111111a111111111
39139,harshil,1
39140,harshil,1
39141,harshil,1
39142,harshil,111111111111111111111111111111111111111111@1111111111111111111111111111a1111111111111111111a111111111
39143,harshil,111
39144,harshil,111111111111111111111111111111111111111111@1111111111111111111111111111a1111111111111111111a111111111
39145,harshil,1
39146,harshil,1
39147,harshil,1
39148,harshil,111111111111111111111111111111111111111111@1111111111111111111111111111a1111111111111111111a111111111
39149,harshil,111
39150,harshil,111111111111111111111111111111111111111111@1111111111111111111111111111a1111111111111111111a111111111
39151,harshil,1
39152,harshil,1
39153,harshil,1
39154,harshil,111111111111111111111111111111111111111111@1111111111111111111111111111a1111111111111111111a111111111
39155,harshil,111
39156,harshil,111111111111111111111111111111111111111111@1111111111111111111111111111a1111111111111111111a111111111
39157,harshil,1
39158,harshil,1
39159,harshil,1
39160,harshil,111111111111111111111111111111111111111111@1111111111111111111111111111a1111111111111111111a111111111
39161,harshil,111
39162,harshil,111111111111111111111111111111111111111111@1111111111111111111111111111a1111111111111111111a111111111
39163,harshil,1
39164,harshil,1
39165,harshil,1
39166,harshil,111111111111111111111111111111111111111111@1111111111111111111111111111a1111111111111111111a111111111
39167,harshil,111
39168,harshil,111111111111111111111111111111111111111111@1111111111111111111111111111a1111111111111111111a111111111
39169,harshil,1
39170,harshil,1
39171,harshil,1
39172,harshil,111111111111111111111111111111111111111111@1111111111111111111111111111a1111111111111111111a111111111
39173,harshil,111
39174,harshil,111111111111111111111111111111111111111111@1111111111111111111111111111a1111111111111111111a111111111
39175,harshil,1
39176,harshil,1
39177,harshil,1
39178,harshil,111111111111111111111111111111111111111111@1111111111111111111111111111a1111111111111111111a111111111
39179,harshil,111
39180,harshil,111111111111111111111111111111111111111111@1111111111111111111111111111a1111111111111111111a111111111
39181,harshil,1
39182,harshil,1
39183,harshil,1
39184,harshil,111111111111111111111111111111111111111111@1111111111111111111111111111a1111111111111111111a111111111
39185,harshil,111
39186,harshil,111111111111111111111111111111111111111111@1111111111111111111111111111a1111111111111111111a111111111
39187,harshil,1
39188,harshil,1
39189,harshil,1
39190,harshil,111111111111111111111111111111111111111111@1111111111111111111111111111a1111111111111111111a111111111
39191,harshil,111
39192,harshil,111111111111111111111111111111111111111111@1111111111111111111111111111a1111111111111111111a111111111
39193,harshil,1
39194,harshil,1
39195,harshil,1
39196,harshil,111111111111111111111111111111111111111111@1111111111111111111111111111a1111111111111111111a111111111
39197,harshil,111
39198,harshil,111111111111111111111111111111111111111111@1111111111111111111111111111a1111111111111111111a111111111
39199,harshil,1
39200,harshil,1
39201,harshil,1
39202,harshil,111111111111111111111111111111111111111111@1111111111111111111111111111a1111111111111111111a111111111
39203,harshil,111
39204,harshil,111111111111111111111111111111111111111111@1111111111111111111111111111a1111111111111111111a111111111
39205,harshil,1
39206,harshil,1
39207,harshil,1
39208,harshil,111111111111111111111111111111111111111111@1111111111111111111111111111a1111111111111111111a111111111
39209,harshil,111
39210,harshil,111111111111111111111111111111111111111111@1111111111111111111111111111a1111111111111111111a111111111
39211,harshil,1
39212,harshil,1
39213,harshil,1
39214,harshil,111111111111111111111111111111111111111111@1111111111111111111111111111a1111111111111111111a111111111
39215,harshil,111
39216,harshil,111111111111111111111111111111111111111111@1111111111111111111111111111a1111111111111111111a111111111
39217,harshil,1
39218,harshil,1
39219,harshil,1
39220,harshil,111111111111111111111111111111111111111111@1111111111111111111111111111a1111111111111111111a111111111
39221,harshil,111
39222,harshil,111111111111111111111111111111111111111111@1111111111111111111111111111a1111111111111111111a111111111
39223,harshil,1
39224,harshil,1
39225,harshil,1
39226,harshil,111111111111111111111111111111111111111111@1111111111111111111111111111a1111111111111111111a111111111
39227,harshil,111
39228,harshil,111111111111111111111111111111111111111111@1111111111111111111111111111a1111111111111111111a111111111
39229,harshil,1
39230,harshil,1
39231,harshil,1
39232,harshil,111111111111111111111111111111111111111111@1111111111111111111111111111a1111111111111111111a111111111
39233,harshil,111
39234,harshil,111111111111111111111111111111111111111111@1111111111111111111111111111a1111111111111111111a111111111
39235,harshil,1
39236,harshil,1
39237,harshil,1
39238,harshil,111111111111111111111111111111111111111111@1111111111111111111111111111a1111111111111111111a111111111
39239,harshil,111
39240,harshil,111111111111111111111111111111111111111111@1111111111111111111111111111a1111111111111111111a111111111
39241,harshil,1
39242,harshil,1
39243,harshil,1
39244,harshil,111111111111111111111111111111111111111111@1111111111111111111111111111a1111111111111111111a111111111
39245,harshil,111
39246,harshil,111111111111111111111111111111111111111111@1111111111111111111111111111a1111111111111111111a111111111
39247,harshil,1
39248,harshil,1
39249,harshil,1
39250,harshil,111111111111111111111111111111111111111111@1111111111111111111111111111a1111111111111111111a111111111
39251,harshil,111
39252,harshil,111111111111111111111111111111111111111111@1111111111111111111111111111a1111111111111111111a111111111
39253,harshil,1
39254,harshil,1
39255,harshil,1
39256,harshil,111111111111111111111111111111111111111111@1111111111111111111111111111a1111111111111111111a111111111
39257,harshil,111
39258,harshil,111111111111111111111111111111111111111111@1111111111111111111111111111a1111111111111111111a111111111
39259,harshil,1
39260,harshil,1
39261,harshil,1
39262,harshil,111111111111111111111111111111111111111111@1111111111111111111111111111a1111111111111111111a111111111
39263,harshil,111
39264,harshil,111111111111111111111111111111111111111111@1111111111111111111111111111a1111111111111111111a111111111
39265,harshil,1
39266,harshil,1
39267,harshil,1
39268,harshil,111111111111111111111111111111111111111111@1111111111111111111111111111a1111111111111111111a111111111
39269,harshil,111
39270,harshil,111111111111111111111111111111111111111111@1111111111111111111111111111a1111111111111111111a111111111
39271,harshil,1
39272,harshil,1
39273,harshil,1
39274,harshil,111111111111111111111111111111111111111111@1111111111111111111111111111a1111111111111111111a111111111
39275,harshil,111
39276,harshil,111111111111111111111111111111111111111111@1111111111111111111111111111a1111111111111111111a111111111
39277,harshil,1
39278,harshil,1
39279,harshil,1
39280,harshil,111111111111111111111111111111111111111111@1111111111111111111111111111a1111111111111111111a111111111
39281,harshil,111
39282,harshil,111111111111111111111111111111111111111111@1111111111111111111111111111a1111111111111111111a111111111
39283,harshil,1
39284,harshil,1
39285,harshil,1
39286,harshil,111111111111111111111111111111111111111111@1111111111111111111111111111a1111111111111111111a111111111
39287,harshil,111
39288,harshil,111111111111111111111111111111111111111111@1111111111111111111111111111a1111111111111111111a111111111
39289,harshil,1
39290,harshil,1
39291,harshil,1
39292,harshil,111111111111111111111111111111111111111111@1111111111111111111111111111a1111111111111111111a111111111
39293,harshil,111
39294,harshil,111111111111111111111111111111111111111111@1111111111111111111111111111a1111111111111111111a111111111
39295,harshil,1
39296,harshil,1
39297,harshil,1
39298,harshil,111111111111111111111111111111111111111111@1111111111111111111111111111a1111111111111111111a111111111
39299,harshil,111
39300,harshil,111111111111111111111111111111111111111111@1111111111111111111111111111a1111111111111111111a111111111
39301,harshil,1
39302,harshil,1
39303,harshil,1
39304,harshil,111111111111111111111111111111111111111111@1111111111111111111111111111a1111111111111111111a111111111
39305,harshil,111
39306,harshil,111111111111111111111111111111111111111111@1111111111111111111111111111a1111111111111111111a111111111
39307,harshil,1
39308,harshil,1
39309,harshil,1
39310,harshil,111111111111111111111111111111111111111111@1111111111111111111111111111a1111111111111111111a111111111
39311,harshil,111
39312,harshil,111111111111111111111111111111111111111111@1111111111111111111111111111a1111111111111111111a111111111
39313,harshil,1
39314,harshil,1
39315,harshil,1
39316,harshil,111111111111111111111111111111111111111111@1111111111111111111111111111a1111111111111111111a111111111
39317,harshil,111
39318,harshil,111111111111111111111111111111111111111111@1111111111111111111111111111a1111111111111111111a111111111
39319,harshil,1
39320,harshil,1
39321,harshil,1
39322,harshil,111111111111111111111111111111111111111111@1111111111111111111111111111a1111111111111111111a111111111
39323,harshil,111
39324,harshil,111111111111111111111111111111111111111111@1111111111111111111111111111a1111111111111111111a111111111
39325,harshil,1
39326,harshil,1
39327,harshil,1
39328,harshil,111111111111111111111111111111111111111111@1111111111111111111111111111a1111111111111111111a111111111
39329,harshil,111
39330,harshil,111111111111111111111111111111111111111111@1111111111111111111111111111a1111111111111111111a111111111
39331,harshil,1
39332,harshil,1
39333,harshil,1
39334,harshil,111111111111111111111111111111111111111111@1111111111111111111111111111a1111111111111111111a111111111
39335,harshil,111
39336,harshil,111111111111111111111111111111111111111111@1111111111111111111111111111a1111111111111111111a111111111
39337,harshil,1
39338,harshil,1
39339,harshil,1
39340,harshil,111111111111111111111111111111111111111111@1111111111111111111111111111a1111111111111111111a111111111
39341,harshil,111
39342,harshil,111111111111111111111111111111111111111111@1111111111111111111111111111a1111111111111111111a111111111
39343,harshil,1
39344,harshil,1
39345,harshil,1
39346,harshil,111111111111111111111111111111111111111111@1111111111111111111111111111a1111111111111111111a111111111
39347,harshil,111
39348,harshil,111111111111111111111111111111111111111111@1111111111111111111111111111a1111111111111111111a111111111
39349,harshil,1
39350,harshil,1
39351,harshil,1
39352,harshil,111111111111111111111111111111111111111111@1111111111111111111111111111a1111111111111111111a111111111
39353,harshil,111
39354,harshil,111111111111111111111111111111111111111111@1111111111111111111111111111a1111111111111111111a111111111
39355,harshil,1
39356,harshil,1
39357,harshil,1
39358,harshil,111111111111111111111111111111111111111111@1111111111111111111111111111a1111111111111111111a111111111
39359,harshil,111
39360,harshil,111111111111111111111111111111111111111111@1111111111111111111111111111a1111111111111111111a111111111
39361,harshil,1
39362,harshil,1
39363,harshil,1
39364,harshil,111111111111111111111111111111111111111111@1111111111111111111111111111a1111111111111111111a111111111
39365,harshil,111
39366,harshil,111111111111111111111111111111111111111111@1111111111111111111111111111a1111111111111111111a111111111
39367,harshil,1
39368,harshil,1
39369,harshil,1
39370,harshil,111111111111111111111111111111111111111111@1111111111111111111111111111a1111111111111111111a111111111
39371,harshil,111
39372,harshil,111111111111111111111111111111111111111111@1111111111111111111111111111a1111111111111111111a111111111
39373,harshil,1
39374,harshil,1
39375,harshil,1
39376,harshil,111111111111111111111111111111111111111111@1111111111111111111111111111a1111111111111111111a111111111
39377,harshil,111
39378,harshil,111111111111111111111111111111111111111111@1111111111111111111111111111a1111111111111111111a111111111
39379,harshil,1
39380,harshil,1
39381,harshil,1
39382,harshil,111111111111111111111111111111111111111111@1111111111111111111111111111a1111111111111111111a111111111
39383,harshil,111
39384,harshil,111111111111111111111111111111111111111111@1111111111111111111111111111a1111111111111111111a111111111
39385,harshil,1
39386,harshil,1
39387,harshil,1
39388,harshil,111111111111111111111111111111111111111111@1111111111111111111111111111a1111111111111111111a111111111
39389,harshil,111
39390,harshil,111111111111111111111111111111111111111111@1111111111111111111111111111a1111111111111111111a111111111
39391,harshil,1
39392,harshil,1
39393,harshil,1
39394,harshil,111111111111111111111111111111111111111111@1111111111111111111111111111a1111111111111111111a111111111
39395,harshil,111
39396,harshil,111111111111111111111111111111111111111111@1111111111111111111111111111a1111111111111111111a111111111
39397,harshil,1
39398,harshil,1
39399,harshil,1
39400,harshil,111111111111111111111111111111111111111111@1111111111111111111111111111a1111111111111111111a111111111
39401,harshil,111
39402,harshil,111111111111111111111111111111111111111111@1111111111111111111111111111a1111111111111111111a111111111
39403,harshil,1
39404,harshil,1
39405,harshil,1
39406,harshil,111111111111111111111111111111111111111111@1111111111111111111111111111a1111111111111111111a111111111
39407,harshil,111
39408,harshil,111111111111111111111111111111111111111111@1111111111111111111111111111a1111111111111111111a111111111
39409,harshil,1
39410,harshil,1
39411,harshil,1
39412,harshil,111111111111111111111111111111111111111111@1111111111111111111111111111a1111111111111111111a111111111
39413,harshil,111
39414,harshil,111111111111111111111111111111111111111111@1111111111111111111111111111a1111111111111111111a111111111
39415,harshil,1
39416,harshil,1
39417,harshil,1
39418,harshil,111111111111111111111111111111111111111111@1111111111111111111111111111a1111111111111111111a111111111
39419,harshil,111
39420,harshil,111111111111111111111111111111111111111111@1111111111111111111111111111a1111111111111111111a111111111
39421,harshil,1
39422,harshil,1
39423,harshil,1
39424,harshil,111111111111111111111111111111111111111111@1111111111111111111111111111a1111111111111111111a111111111
39425,harshil,111
39426,harshil,111111111111111111111111111111111111111111@1111111111111111111111111111a1111111111111111111a111111111
39427,harshil,1
39428,harshil,1
39429,harshil,1
39430,harshil,111111111111111111111111111111111111111111@1111111111111111111111111111a1111111111111111111a111111111
39431,harshil,111
39432,harshil,111111111111111111111111111111111111111111@1111111111111111111111111111a1111111111111111111a111111111
39433,harshil,1
39434,harshil,1
39435,harshil,1
39436,harshil,111111111111111111111111111111111111111111@1111111111111111111111111111a1111111111111111111a111111111
39437,harshil,111
39438,harshil,111111111111111111111111111111111111111111@1111111111111111111111111111a1111111111111111111a111111111
39439,harshil,1
39440,harshil,1
39441,harshil,1
39442,harshil,111111111111111111111111111111111111111111@1111111111111111111111111111a1111111111111111111a111111111
39443,harshil,111
39444,harshil,111111111111111111111111111111111111111111@1111111111111111111111111111a1111111111111111111a111111111
39445,harshil,1
39446,harshil,1
39447,harshil,1
39448,harshil,111111111111111111111111111111111111111111@1111111111111111111111111111a1111111111111111111a111111111
39449,harshil,111
39450,harshil,111111111111111111111111111111111111111111@1111111111111111111111111111a1111111111111111111a111111111
39451,harshil,1
39452,harshil,1
39453,harshil,1
39454,harshil,111111111111111111111111111111111111111111@1111111111111111111111111111a1111111111111111111a111111111
39455,harshil,111
39456,harshil,111111111111111111111111111111111111111111@1111111111111111111111111111a1111111111111111111a111111111
39457,harshil,1
39458,harshil,1
39459,harshil,1
39460,harshil,111111111111111111111111111111111111111111@1111111111111111111111111111a1111111111111111111a111111111
39461,harshil,111
39462,harshil,111111111111111111111111111111111111111111@1111111111111111111111111111a1111111111111111111a111111111
39463,harshil,1
39464,harshil,1
39465,harshil,1
39466,harshil,111111111111111111111111111111111111111111@1111111111111111111111111111a1111111111111111111a111111111
39467,harshil,111
39468,harshil,111111111111111111111111111111111111111111@1111111111111111111111111111a1111111111111111111a111111111
39469,harshil,1
39470,harshil,1
39471,harshil,1
39472,harshil,111111111111111111111111111111111111111111@1111111111111111111111111111a1111111111111111111a111111111
39473,harshil,111
39474,harshil,111111111111111111111111111111111111111111@1111111111111111111111111111a1111111111111111111a111111111
39475,harshil,1
39476,harshil,1
39477,harshil,1
39478,harshil,111111111111111111111111111111111111111111@1111111111111111111111111111a1111111111111111111a111111111
39479,harshil,111
39480,harshil,111111111111111111111111111111111111111111@1111111111111111111111111111a1111111111111111111a111111111
39481,harshil,1
39482,harshil,1
39483,harshil,1
39484,harshil,111111111111111111111111111111111111111111@1111111111111111111111111111a1111111111111111111a111111111
39485,harshil,111
39486,harshil,111111111111111111111111111111111111111111@1111111111111111111111111111a1111111111111111111a111111111
39487,harshil,1
39488,harshil,1
39489,harshil,1
39490,harshil,111111111111111111111111111111111111111111@1111111111111111111111111111a1111111111111111111a111111111
39491,harshil,111
39492,harshil,111111111111111111111111111111111111111111@1111111111111111111111111111a1111111111111111111a111111111
39493,harshil,1
39494,harshil,1
39495,harshil,1
39496,harshil,111111111111111111111111111111111111111111@1111111111111111111111111111a1111111111111111111a111111111
39497,harshil,111
39498,harshil,111111111111111111111111111111111111111111@1111111111111111111111111111a1111111111111111111a111111111
39499,harshil,1
39500,harshil,1
39501,harshil,1
39502,harshil,111111111111111111111111111111111111111111@1111111111111111111111111111a1111111111111111111a111111111
39503,harshil,111
39504,harshil,111111111111111111111111111111111111111111@1111111111111111111111111111a1111111111111111111a111111111
39505,harshil,1
39506,harshil,1
39507,harshil,1
39508,harshil,111111111111111111111111111111111111111111@1111111111111111111111111111a1111111111111111111a111111111
39509,harshil,111
39510,harshil,111111111111111111111111111111111111111111@1111111111111111111111111111a1111111111111111111a111111111
39511,harshil,1
39512,harshil,1
39513,harshil,1
39514,harshil,111111111111111111111111111111111111111111@1111111111111111111111111111a1111111111111111111a111111111
39515,harshil,111
39516,harshil,111111111111111111111111111111111111111111@1111111111111111111111111111a1111111111111111111a111111111
39517,harshil,1
39518,harshil,1
39519,harshil,1
39520,harshil,111111111111111111111111111111111111111111@1111111111111111111111111111a1111111111111111111a111111111
39521,harshil,111
39522,harshil,111111111111111111111111111111111111111111@1111111111111111111111111111a1111111111111111111a111111111
39523,harshil,1
39524,harshil,1
39525,harshil,1
39526,harshil,111111111111111111111111111111111111111111@1111111111111111111111111111a1111111111111111111a111111111
39527,harshil,111
39528,harshil,111111111111111111111111111111111111111111@1111111111111111111111111111a1111111111111111111a111111111
39529,harshil,1
39530,harshil,1
39531,harshil,1
39532,harshil,111111111111111111111111111111111111111111@1111111111111111111111111111a1111111111111111111a111111111
39533,harshil,111
39534,harshil,111111111111111111111111111111111111111111@1111111111111111111111111111a1111111111111111111a111111111
39535,harshil,1
39536,harshil,1
39537,harshil,1
39538,harshil,111111111111111111111111111111111111111111@1111111111111111111111111111a1111111111111111111a111111111
39539,harshil,111
39540,harshil,111111111111111111111111111111111111111111@1111111111111111111111111111a1111111111111111111a111111111
39541,harshil,1
39542,harshil,1
39543,harshil,1
39544,harshil,111111111111111111111111111111111111111111@1111111111111111111111111111a1111111111111111111a111111111
39545,harshil,111
39546,harshil,111111111111111111111111111111111111111111@1111111111111111111111111111a1111111111111111111a111111111
39547,harshil,1
39548,harshil,1
39549,harshil,1
39550,harshil,111111111111111111111111111111111111111111@1111111111111111111111111111a1111111111111111111a111111111
39551,harshil,111
39552,harshil,111111111111111111111111111111111111111111@1111111111111111111111111111a1111111111111111111a111111111
39553,harshil,1
39554,harshil,1
39555,harshil,1
39556,harshil,111111111111111111111111111111111111111111@1111111111111111111111111111a1111111111111111111a111111111
39557,harshil,111
39558,harshil,111111111111111111111111111111111111111111@1111111111111111111111111111a1111111111111111111a111111111
39559,harshil,1
39560,harshil,1
39561,harshil,1
39562,harshil,111111111111111111111111111111111111111111@1111111111111111111111111111a1111111111111111111a111111111
39563,harshil,111
39564,harshil,111111111111111111111111111111111111111111@1111111111111111111111111111a1111111111111111111a111111111
39565,harshil,1
39566,harshil,1
39567,harshil,1
39568,harshil,111111111111111111111111111111111111111111@1111111111111111111111111111a1111111111111111111a111111111
39569,harshil,111
39570,harshil,111111111111111111111111111111111111111111@1111111111111111111111111111a1111111111111111111a111111111
39571,harshil,1
39572,harshil,1
39573,harshil,1
39574,harshil,111111111111111111111111111111111111111111@1111111111111111111111111111a1111111111111111111a111111111
39575,harshil,111
39576,harshil,111111111111111111111111111111111111111111@1111111111111111111111111111a1111111111111111111a111111111
39577,harshil,1
39578,harshil,1
39579,harshil,1
39580,harshil,111111111111111111111111111111111111111111@1111111111111111111111111111a1111111111111111111a111111111
39581,harshil,111
39582,harshil,111111111111111111111111111111111111111111@1111111111111111111111111111a1111111111111111111a111111111
39583,harshil,1
39584,harshil,1
39585,harshil,1
39586,harshil,111111111111111111111111111111111111111111@1111111111111111111111111111a1111111111111111111a111111111
39587,harshil,111
39588,harshil,111111111111111111111111111111111111111111@1111111111111111111111111111a1111111111111111111a111111111
39589,harshil,1
39590,harshil,1
39591,harshil,1
39592,harshil,111111111111111111111111111111111111111111@1111111111111111111111111111a1111111111111111111a111111111
39593,harshil,111
39594,harshil,111111111111111111111111111111111111111111@1111111111111111111111111111a1111111111111111111a111111111
39595,harshil,1
39596,harshil,1
39597,harshil,1
39598,harshil,111111111111111111111111111111111111111111@1111111111111111111111111111a1111111111111111111a111111111
39599,harshil,111
39600,harshil,111111111111111111111111111111111111111111@1111111111111111111111111111a1111111111111111111a111111111
39601,harshil,1
39602,harshil,1
39603,harshil,1
39604,harshil,111111111111111111111111111111111111111111@1111111111111111111111111111a1111111111111111111a111111111
39605,harshil,111
39606,harshil,111111111111111111111111111111111111111111@1111111111111111111111111111a1111111111111111111a111111111
39607,harshil,1
39608,harshil,1
39609,harshil,1
39610,harshil,111111111111111111111111111111111111111111@1111111111111111111111111111a1111111111111111111a111111111
39611,harshil,111
39612,harshil,111111111111111111111111111111111111111111@1111111111111111111111111111a1111111111111111111a111111111
39613,harshil,1
39614,harshil,1
39615,harshil,1
39616,harshil,111111111111111111111111111111111111111111@1111111111111111111111111111a1111111111111111111a111111111
39617,harshil,111
39618,harshil,111111111111111111111111111111111111111111@1111111111111111111111111111a1111111111111111111a111111111
39619,harshil,1
39620,harshil,1
39621,harshil,1
39622,harshil,111111111111111111111111111111111111111111@1111111111111111111111111111a1111111111111111111a111111111
39623,harshil,111
39624,harshil,111111111111111111111111111111111111111111@1111111111111111111111111111a1111111111111111111a111111111
39625,harshil,1
39626,harshil,1
39627,harshil,1
39628,harshil,111111111111111111111111111111111111111111@1111111111111111111111111111a1111111111111111111a111111111
39629,harshil,111
39630,harshil,111111111111111111111111111111111111111111@1111111111111111111111111111a1111111111111111111a111111111
39631,harshil,1
39632,harshil,1
39633,harshil,1
39634,harshil,111111111111111111111111111111111111111111@1111111111111111111111111111a1111111111111111111a111111111
39635,harshil,111
39636,harshil,111111111111111111111111111111111111111111@1111111111111111111111111111a1111111111111111111a111111111
39637,harshil,1
39638,harshil,1
39639,harshil,1
39640,harshil,111111111111111111111111111111111111111111@1111111111111111111111111111a1111111111111111111a111111111
39641,harshil,111
39642,harshil,111111111111111111111111111111111111111111@1111111111111111111111111111a1111111111111111111a111111111
39643,harshil,1
39644,harshil,1
39645,harshil,1
39646,harshil,111111111111111111111111111111111111111111@1111111111111111111111111111a1111111111111111111a111111111
39647,harshil,111
39648,harshil,111111111111111111111111111111111111111111@1111111111111111111111111111a1111111111111111111a111111111
39649,harshil,1
39650,harshil,1
39651,harshil,1
39652,harshil,111111111111111111111111111111111111111111@1111111111111111111111111111a1111111111111111111a111111111
39653,harshil,111
39654,harshil,111111111111111111111111111111111111111111@1111111111111111111111111111a1111111111111111111a111111111
39655,harshil,1
39656,harshil,1
39657,harshil,1
39658,harshil,111111111111111111111111111111111111111111@1111111111111111111111111111a1111111111111111111a111111111
39659,harshil,111
39660,harshil,111111111111111111111111111111111111111111@1111111111111111111111111111a1111111111111111111a111111111
39661,harshil,1
39662,harshil,1
39663,harshil,1
39664,harshil,111111111111111111111111111111111111111111@1111111111111111111111111111a1111111111111111111a111111111
39665,harshil,111
39666,harshil,111111111111111111111111111111111111111111@1111111111111111111111111111a1111111111111111111a111111111
39667,harshil,1
39668,harshil,1
39669,harshil,1
39670,harshil,111111111111111111111111111111111111111111@1111111111111111111111111111a1111111111111111111a111111111
39671,harshil,111
39672,harshil,111111111111111111111111111111111111111111@1111111111111111111111111111a1111111111111111111a111111111
39673,harshil,1
39674,harshil,1
39675,harshil,1
39676,harshil,111111111111111111111111111111111111111111@1111111111111111111111111111a1111111111111111111a111111111
39677,harshil,111
39678,harshil,111111111111111111111111111111111111111111@1111111111111111111111111111a1111111111111111111a111111111
39679,harshil,1
39680,harshil,1
39681,harshil,1
39682,harshil,111111111111111111111111111111111111111111@1111111111111111111111111111a1111111111111111111a111111111
39683,harshil,111
39684,harshil,111111111111111111111111111111111111111111@1111111111111111111111111111a1111111111111111111a111111111
39685,harshil,1
39686,harshil,1
39687,harshil,1
39688,harshil,111111111111111111111111111111111111111111@1111111111111111111111111111a1111111111111111111a111111111
39689,harshil,111
39690,harshil,111111111111111111111111111111111111111111@1111111111111111111111111111a1111111111111111111a111111111
39691,harshil,1
39692,harshil,1
39693,harshil,1
39694,harshil,111111111111111111111111111111111111111111@1111111111111111111111111111a1111111111111111111a111111111
39695,harshil,111
39696,harshil,111111111111111111111111111111111111111111@1111111111111111111111111111a1111111111111111111a111111111
39697,harshil,1
39698,harshil,1
39699,harshil,1
39700,harshil,111111111111111111111111111111111111111111@1111111111111111111111111111a1111111111111111111a111111111
39701,harshil,111
39702,harshil,111111111111111111111111111111111111111111@1111111111111111111111111111a1111111111111111111a111111111
39703,harshil,1
39704,harshil,1
39705,harshil,1
39706,harshil,111111111111111111111111111111111111111111@1111111111111111111111111111a1111111111111111111a111111111
39707,harshil,111
39708,harshil,111111111111111111111111111111111111111111@1111111111111111111111111111a1111111111111111111a111111111
39709,harshil,1
39710,harshil,1
39711,harshil,1
39712,harshil,111111111111111111111111111111111111111111@1111111111111111111111111111a1111111111111111111a111111111
39713,harshil,111
39714,harshil,111111111111111111111111111111111111111111@1111111111111111111111111111a1111111111111111111a111111111
39715,harshil,1
39716,harshil,1
39717,harshil,1
39718,harshil,111111111111111111111111111111111111111111@1111111111111111111111111111a1111111111111111111a111111111
39719,harshil,111
39720,harshil,111111111111111111111111111111111111111111@1111111111111111111111111111a1111111111111111111a111111111
39721,harshil,1
39722,harshil,1
39723,harshil,1
39724,harshil,111111111111111111111111111111111111111111@1111111111111111111111111111a1111111111111111111a111111111
39725,harshil,111
39726,harshil,111111111111111111111111111111111111111111@1111111111111111111111111111a1111111111111111111a111111111
39727,harshil,1
39728,harshil,1
39729,harshil,1
39730,harshil,111111111111111111111111111111111111111111@1111111111111111111111111111a1111111111111111111a111111111
39731,harshil,111
39732,harshil,111111111111111111111111111111111111111111@1111111111111111111111111111a1111111111111111111a111111111
39733,harshil,1
39734,harshil,1
39735,harshil,1
39736,harshil,111111111111111111111111111111111111111111@1111111111111111111111111111a1111111111111111111a111111111
39737,harshil,111
39738,harshil,111111111111111111111111111111111111111111@1111111111111111111111111111a1111111111111111111a111111111
39739,harshil,1
39740,harshil,1
39741,harshil,1
39742,harshil,111111111111111111111111111111111111111111@1111111111111111111111111111a1111111111111111111a111111111
39743,harshil,111
39744,harshil,111111111111111111111111111111111111111111@1111111111111111111111111111a1111111111111111111a111111111
39745,harshil,1
39746,harshil,1
39747,harshil,1
39748,harshil,111111111111111111111111111111111111111111@1111111111111111111111111111a1111111111111111111a111111111
39749,harshil,111
39750,harshil,111111111111111111111111111111111111111111@1111111111111111111111111111a1111111111111111111a111111111
39751,harshil,1
39752,harshil,1
39753,harshil,1
39754,harshil,111111111111111111111111111111111111111111@1111111111111111111111111111a1111111111111111111a111111111
39755,harshil,111
39756,harshil,111111111111111111111111111111111111111111@1111111111111111111111111111a1111111111111111111a111111111
39757,harshil,1
39758,harshil,1
39759,harshil,1
39760,harshil,111111111111111111111111111111111111111111@1111111111111111111111111111a1111111111111111111a111111111
39761,harshil,111
39762,harshil,111111111111111111111111111111111111111111@1111111111111111111111111111a1111111111111111111a111111111
39763,harshil,1
39764,harshil,1
39765,harshil,1
39766,harshil,111111111111111111111111111111111111111111@1111111111111111111111111111a1111111111111111111a111111111
39767,harshil,111
39768,harshil,111111111111111111111111111111111111111111@1111111111111111111111111111a1111111111111111111a111111111
39769,harshil,1
39770,harshil,1
39771,harshil,1
39772,harshil,111111111111111111111111111111111111111111@1111111111111111111111111111a1111111111111111111a111111111
39773,harshil,111
39774,harshil,111111111111111111111111111111111111111111@1111111111111111111111111111a1111111111111111111a111111111
39775,harshil,1
39776,harshil,1
39777,harshil,1
39778,harshil,111111111111111111111111111111111111111111@1111111111111111111111111111a1111111111111111111a111111111
39779,harshil,111
39780,harshil,111111111111111111111111111111111111111111@1111111111111111111111111111a1111111111111111111a111111111
39781,harshil,1
39782,harshil,1
39783,harshil,1
39784,harshil,111111111111111111111111111111111111111111@1111111111111111111111111111a1111111111111111111a111111111
39785,harshil,111
39786,harshil,111111111111111111111111111111111111111111@1111111111111111111111111111a1111111111111111111a111111111
39787,harshil,1
39788,harshil,1
39789,harshil,1
39790,harshil,111111111111111111111111111111111111111111@1111111111111111111111111111a1111111111111111111a111111111
39791,harshil,111
39792,harshil,111111111111111111111111111111111111111111@1111111111111111111111111111a1111111111111111111a111111111
39793,harshil,1
39794,harshil,1
39795,harshil,1
39796,harshil,111111111111111111111111111111111111111111@1111111111111111111111111111a1111111111111111111a111111111
39797,harshil,111
39798,harshil,111111111111111111111111111111111111111111@1111111111111111111111111111a1111111111111111111a111111111
39799,harshil,1
39800,harshil,1
39801,harshil,1
39802,harshil,111111111111111111111111111111111111111111@1111111111111111111111111111a1111111111111111111a111111111
39803,harshil,111
39804,harshil,111111111111111111111111111111111111111111@1111111111111111111111111111a1111111111111111111a111111111
39805,harshil,1
39806,harshil,1
39807,harshil,1
39808,harshil,111111111111111111111111111111111111111111@1111111111111111111111111111a1111111111111111111a111111111
39809,harshil,111
39810,harshil,111111111111111111111111111111111111111111@1111111111111111111111111111a1111111111111111111a111111111
39811,harshil,1
39812,harshil,1
39813,harshil,1
39814,harshil,111111111111111111111111111111111111111111@1111111111111111111111111111a1111111111111111111a111111111
39815,harshil,111
39816,harshil,111111111111111111111111111111111111111111@1111111111111111111111111111a1111111111111111111a111111111
39817,harshil,1
39818,harshil,1
39819,harshil,1
39820,harshil,111111111111111111111111111111111111111111@1111111111111111111111111111a1111111111111111111a111111111
39821,harshil,111
39822,harshil,111111111111111111111111111111111111111111@1111111111111111111111111111a1111111111111111111a111111111
39823,harshil,1
39824,harshil,1
39825,harshil,1
39826,harshil,111111111111111111111111111111111111111111@1111111111111111111111111111a1111111111111111111a111111111
39827,harshil,111
39828,harshil,111111111111111111111111111111111111111111@1111111111111111111111111111a1111111111111111111a111111111
39829,harshil,1
39830,harshil,1
39831,harshil,1
39832,harshil,111111111111111111111111111111111111111111@1111111111111111111111111111a1111111111111111111a111111111
39833,harshil,111
39834,harshil,111111111111111111111111111111111111111111@1111111111111111111111111111a1111111111111111111a111111111
39835,harshil,1
39836,harshil,1
39837,harshil,1
39838,harshil,111111111111111111111111111111111111111111@1111111111111111111111111111a1111111111111111111a111111111
39839,harshil,111
39840,harshil,111111111111111111111111111111111111111111@1111111111111111111111111111a1111111111111111111a111111111
39841,harshil,1
39842,harshil,1
39843,harshil,1
39844,harshil,111111111111111111111111111111111111111111@1111111111111111111111111111a1111111111111111111a111111111
39845,harshil,111
39846,harshil,111111111111111111111111111111111111111111@1111111111111111111111111111a1111111111111111111a111111111
39847,harshil,1
39848,harshil,1
39849,harshil,1
39850,harshil,111111111111111111111111111111111111111111@1111111111111111111111111111a1111111111111111111a111111111
39851,harshil,111
39852,harshil,111111111111111111111111111111111111111111@1111111111111111111111111111a1111111111111111111a111111111
39853,harshil,1
39854,harshil,1
39855,harshil,1
39856,harshil,111111111111111111111111111111111111111111@1111111111111111111111111111a1111111111111111111a111111111
39857,harshil,111
39858,harshil,111111111111111111111111111111111111111111@1111111111111111111111111111a1111111111111111111a111111111
39859,harshil,1
39860,harshil,1
39861,harshil,1
39862,harshil,111111111111111111111111111111111111111111@1111111111111111111111111111a1111111111111111111a111111111
39863,harshil,111
39864,harshil,111111111111111111111111111111111111111111@1111111111111111111111111111a1111111111111111111a111111111
39865,harshil,1
39866,harshil,1
39867,harshil,1
39868,harshil,111111111111111111111111111111111111111111@1111111111111111111111111111a1111111111111111111a111111111
39869,harshil,111
39870,harshil,111111111111111111111111111111111111111111@1111111111111111111111111111a1111111111111111111a111111111
39871,harshil,1
39872,harshil,1
39873,harshil,1
39874,harshil,111111111111111111111111111111111111111111@1111111111111111111111111111a1111111111111111111a111111111
39875,harshil,111
39876,harshil,111111111111111111111111111111111111111111@1111111111111111111111111111a1111111111111111111a111111111
39877,harshil,1
39878,harshil,1
39879,harshil,1
39880,harshil,111111111111111111111111111111111111111111@1111111111111111111111111111a1111111111111111111a111111111
39881,harshil,111
39882,harshil,111111111111111111111111111111111111111111@1111111111111111111111111111a1111111111111111111a111111111
39883,harshil,1
39884,harshil,1
39885,harshil,1
39886,harshil,111111111111111111111111111111111111111111@1111111111111111111111111111a1111111111111111111a111111111
39887,harshil,111
39888,harshil,111111111111111111111111111111111111111111@1111111111111111111111111111a1111111111111111111a111111111
39889,harshil,1
39890,harshil,1
39891,harshil,1
39892,harshil,111111111111111111111111111111111111111111@1111111111111111111111111111a1111111111111111111a111111111
39893,harshil,111
39894,harshil,111111111111111111111111111111111111111111@1111111111111111111111111111a1111111111111111111a111111111
39895,harshil,1
39896,harshil,1
39897,harshil,1
39898,harshil,111111111111111111111111111111111111111111@1111111111111111111111111111a1111111111111111111a111111111
39899,harshil,111
39900,harshil,111111111111111111111111111111111111111111@1111111111111111111111111111a1111111111111111111a111111111
39901,harshil,1
39902,harshil,1
39903,harshil,1
39904,harshil,111111111111111111111111111111111111111111@1111111111111111111111111111a1111111111111111111a111111111
39905,harshil,111
39906,harshil,111111111111111111111111111111111111111111@1111111111111111111111111111a1111111111111111111a111111111
39907,harshil,1
39908,harshil,1
39909,harshil,1
39910,harshil,111111111111111111111111111111111111111111@1111111111111111111111111111a1111111111111111111a111111111
39911,harshil,111
39912,harshil,111111111111111111111111111111111111111111@1111111111111111111111111111a1111111111111111111a111111111
39913,harshil,1
39914,harshil,1
39915,harshil,1
39916,harshil,111111111111111111111111111111111111111111@1111111111111111111111111111a1111111111111111111a111111111
39917,harshil,111
39918,harshil,111111111111111111111111111111111111111111@1111111111111111111111111111a1111111111111111111a111111111
39919,harshil,1
39920,harshil,1
39921,harshil,1
39922,harshil,111111111111111111111111111111111111111111@1111111111111111111111111111a1111111111111111111a111111111
39923,harshil,111
39924,harshil,111111111111111111111111111111111111111111@1111111111111111111111111111a1111111111111111111a111111111
39925,harshil,1
39926,harshil,1
39927,harshil,1
39928,harshil,111111111111111111111111111111111111111111@1111111111111111111111111111a1111111111111111111a111111111
39929,harshil,111
39930,harshil,111111111111111111111111111111111111111111@1111111111111111111111111111a1111111111111111111a111111111
39931,harshil,1
39932,harshil,1
39933,harshil,1
39934,harshil,111111111111111111111111111111111111111111@1111111111111111111111111111a1111111111111111111a111111111
39935,harshil,111
39936,harshil,111111111111111111111111111111111111111111@1111111111111111111111111111a1111111111111111111a111111111
39937,harshil,1
39938,harshil,1
39939,harshil,1
39940,harshil,111111111111111111111111111111111111111111@1111111111111111111111111111a1111111111111111111a111111111
39941,harshil,111
39942,harshil,111111111111111111111111111111111111111111@1111111111111111111111111111a1111111111111111111a111111111
39943,harshil,1
39944,harshil,1
39945,harshil,1
39946,harshil,111111111111111111111111111111111111111111@1111111111111111111111111111a1111111111111111111a111111111
39947,harshil,111
39948,harshil,111111111111111111111111111111111111111111@1111111111111111111111111111a1111111111111111111a111111111
39949,harshil,1
39950,harshil,1
39951,harshil,1
39952,harshil,111111111111111111111111111111111111111111@1111111111111111111111111111a1111111111111111111a111111111
39953,harshil,111
39954,harshil,111111111111111111111111111111111111111111@1111111111111111111111111111a1111111111111111111a111111111
39955,harshil,1
39956,harshil,1
39957,harshil,1
39958,harshil,111111111111111111111111111111111111111111@1111111111111111111111111111a1111111111111111111a111111111
39959,harshil,111
39960,harshil,111111111111111111111111111111111111111111@1111111111111111111111111111a1111111111111111111a111111111
39961,harshil,1
39962,harshil,1
39963,harshil,1
39964,harshil,111111111111111111111111111111111111111111@1111111111111111111111111111a1111111111111111111a111111111
39965,harshil,111
39966,harshil,111111111111111111111111111111111111111111@1111111111111111111111111111a1111111111111111111a111111111
39967,harshil,1
39968,harshil,1
39969,harshil,1
39970,harshil,111111111111111111111111111111111111111111@1111111111111111111111111111a1111111111111111111a111111111
39971,harshil,111
39972,harshil,111111111111111111111111111111111111111111@1111111111111111111111111111a1111111111111111111a111111111
39973,harshil,1
39974,harshil,1
39975,harshil,1
39976,harshil,111111111111111111111111111111111111111111@1111111111111111111111111111a1111111111111111111a111111111
39977,harshil,111
39978,harshil,111111111111111111111111111111111111111111@1111111111111111111111111111a1111111111111111111a111111111
39979,harshil,1
39980,harshil,1
39981,harshil,1
39982,harshil,111111111111111111111111111111111111111111@1111111111111111111111111111a1111111111111111111a111111111
39983,harshil,111
39984,harshil,111111111111111111111111111111111111111111@1111111111111111111111111111a1111111111111111111a111111111
39985,harshil,1
39986,harshil,1
39987,harshil,1
39988,harshil,111111111111111111111111111111111111111111@1111111111111111111111111111a1111111111111111111a111111111
39989,harshil,111
39990,harshil,111111111111111111111111111111111111111111@1111111111111111111111111111a1111111111111111111a111111111
39991,harshil,1
39992,harshil,1
39993,harshil,1
39994,harshil,111111111111111111111111111111111111111111@1111111111111111111111111111a1111111111111111111a111111111
39995,harshil,111
39996,harshil,111111111111111111111111111111111111111111@1111111111111111111111111111a1111111111111111111a111111111
39997,harshil,1
39998,harshil,1
39999,harshil,1
40000,harshil,111111111111111111111111111111111111111111@1111111111111111111111111111a1111111111111111111a111111111
40001,harshil,111
40002,harshil,111111111111111111111111111111111111111111@1111111111111111111111111111a1111111111111111111a111111111
40003,harshil,1
40004,harshil,1
40005,harshil,1
40006,harshil,111111111111111111111111111111111111111111@1111111111111111111111111111a1111111111111111111a111111111
40007,harshil,111
40008,harshil,111111111111111111111111111111111111111111@1111111111111111111111111111a1111111111111111111a111111111
40009,harshil,1
40010,harshil,1
40011,harshil,1
40012,harshil,111111111111111111111111111111111111111111@1111111111111111111111111111a1111111111111111111a111111111
40013,harshil,111
40014,harshil,111111111111111111111111111111111111111111@1111111111111111111111111111a1111111111111111111a111111111
40015,harshil,1
40016,harshil,1
40017,harshil,1
40018,harshil,111111111111111111111111111111111111111111@1111111111111111111111111111a1111111111111111111a111111111
40019,harshil,111
40020,harshil,111111111111111111111111111111111111111111@1111111111111111111111111111a1111111111111111111a111111111
40021,harshil,1
40022,harshil,1
40023,harshil,1
40024,harshil,111111111111111111111111111111111111111111@1111111111111111111111111111a1111111111111111111a111111111
40025,harshil,111
40026,harshil,111111111111111111111111111111111111111111@1111111111111111111111111111a1111111111111111111a111111111
40027,harshil,1
40028,harshil,1
40029,harshil,1
40030,harshil,111111111111111111111111111111111111111111@1111111111111111111111111111a1111111111111111111a111111111
40031,harshil,111
40032,harshil,111111111111111111111111111111111111111111@1111111111111111111111111111a1111111111111111111a111111111
40033,harshil,1
40034,harshil,1
40035,harshil,1
40036,harshil,111111111111111111111111111111111111111111@1111111111111111111111111111a1111111111111111111a111111111
40037,harshil,111
40038,harshil,111111111111111111111111111111111111111111@1111111111111111111111111111a1111111111111111111a111111111
40039,harshil,1
40040,harshil,1
40041,harshil,1
40042,harshil,111111111111111111111111111111111111111111@1111111111111111111111111111a1111111111111111111a111111111
40043,harshil,111
40044,harshil,111111111111111111111111111111111111111111@1111111111111111111111111111a1111111111111111111a111111111
40045,harshil,1
40046,harshil,1
40047,harshil,1
40048,harshil,111111111111111111111111111111111111111111@1111111111111111111111111111a1111111111111111111a111111111
40049,harshil,111
40050,harshil,111111111111111111111111111111111111111111@1111111111111111111111111111a1111111111111111111a111111111
40051,harshil,1
40052,harshil,1
40053,harshil,1
40054,harshil,111111111111111111111111111111111111111111@1111111111111111111111111111a1111111111111111111a111111111
40055,harshil,111
40056,harshil,111111111111111111111111111111111111111111@1111111111111111111111111111a1111111111111111111a111111111
40057,harshil,1
40058,harshil,1
40059,harshil,1
40060,harshil,111111111111111111111111111111111111111111@1111111111111111111111111111a1111111111111111111a111111111
40061,harshil,111
40062,harshil,111111111111111111111111111111111111111111@1111111111111111111111111111a1111111111111111111a111111111
40063,harshil,1
40064,harshil,1
40065,harshil,1
40066,harshil,111111111111111111111111111111111111111111@1111111111111111111111111111a1111111111111111111a111111111
40067,harshil,111
40068,harshil,111111111111111111111111111111111111111111@1111111111111111111111111111a1111111111111111111a111111111
40069,harshil,1
40070,harshil,1
40071,harshil,1
40072,harshil,111111111111111111111111111111111111111111@1111111111111111111111111111a1111111111111111111a111111111
40073,harshil,111
40074,harshil,111111111111111111111111111111111111111111@1111111111111111111111111111a1111111111111111111a111111111
40075,harshil,1
40076,harshil,1
40077,harshil,1
40078,harshil,111111111111111111111111111111111111111111@1111111111111111111111111111a1111111111111111111a111111111
40079,harshil,111
40080,harshil,111111111111111111111111111111111111111111@1111111111111111111111111111a1111111111111111111a111111111
40081,harshil,1
40082,harshil,1
40083,harshil,1
40084,harshil,111111111111111111111111111111111111111111@1111111111111111111111111111a1111111111111111111a111111111
40085,harshil,111
40086,harshil,111111111111111111111111111111111111111111@1111111111111111111111111111a1111111111111111111a111111111
40087,harshil,1
40088,harshil,1
40089,harshil,1
40090,harshil,111111111111111111111111111111111111111111@1111111111111111111111111111a1111111111111111111a111111111
40091,harshil,111
40092,harshil,111111111111111111111111111111111111111111@1111111111111111111111111111a1111111111111111111a111111111
40093,harshil,1
40094,harshil,1
40095,harshil,1
40096,harshil,111111111111111111111111111111111111111111@1111111111111111111111111111a1111111111111111111a111111111
40097,harshil,111
40098,harshil,111111111111111111111111111111111111111111@1111111111111111111111111111a1111111111111111111a111111111
40099,harshil,1
40100,harshil,1
40101,harshil,1
40102,harshil,111111111111111111111111111111111111111111@1111111111111111111111111111a1111111111111111111a111111111
40103,harshil,111
40104,harshil,111111111111111111111111111111111111111111@1111111111111111111111111111a1111111111111111111a111111111
40105,harshil,1
40106,harshil,1
40107,harshil,1
40108,harshil,111111111111111111111111111111111111111111@1111111111111111111111111111a1111111111111111111a111111111
40109,harshil,111
40110,harshil,111111111111111111111111111111111111111111@1111111111111111111111111111a1111111111111111111a111111111
40111,harshil,1
40112,harshil,1
40113,harshil,1
40114,harshil,111111111111111111111111111111111111111111@1111111111111111111111111111a1111111111111111111a111111111
40115,harshil,111
40116,harshil,111111111111111111111111111111111111111111@1111111111111111111111111111a1111111111111111111a111111111
40117,harshil,1
40118,harshil,1
40119,harshil,1
40120,harshil,111111111111111111111111111111111111111111@1111111111111111111111111111a1111111111111111111a111111111
40121,harshil,111
40122,harshil,111111111111111111111111111111111111111111@1111111111111111111111111111a1111111111111111111a111111111
40123,harshil,1
40124,harshil,1
40125,harshil,1
40126,harshil,111111111111111111111111111111111111111111@1111111111111111111111111111a1111111111111111111a111111111
40127,harshil,111
40128,harshil,111111111111111111111111111111111111111111@1111111111111111111111111111a1111111111111111111a111111111
40129,harshil,1
40130,harshil,1
40131,harshil,1
40132,harshil,111111111111111111111111111111111111111111@1111111111111111111111111111a1111111111111111111a111111111
40133,harshil,111
40134,harshil,111111111111111111111111111111111111111111@1111111111111111111111111111a1111111111111111111a111111111
40135,harshil,1
40136,harshil,1
40137,harshil,1
40138,harshil,111111111111111111111111111111111111111111@1111111111111111111111111111a1111111111111111111a111111111
40139,harshil,111
40140,harshil,111111111111111111111111111111111111111111@1111111111111111111111111111a1111111111111111111a111111111
40141,harshil,1
40142,harshil,1
40143,harshil,1
40144,harshil,111111111111111111111111111111111111111111@1111111111111111111111111111a1111111111111111111a111111111
40145,harshil,111
40146,harshil,111111111111111111111111111111111111111111@1111111111111111111111111111a1111111111111111111a111111111
40147,harshil,1
40148,harshil,1
40149,harshil,1
40150,harshil,111111111111111111111111111111111111111111@1111111111111111111111111111a1111111111111111111a111111111
40151,harshil,111
40152,harshil,111111111111111111111111111111111111111111@1111111111111111111111111111a1111111111111111111a111111111
40153,harshil,1
40154,harshil,1
40155,harshil,1
40156,harshil,111111111111111111111111111111111111111111@1111111111111111111111111111a1111111111111111111a111111111
40157,harshil,111
40158,harshil,111111111111111111111111111111111111111111@1111111111111111111111111111a1111111111111111111a111111111
40159,harshil,1
40160,harshil,1
40161,harshil,1
40162,harshil,111111111111111111111111111111111111111111@1111111111111111111111111111a1111111111111111111a111111111
40163,harshil,111
40164,harshil,111111111111111111111111111111111111111111@1111111111111111111111111111a1111111111111111111a111111111
40165,harshil,1
40166,harshil,1
40167,harshil,1
40168,harshil,111111111111111111111111111111111111111111@1111111111111111111111111111a1111111111111111111a111111111
40169,harshil,111
40170,harshil,111111111111111111111111111111111111111111@1111111111111111111111111111a1111111111111111111a111111111
40171,harshil,1
40172,harshil,1
40173,harshil,1
40174,harshil,111111111111111111111111111111111111111111@1111111111111111111111111111a1111111111111111111a111111111
40175,harshil,111
40176,harshil,111111111111111111111111111111111111111111@1111111111111111111111111111a1111111111111111111a111111111
40177,harshil,1
40178,harshil,1
40179,harshil,1
40180,harshil,111111111111111111111111111111111111111111@1111111111111111111111111111a1111111111111111111a111111111
40181,harshil,111
40182,harshil,111111111111111111111111111111111111111111@1111111111111111111111111111a1111111111111111111a111111111
40183,harshil,1
40184,harshil,1
40185,harshil,1
40186,harshil,111111111111111111111111111111111111111111@1111111111111111111111111111a1111111111111111111a111111111
40187,harshil,111
40188,harshil,111111111111111111111111111111111111111111@1111111111111111111111111111a1111111111111111111a111111111
40189,harshil,1
40190,harshil,1
40191,harshil,1
40192,harshil,111111111111111111111111111111111111111111@1111111111111111111111111111a1111111111111111111a111111111
40193,harshil,111
40194,harshil,111111111111111111111111111111111111111111@1111111111111111111111111111a1111111111111111111a111111111
40195,harshil,1
40196,harshil,1
40197,harshil,1
40198,harshil,111111111111111111111111111111111111111111@1111111111111111111111111111a1111111111111111111a111111111
40199,harshil,111
40200,harshil,111111111111111111111111111111111111111111@1111111111111111111111111111a1111111111111111111a111111111
40201,harshil,1
40202,harshil,1
40203,harshil,1
40204,harshil,111111111111111111111111111111111111111111@1111111111111111111111111111a1111111111111111111a111111111
40205,harshil,111
40206,harshil,111111111111111111111111111111111111111111@1111111111111111111111111111a1111111111111111111a111111111
40207,harshil,1
40208,harshil,1
40209,harshil,1
40210,harshil,111111111111111111111111111111111111111111@1111111111111111111111111111a1111111111111111111a111111111
40211,harshil,111
40212,harshil,111111111111111111111111111111111111111111@1111111111111111111111111111a1111111111111111111a111111111
40213,harshil,1
40214,harshil,1
40215,harshil,1
40216,harshil,111111111111111111111111111111111111111111@1111111111111111111111111111a1111111111111111111a111111111
40217,harshil,111
40218,harshil,111111111111111111111111111111111111111111@1111111111111111111111111111a1111111111111111111a111111111
40219,harshil,1
40220,harshil,1
40221,harshil,1
40222,harshil,111111111111111111111111111111111111111111@1111111111111111111111111111a1111111111111111111a111111111
40223,harshil,111
40224,harshil,111111111111111111111111111111111111111111@1111111111111111111111111111a1111111111111111111a111111111
40225,harshil,1
40226,harshil,1
40227,harshil,1
40228,harshil,111111111111111111111111111111111111111111@1111111111111111111111111111a1111111111111111111a111111111
40229,harshil,111
40230,harshil,111111111111111111111111111111111111111111@1111111111111111111111111111a1111111111111111111a111111111
40231,harshil,1
40232,harshil,1
40233,harshil,1
40234,harshil,111111111111111111111111111111111111111111@1111111111111111111111111111a1111111111111111111a111111111
40235,harshil,111
40236,harshil,111111111111111111111111111111111111111111@1111111111111111111111111111a1111111111111111111a111111111
40237,harshil,1
40238,harshil,1
40239,harshil,1
40240,harshil,111111111111111111111111111111111111111111@1111111111111111111111111111a1111111111111111111a111111111
40241,harshil,111
40242,harshil,111111111111111111111111111111111111111111@1111111111111111111111111111a1111111111111111111a111111111
40243,harshil,1
40244,harshil,1
40245,harshil,1
40246,harshil,111111111111111111111111111111111111111111@1111111111111111111111111111a1111111111111111111a111111111
40247,harshil,111
40248,harshil,111111111111111111111111111111111111111111@1111111111111111111111111111a1111111111111111111a111111111
40249,harshil,1
40250,harshil,1
40251,harshil,1
40252,harshil,111111111111111111111111111111111111111111@1111111111111111111111111111a1111111111111111111a111111111
40253,harshil,111
40254,harshil,111111111111111111111111111111111111111111@1111111111111111111111111111a1111111111111111111a111111111
40255,harshil,1
40256,harshil,1
40257,harshil,1
40258,harshil,111111111111111111111111111111111111111111@1111111111111111111111111111a1111111111111111111a111111111
40259,harshil,111
40260,harshil,111111111111111111111111111111111111111111@1111111111111111111111111111a1111111111111111111a111111111
40261,harshil,1
40262,harshil,1
40263,harshil,1
40264,harshil,111111111111111111111111111111111111111111@1111111111111111111111111111a1111111111111111111a111111111
40265,harshil,111
40266,harshil,111111111111111111111111111111111111111111@1111111111111111111111111111a1111111111111111111a111111111
40267,harshil,1
40268,harshil,1
40269,harshil,1
40270,harshil,111111111111111111111111111111111111111111@1111111111111111111111111111a1111111111111111111a111111111
40271,harshil,111
40272,harshil,111111111111111111111111111111111111111111@1111111111111111111111111111a1111111111111111111a111111111
40273,harshil,1
40274,harshil,1
40275,harshil,1
40276,harshil,111111111111111111111111111111111111111111@1111111111111111111111111111a1111111111111111111a111111111
40277,harshil,111
40278,harshil,111111111111111111111111111111111111111111@1111111111111111111111111111a1111111111111111111a111111111
40279,harshil,1
40280,harshil,1
40281,harshil,1
40282,harshil,111111111111111111111111111111111111111111@1111111111111111111111111111a1111111111111111111a111111111
40283,harshil,111
40284,harshil,111111111111111111111111111111111111111111@1111111111111111111111111111a1111111111111111111a111111111
40285,harshil,1
40286,harshil,1
40287,harshil,1
40288,harshil,111111111111111111111111111111111111111111@1111111111111111111111111111a1111111111111111111a111111111
40289,harshil,111
40290,harshil,111111111111111111111111111111111111111111@1111111111111111111111111111a1111111111111111111a111111111
40291,harshil,1
40292,harshil,1
40293,harshil,1
40294,harshil,111111111111111111111111111111111111111111@1111111111111111111111111111a1111111111111111111a111111111
40295,harshil,111
40296,harshil,111111111111111111111111111111111111111111@1111111111111111111111111111a1111111111111111111a111111111
40297,harshil,1
40298,harshil,1
40299,harshil,1
40300,harshil,111111111111111111111111111111111111111111@1111111111111111111111111111a1111111111111111111a111111111
40301,harshil,111
40302,harshil,111111111111111111111111111111111111111111@1111111111111111111111111111a1111111111111111111a111111111
40303,harshil,1
40304,harshil,1
40305,harshil,1
40306,harshil,111111111111111111111111111111111111111111@1111111111111111111111111111a1111111111111111111a111111111
40307,harshil,111
40308,harshil,111111111111111111111111111111111111111111@1111111111111111111111111111a1111111111111111111a111111111
40309,harshil,1
40310,harshil,1
40311,harshil,1
40312,harshil,111111111111111111111111111111111111111111@1111111111111111111111111111a1111111111111111111a111111111
40313,harshil,111
40314,harshil,111111111111111111111111111111111111111111@1111111111111111111111111111a1111111111111111111a111111111
40315,harshil,1
40316,harshil,1
40317,harshil,1
40318,harshil,111111111111111111111111111111111111111111@1111111111111111111111111111a1111111111111111111a111111111
40319,harshil,111
40320,harshil,111111111111111111111111111111111111111111@1111111111111111111111111111a1111111111111111111a111111111
40321,harshil,1
40322,harshil,1
40323,harshil,1
40324,harshil,111111111111111111111111111111111111111111@1111111111111111111111111111a1111111111111111111a111111111
40325,harshil,111
40326,harshil,111111111111111111111111111111111111111111@1111111111111111111111111111a1111111111111111111a111111111
40327,harshil,1
40328,harshil,1
40329,harshil,1
40330,harshil,111111111111111111111111111111111111111111@1111111111111111111111111111a1111111111111111111a111111111
40331,harshil,111
40332,harshil,111111111111111111111111111111111111111111@1111111111111111111111111111a1111111111111111111a111111111
40333,harshil,1
40334,harshil,1
40335,harshil,1
40336,harshil,111111111111111111111111111111111111111111@1111111111111111111111111111a1111111111111111111a111111111
40337,harshil,111
40338,harshil,111111111111111111111111111111111111111111@1111111111111111111111111111a1111111111111111111a111111111
40339,harshil,1
40340,harshil,1
40341,harshil,1
40342,harshil,111111111111111111111111111111111111111111@1111111111111111111111111111a1111111111111111111a111111111
40343,harshil,111
40344,harshil,111111111111111111111111111111111111111111@1111111111111111111111111111a1111111111111111111a111111111
40345,harshil,1
40346,harshil,1
40347,harshil,1
40348,harshil,111111111111111111111111111111111111111111@1111111111111111111111111111a1111111111111111111a111111111
40349,harshil,111
40350,harshil,111111111111111111111111111111111111111111@1111111111111111111111111111a1111111111111111111a111111111
40351,harshil,1
40352,harshil,1
40353,harshil,1
40354,harshil,111111111111111111111111111111111111111111@1111111111111111111111111111a1111111111111111111a111111111
40355,harshil,111
40356,harshil,111111111111111111111111111111111111111111@1111111111111111111111111111a1111111111111111111a111111111
40357,harshil,1
40358,harshil,1
40359,harshil,1
40360,harshil,111111111111111111111111111111111111111111@1111111111111111111111111111a1111111111111111111a111111111
40361,harshil,111
40362,harshil,111111111111111111111111111111111111111111@1111111111111111111111111111a1111111111111111111a111111111
40363,harshil,1
40364,harshil,1
40365,harshil,1
40366,harshil,111111111111111111111111111111111111111111@1111111111111111111111111111a1111111111111111111a111111111
40367,harshil,111
40368,harshil,111111111111111111111111111111111111111111@1111111111111111111111111111a1111111111111111111a111111111
40369,harshil,1
40370,harshil,1
40371,harshil,1
40372,harshil,111111111111111111111111111111111111111111@1111111111111111111111111111a1111111111111111111a111111111
40373,harshil,111
40374,harshil,111111111111111111111111111111111111111111@1111111111111111111111111111a1111111111111111111a111111111
40375,harshil,1
40376,harshil,1
40377,harshil,1
40378,harshil,111111111111111111111111111111111111111111@1111111111111111111111111111a1111111111111111111a111111111
40379,harshil,111
40380,harshil,111111111111111111111111111111111111111111@1111111111111111111111111111a1111111111111111111a111111111
40381,harshil,1
40382,harshil,1
40383,harshil,1
40384,harshil,111111111111111111111111111111111111111111@1111111111111111111111111111a1111111111111111111a111111111
40385,harshil,111
40386,harshil,111111111111111111111111111111111111111111@1111111111111111111111111111a1111111111111111111a111111111
40387,harshil,1
40388,harshil,1
40389,harshil,1
40390,harshil,111111111111111111111111111111111111111111@1111111111111111111111111111a1111111111111111111a111111111
40391,harshil,111
40392,harshil,111111111111111111111111111111111111111111@1111111111111111111111111111a1111111111111111111a111111111
40393,harshil,1
40394,harshil,1
40395,harshil,1
40396,harshil,111111111111111111111111111111111111111111@1111111111111111111111111111a1111111111111111111a111111111
40397,harshil,111
40398,harshil,111111111111111111111111111111111111111111@1111111111111111111111111111a1111111111111111111a111111111
40399,harshil,1
40400,harshil,1
40401,harshil,1
40402,harshil,111111111111111111111111111111111111111111@1111111111111111111111111111a1111111111111111111a111111111
40403,harshil,111
40404,harshil,111111111111111111111111111111111111111111@1111111111111111111111111111a1111111111111111111a111111111
40405,harshil,1
40406,harshil,1
40407,harshil,1
40408,harshil,111111111111111111111111111111111111111111@1111111111111111111111111111a1111111111111111111a111111111
40409,harshil,111
40410,harshil,111111111111111111111111111111111111111111@1111111111111111111111111111a1111111111111111111a111111111
40411,harshil,1
40412,harshil,1
40413,harshil,1
40414,harshil,111111111111111111111111111111111111111111@1111111111111111111111111111a1111111111111111111a111111111
40415,harshil,111
40416,harshil,111111111111111111111111111111111111111111@1111111111111111111111111111a1111111111111111111a111111111
40417,harshil,1
40418,harshil,1
40419,harshil,1
40420,harshil,111111111111111111111111111111111111111111@1111111111111111111111111111a1111111111111111111a111111111
40421,harshil,111
40422,harshil,111111111111111111111111111111111111111111@1111111111111111111111111111a1111111111111111111a111111111
40423,harshil,1
40424,harshil,1
40425,harshil,1
40426,harshil,111111111111111111111111111111111111111111@1111111111111111111111111111a1111111111111111111a111111111
40427,harshil,111
40428,harshil,111111111111111111111111111111111111111111@1111111111111111111111111111a1111111111111111111a111111111
40429,harshil,1
40430,harshil,1
40431,harshil,1
40432,harshil,111111111111111111111111111111111111111111@1111111111111111111111111111a1111111111111111111a111111111
40433,harshil,111
40434,harshil,111111111111111111111111111111111111111111@1111111111111111111111111111a1111111111111111111a111111111
40435,harshil,1
40436,harshil,1
40437,harshil,1
40438,harshil,111111111111111111111111111111111111111111@1111111111111111111111111111a1111111111111111111a111111111
40439,harshil,111
40440,harshil,111111111111111111111111111111111111111111@1111111111111111111111111111a1111111111111111111a111111111
40441,harshil,1
40442,harshil,1
40443,harshil,1
40444,harshil,111111111111111111111111111111111111111111@1111111111111111111111111111a1111111111111111111a111111111
40445,harshil,111
40446,harshil,111111111111111111111111111111111111111111@1111111111111111111111111111a1111111111111111111a111111111
40447,harshil,1
40448,harshil,1
40449,harshil,1
40450,harshil,111111111111111111111111111111111111111111@1111111111111111111111111111a1111111111111111111a111111111
40451,harshil,111
40452,harshil,111111111111111111111111111111111111111111@1111111111111111111111111111a1111111111111111111a111111111
40453,harshil,1
40454,harshil,1
40455,harshil,1
40456,harshil,111111111111111111111111111111111111111111@1111111111111111111111111111a1111111111111111111a111111111
40457,harshil,111
40458,harshil,111111111111111111111111111111111111111111@1111111111111111111111111111a1111111111111111111a111111111
40459,harshil,1
40460,harshil,1
40461,harshil,1
40462,harshil,111111111111111111111111111111111111111111@1111111111111111111111111111a1111111111111111111a111111111
40463,harshil,111
40464,harshil,111111111111111111111111111111111111111111@1111111111111111111111111111a1111111111111111111a111111111
40465,harshil,1
40466,harshil,1
40467,harshil,1
40468,harshil,111111111111111111111111111111111111111111@1111111111111111111111111111a1111111111111111111a111111111
40469,harshil,111
40470,harshil,111111111111111111111111111111111111111111@1111111111111111111111111111a1111111111111111111a111111111
40471,harshil,1
40472,harshil,1
40473,harshil,1
40474,harshil,111111111111111111111111111111111111111111@1111111111111111111111111111a1111111111111111111a111111111
40475,harshil,111
40476,harshil,111111111111111111111111111111111111111111@1111111111111111111111111111a1111111111111111111a111111111
40477,harshil,1
40478,harshil,1
40479,harshil,1
40480,harshil,111111111111111111111111111111111111111111@1111111111111111111111111111a1111111111111111111a111111111
40481,harshil,111
40482,harshil,111111111111111111111111111111111111111111@1111111111111111111111111111a1111111111111111111a111111111
40483,harshil,1
40484,harshil,1
40485,harshil,1
40486,harshil,111111111111111111111111111111111111111111@1111111111111111111111111111a1111111111111111111a111111111
40487,harshil,111
40488,harshil,111111111111111111111111111111111111111111@1111111111111111111111111111a1111111111111111111a111111111
40489,harshil,1
40490,harshil,1
40491,harshil,1
40492,harshil,111111111111111111111111111111111111111111@1111111111111111111111111111a1111111111111111111a111111111
40493,harshil,111
40494,harshil,111111111111111111111111111111111111111111@1111111111111111111111111111a1111111111111111111a111111111
40495,harshil,1
40496,harshil,1
40497,harshil,1
40498,harshil,111111111111111111111111111111111111111111@1111111111111111111111111111a1111111111111111111a111111111
40499,harshil,111
40500,harshil,111111111111111111111111111111111111111111@1111111111111111111111111111a1111111111111111111a111111111
40501,harshil,1
40502,harshil,1
40503,harshil,1
40504,harshil,111111111111111111111111111111111111111111@1111111111111111111111111111a1111111111111111111a111111111
40505,harshil,111
40506,harshil,111111111111111111111111111111111111111111@1111111111111111111111111111a1111111111111111111a111111111
40507,harshil,1
40508,harshil,1
40509,harshil,1
40510,harshil,111111111111111111111111111111111111111111@1111111111111111111111111111a1111111111111111111a111111111
40511,harshil,111
40512,harshil,111111111111111111111111111111111111111111@1111111111111111111111111111a1111111111111111111a111111111
40513,harshil,1
40514,harshil,1
40515,harshil,1
40516,harshil,111111111111111111111111111111111111111111@1111111111111111111111111111a1111111111111111111a111111111
40517,harshil,111
40518,harshil,111111111111111111111111111111111111111111@1111111111111111111111111111a1111111111111111111a111111111
40519,harshil,1
40520,harshil,1
40521,harshil,1
40522,harshil,111111111111111111111111111111111111111111@1111111111111111111111111111a1111111111111111111a111111111
40523,harshil,111
40524,harshil,111111111111111111111111111111111111111111@1111111111111111111111111111a1111111111111111111a111111111
40525,harshil,1
40526,harshil,1
40527,harshil,1
40528,harshil,111111111111111111111111111111111111111111@1111111111111111111111111111a1111111111111111111a111111111
40529,harshil,111
40530,harshil,111111111111111111111111111111111111111111@1111111111111111111111111111a1111111111111111111a111111111
40531,harshil,1
40532,harshil,1
40533,harshil,1
40534,harshil,111111111111111111111111111111111111111111@1111111111111111111111111111a1111111111111111111a111111111
40535,harshil,111
40536,harshil,111111111111111111111111111111111111111111@1111111111111111111111111111a1111111111111111111a111111111
40537,harshil,1
40538,harshil,1
40539,harshil,1
40540,harshil,111111111111111111111111111111111111111111@1111111111111111111111111111a1111111111111111111a111111111
40541,harshil,111
40542,harshil,111111111111111111111111111111111111111111@1111111111111111111111111111a1111111111111111111a111111111
40543,harshil,1
40544,harshil,1
40545,harshil,1
40546,harshil,111111111111111111111111111111111111111111@1111111111111111111111111111a1111111111111111111a111111111
40547,harshil,111
40548,harshil,111111111111111111111111111111111111111111@1111111111111111111111111111a1111111111111111111a111111111
40549,harshil,1
40550,harshil,1
40551,harshil,1
40552,harshil,111111111111111111111111111111111111111111@1111111111111111111111111111a1111111111111111111a111111111
40553,harshil,111
40554,harshil,111111111111111111111111111111111111111111@1111111111111111111111111111a1111111111111111111a111111111
40555,harshil,1
40556,harshil,1
40557,harshil,1
40558,harshil,111111111111111111111111111111111111111111@1111111111111111111111111111a1111111111111111111a111111111
40559,harshil,111
40560,harshil,111111111111111111111111111111111111111111@1111111111111111111111111111a1111111111111111111a111111111
40561,harshil,1
40562,harshil,1
40563,harshil,1
40564,harshil,111111111111111111111111111111111111111111@1111111111111111111111111111a1111111111111111111a111111111
40565,harshil,111
40566,harshil,111111111111111111111111111111111111111111@1111111111111111111111111111a1111111111111111111a111111111
40567,harshil,1
40568,harshil,1
40569,harshil,1
40570,harshil,111111111111111111111111111111111111111111@1111111111111111111111111111a1111111111111111111a111111111
40571,harshil,111
40572,harshil,111111111111111111111111111111111111111111@1111111111111111111111111111a1111111111111111111a111111111
40573,harshil,1
40574,harshil,1
40575,harshil,1
40576,harshil,111111111111111111111111111111111111111111@1111111111111111111111111111a1111111111111111111a111111111
40577,harshil,111
40578,harshil,111111111111111111111111111111111111111111@1111111111111111111111111111a1111111111111111111a111111111
40579,harshil,1
40580,harshil,1
40581,harshil,1
40582,harshil,111111111111111111111111111111111111111111@1111111111111111111111111111a1111111111111111111a111111111
40583,harshil,111
40584,harshil,111111111111111111111111111111111111111111@1111111111111111111111111111a1111111111111111111a111111111
40585,harshil,1
40586,harshil,1
40587,harshil,1
40588,harshil,111111111111111111111111111111111111111111@1111111111111111111111111111a1111111111111111111a111111111
40589,harshil,111
40590,harshil,111111111111111111111111111111111111111111@1111111111111111111111111111a1111111111111111111a111111111
40591,harshil,1
40592,harshil,1
40593,harshil,1
40594,harshil,111111111111111111111111111111111111111111@1111111111111111111111111111a1111111111111111111a111111111
40595,harshil,111
40596,harshil,111111111111111111111111111111111111111111@1111111111111111111111111111a1111111111111111111a111111111
40597,harshil,1
40598,harshil,1
40599,harshil,1
40600,harshil,111111111111111111111111111111111111111111@1111111111111111111111111111a1111111111111111111a111111111
40601,harshil,111
40602,harshil,111111111111111111111111111111111111111111@1111111111111111111111111111a1111111111111111111a111111111
40603,harshil,1
40604,harshil,1
40605,harshil,1
40606,harshil,111111111111111111111111111111111111111111@1111111111111111111111111111a1111111111111111111a111111111
40607,harshil,111
40608,harshil,111111111111111111111111111111111111111111@1111111111111111111111111111a1111111111111111111a111111111
40609,harshil,1
40610,harshil,1
40611,harshil,1
40612,harshil,111111111111111111111111111111111111111111@1111111111111111111111111111a1111111111111111111a111111111
40613,harshil,111
40614,harshil,111111111111111111111111111111111111111111@1111111111111111111111111111a1111111111111111111a111111111
40615,harshil,1
40616,harshil,1
40617,harshil,1
40618,harshil,111111111111111111111111111111111111111111@1111111111111111111111111111a1111111111111111111a111111111
40619,harshil,111
40620,harshil,111111111111111111111111111111111111111111@1111111111111111111111111111a1111111111111111111a111111111
40621,harshil,1
40622,harshil,1
40623,harshil,1
40624,harshil,111111111111111111111111111111111111111111@1111111111111111111111111111a1111111111111111111a111111111
40625,harshil,111
40626,harshil,111111111111111111111111111111111111111111@1111111111111111111111111111a1111111111111111111a111111111
40627,harshil,1
40628,harshil,1
40629,harshil,1
40630,harshil,111111111111111111111111111111111111111111@1111111111111111111111111111a1111111111111111111a111111111
40631,harshil,111
40632,harshil,111111111111111111111111111111111111111111@1111111111111111111111111111a1111111111111111111a111111111
40633,harshil,1
40634,harshil,1
40635,harshil,1
40636,harshil,111111111111111111111111111111111111111111@1111111111111111111111111111a1111111111111111111a111111111
40637,harshil,111
40638,harshil,111111111111111111111111111111111111111111@1111111111111111111111111111a1111111111111111111a111111111
40639,harshil,1
40640,harshil,1
40641,harshil,1
40642,harshil,111111111111111111111111111111111111111111@1111111111111111111111111111a1111111111111111111a111111111
40643,harshil,111
40644,harshil,111111111111111111111111111111111111111111@1111111111111111111111111111a1111111111111111111a111111111
40645,harshil,1
40646,harshil,1
40647,harshil,1
40648,harshil,111111111111111111111111111111111111111111@1111111111111111111111111111a1111111111111111111a111111111
40649,harshil,111
40650,harshil,111111111111111111111111111111111111111111@1111111111111111111111111111a1111111111111111111a111111111
40651,harshil,1
40652,harshil,1
40653,harshil,1
40654,harshil,111111111111111111111111111111111111111111@1111111111111111111111111111a1111111111111111111a111111111
40655,harshil,111
40656,harshil,111111111111111111111111111111111111111111@1111111111111111111111111111a1111111111111111111a111111111
40657,harshil,1
40658,harshil,1
40659,harshil,1
40660,harshil,111111111111111111111111111111111111111111@1111111111111111111111111111a1111111111111111111a111111111
40661,harshil,111
40662,harshil,111111111111111111111111111111111111111111@1111111111111111111111111111a1111111111111111111a111111111
40663,harshil,1
40664,harshil,1
40665,harshil,1
40666,harshil,111111111111111111111111111111111111111111@1111111111111111111111111111a1111111111111111111a111111111
40667,harshil,111
40668,harshil,111111111111111111111111111111111111111111@1111111111111111111111111111a1111111111111111111a111111111
40669,harshil,1
40670,harshil,1
40671,harshil,1
40672,harshil,111111111111111111111111111111111111111111@1111111111111111111111111111a1111111111111111111a111111111
40673,harshil,111
40674,harshil,111111111111111111111111111111111111111111@1111111111111111111111111111a1111111111111111111a111111111
40675,harshil,1
40676,harshil,1
40677,harshil,1
40678,harshil,111111111111111111111111111111111111111111@1111111111111111111111111111a1111111111111111111a111111111
40679,harshil,111
40680,harshil,111111111111111111111111111111111111111111@1111111111111111111111111111a1111111111111111111a111111111
40681,harshil,1
40682,harshil,1
40683,harshil,1
40684,harshil,111111111111111111111111111111111111111111@1111111111111111111111111111a1111111111111111111a111111111
40685,harshil,111
40686,harshil,111111111111111111111111111111111111111111@1111111111111111111111111111a1111111111111111111a111111111
40687,harshil,1
40688,harshil,1
40689,harshil,1
40690,harshil,111111111111111111111111111111111111111111@1111111111111111111111111111a1111111111111111111a111111111
40691,harshil,111
40692,harshil,111111111111111111111111111111111111111111@1111111111111111111111111111a1111111111111111111a111111111
40693,harshil,1
40694,harshil,1
40695,harshil,1
40696,harshil,111111111111111111111111111111111111111111@1111111111111111111111111111a1111111111111111111a111111111
40697,harshil,111
40698,harshil,111111111111111111111111111111111111111111@1111111111111111111111111111a1111111111111111111a111111111
40699,harshil,1
40700,harshil,1
40701,harshil,1
40702,harshil,111111111111111111111111111111111111111111@1111111111111111111111111111a1111111111111111111a111111111
40703,harshil,111
40704,harshil,111111111111111111111111111111111111111111@1111111111111111111111111111a1111111111111111111a111111111
40705,harshil,1
40706,harshil,1
40707,harshil,1
40708,harshil,111111111111111111111111111111111111111111@1111111111111111111111111111a1111111111111111111a111111111
40709,harshil,111
40710,harshil,111111111111111111111111111111111111111111@1111111111111111111111111111a1111111111111111111a111111111
40711,harshil,1
40712,harshil,1
40713,harshil,1
40714,harshil,111111111111111111111111111111111111111111@1111111111111111111111111111a1111111111111111111a111111111
40715,harshil,111
40716,harshil,111111111111111111111111111111111111111111@1111111111111111111111111111a1111111111111111111a111111111
40717,harshil,1
40718,harshil,1
40719,harshil,1
40720,harshil,111111111111111111111111111111111111111111@1111111111111111111111111111a1111111111111111111a111111111
40721,harshil,111
40722,harshil,111111111111111111111111111111111111111111@1111111111111111111111111111a1111111111111111111a111111111
40723,harshil,1
40724,harshil,1
40725,harshil,1
40726,harshil,111111111111111111111111111111111111111111@1111111111111111111111111111a1111111111111111111a111111111
40727,harshil,111
40728,harshil,111111111111111111111111111111111111111111@1111111111111111111111111111a1111111111111111111a111111111
40729,harshil,1
40730,harshil,1
40731,harshil,1
40732,harshil,111111111111111111111111111111111111111111@1111111111111111111111111111a1111111111111111111a111111111
40733,harshil,111
40734,harshil,111111111111111111111111111111111111111111@1111111111111111111111111111a1111111111111111111a111111111
40735,harshil,1
40736,harshil,1
40737,harshil,1
40738,harshil,111111111111111111111111111111111111111111@1111111111111111111111111111a1111111111111111111a111111111
40739,harshil,111
40740,harshil,111111111111111111111111111111111111111111@1111111111111111111111111111a1111111111111111111a111111111
40741,harshil,1
40742,harshil,1
40743,harshil,1
40744,harshil,111111111111111111111111111111111111111111@1111111111111111111111111111a1111111111111111111a111111111
40745,harshil,111
40746,harshil,111111111111111111111111111111111111111111@1111111111111111111111111111a1111111111111111111a111111111
40747,harshil,1
40748,harshil,1
40749,harshil,1
40750,harshil,111111111111111111111111111111111111111111@1111111111111111111111111111a1111111111111111111a111111111
40751,harshil,111
40752,harshil,111111111111111111111111111111111111111111@1111111111111111111111111111a1111111111111111111a111111111
40753,harshil,1
40754,harshil,1
40755,harshil,1
40756,harshil,111111111111111111111111111111111111111111@1111111111111111111111111111a1111111111111111111a111111111
40757,harshil,111
40758,harshil,111111111111111111111111111111111111111111@1111111111111111111111111111a1111111111111111111a111111111
40759,harshil,1
40760,harshil,1
40761,harshil,1
40762,harshil,111111111111111111111111111111111111111111@1111111111111111111111111111a1111111111111111111a111111111
40763,harshil,111
40764,harshil,111111111111111111111111111111111111111111@1111111111111111111111111111a1111111111111111111a111111111
40765,harshil,1
40766,harshil,1
40767,harshil,1
40768,harshil,111111111111111111111111111111111111111111@1111111111111111111111111111a1111111111111111111a111111111
40769,harshil,111
40770,harshil,111111111111111111111111111111111111111111@1111111111111111111111111111a1111111111111111111a111111111
40771,harshil,1
40772,harshil,1
40773,harshil,1
40774,harshil,111111111111111111111111111111111111111111@1111111111111111111111111111a1111111111111111111a111111111
40775,harshil,111
40776,harshil,111111111111111111111111111111111111111111@1111111111111111111111111111a1111111111111111111a111111111
40777,harshil,1
40778,harshil,1
40779,harshil,1
40780,harshil,111111111111111111111111111111111111111111@1111111111111111111111111111a1111111111111111111a111111111
40781,harshil,111
40782,harshil,111111111111111111111111111111111111111111@1111111111111111111111111111a1111111111111111111a111111111
40783,harshil,1
40784,harshil,1
40785,harshil,1
40786,harshil,111111111111111111111111111111111111111111@1111111111111111111111111111a1111111111111111111a111111111
40787,harshil,111
40788,harshil,111111111111111111111111111111111111111111@1111111111111111111111111111a1111111111111111111a111111111
40789,harshil,1
40790,harshil,1
40791,harshil,1
40792,harshil,111111111111111111111111111111111111111111@1111111111111111111111111111a1111111111111111111a111111111
40793,harshil,111
40794,harshil,111111111111111111111111111111111111111111@1111111111111111111111111111a1111111111111111111a111111111
40795,harshil,1
40796,harshil,1
40797,harshil,1
40798,harshil,111111111111111111111111111111111111111111@1111111111111111111111111111a1111111111111111111a111111111
40799,harshil,111
40800,harshil,111111111111111111111111111111111111111111@1111111111111111111111111111a1111111111111111111a111111111
40801,harshil,1
40802,harshil,1
40803,harshil,1
40804,harshil,111111111111111111111111111111111111111111@1111111111111111111111111111a1111111111111111111a111111111
40805,harshil,111
40806,harshil,111111111111111111111111111111111111111111@1111111111111111111111111111a1111111111111111111a111111111
40807,harshil,1
40808,harshil,1
40809,harshil,1
40810,harshil,111111111111111111111111111111111111111111@1111111111111111111111111111a1111111111111111111a111111111
40811,harshil,111
40812,harshil,111111111111111111111111111111111111111111@1111111111111111111111111111a1111111111111111111a111111111
40813,harshil,1
40814,harshil,1
40815,harshil,1
40816,harshil,111111111111111111111111111111111111111111@1111111111111111111111111111a1111111111111111111a111111111
40817,harshil,111
40818,harshil,111111111111111111111111111111111111111111@1111111111111111111111111111a1111111111111111111a111111111
40819,harshil,1
40820,harshil,1
40821,harshil,1
40822,harshil,111111111111111111111111111111111111111111@1111111111111111111111111111a1111111111111111111a111111111
40823,harshil,111
40824,harshil,111111111111111111111111111111111111111111@1111111111111111111111111111a1111111111111111111a111111111
40825,harshil,1
40826,harshil,1
40827,harshil,1
40828,harshil,111111111111111111111111111111111111111111@1111111111111111111111111111a1111111111111111111a111111111
40829,harshil,111
40830,harshil,111111111111111111111111111111111111111111@1111111111111111111111111111a1111111111111111111a111111111
40831,harshil,1
40832,harshil,1
40833,harshil,1
40834,harshil,111111111111111111111111111111111111111111@1111111111111111111111111111a1111111111111111111a111111111
40835,harshil,111
40836,harshil,111111111111111111111111111111111111111111@1111111111111111111111111111a1111111111111111111a111111111
40837,harshil,1
40838,harshil,1
40839,harshil,1
40840,harshil,111111111111111111111111111111111111111111@1111111111111111111111111111a1111111111111111111a111111111
40841,harshil,111
40842,harshil,111111111111111111111111111111111111111111@1111111111111111111111111111a1111111111111111111a111111111
40843,harshil,1
40844,harshil,1
40845,harshil,1
40846,harshil,111111111111111111111111111111111111111111@1111111111111111111111111111a1111111111111111111a111111111
40847,harshil,111
40848,harshil,111111111111111111111111111111111111111111@1111111111111111111111111111a1111111111111111111a111111111
40849,harshil,1
40850,harshil,1
40851,harshil,1
40852,harshil,111111111111111111111111111111111111111111@1111111111111111111111111111a1111111111111111111a111111111
40853,harshil,111
40854,harshil,111111111111111111111111111111111111111111@1111111111111111111111111111a1111111111111111111a111111111
40855,harshil,1
40856,harshil,1
40857,harshil,1
40858,harshil,111111111111111111111111111111111111111111@1111111111111111111111111111a1111111111111111111a111111111
40859,harshil,111
40860,harshil,111111111111111111111111111111111111111111@1111111111111111111111111111a1111111111111111111a111111111
40861,harshil,1
40862,harshil,1
40863,harshil,1
40864,harshil,111111111111111111111111111111111111111111@1111111111111111111111111111a1111111111111111111a111111111
40865,harshil,111
40866,harshil,111111111111111111111111111111111111111111@1111111111111111111111111111a1111111111111111111a111111111
40867,harshil,1
40868,harshil,1
40869,harshil,1
40870,harshil,111111111111111111111111111111111111111111@1111111111111111111111111111a1111111111111111111a111111111
40871,harshil,111
40872,harshil,111111111111111111111111111111111111111111@1111111111111111111111111111a1111111111111111111a111111111
40873,harshil,1
40874,harshil,1
40875,harshil,1
40876,harshil,111111111111111111111111111111111111111111@1111111111111111111111111111a1111111111111111111a111111111
40877,harshil,111
40878,harshil,111111111111111111111111111111111111111111@1111111111111111111111111111a1111111111111111111a111111111
40879,harshil,1
40880,harshil,1
40881,harshil,1
40882,harshil,111111111111111111111111111111111111111111@1111111111111111111111111111a1111111111111111111a111111111
40883,harshil,111
40884,harshil,111111111111111111111111111111111111111111@1111111111111111111111111111a1111111111111111111a111111111
40885,harshil,1
40886,harshil,1
40887,harshil,1
40888,harshil,111111111111111111111111111111111111111111@1111111111111111111111111111a1111111111111111111a111111111
40889,harshil,111
40890,harshil,111111111111111111111111111111111111111111@1111111111111111111111111111a1111111111111111111a111111111
40891,harshil,1
40892,harshil,1
40893,harshil,1
40894,harshil,111111111111111111111111111111111111111111@1111111111111111111111111111a1111111111111111111a111111111
40895,harshil,111
40896,harshil,111111111111111111111111111111111111111111@1111111111111111111111111111a1111111111111111111a111111111
40897,harshil,1
40898,harshil,1
40899,harshil,1
40900,harshil,111111111111111111111111111111111111111111@1111111111111111111111111111a1111111111111111111a111111111
40901,harshil,111
40902,harshil,111111111111111111111111111111111111111111@1111111111111111111111111111a1111111111111111111a111111111
40903,harshil,1
40904,harshil,1
40905,harshil,1
40906,harshil,111111111111111111111111111111111111111111@1111111111111111111111111111a1111111111111111111a111111111
40907,harshil,111
40908,harshil,111111111111111111111111111111111111111111@1111111111111111111111111111a1111111111111111111a111111111
40909,harshil,1
40910,harshil,1
40911,harshil,1
40912,harshil,111111111111111111111111111111111111111111@1111111111111111111111111111a1111111111111111111a111111111
40913,harshil,111
40914,harshil,111111111111111111111111111111111111111111@1111111111111111111111111111a1111111111111111111a111111111
40915,harshil,1
40916,harshil,1
40917,harshil,1
40918,harshil,111111111111111111111111111111111111111111@1111111111111111111111111111a1111111111111111111a111111111
40919,harshil,111
40920,harshil,111111111111111111111111111111111111111111@1111111111111111111111111111a1111111111111111111a111111111
40921,harshil,1
40922,harshil,1
40923,harshil,1
40924,harshil,111111111111111111111111111111111111111111@1111111111111111111111111111a1111111111111111111a111111111
40925,harshil,111
40926,harshil,111111111111111111111111111111111111111111@1111111111111111111111111111a1111111111111111111a111111111
40927,harshil,1
40928,harshil,1
40929,harshil,1
40930,harshil,111111111111111111111111111111111111111111@1111111111111111111111111111a1111111111111111111a111111111
40931,harshil,111
40932,harshil,111111111111111111111111111111111111111111@1111111111111111111111111111a1111111111111111111a111111111
40933,harshil,1
40934,harshil,1
40935,harshil,1
40936,harshil,111111111111111111111111111111111111111111@1111111111111111111111111111a1111111111111111111a111111111
40937,harshil,111
40938,harshil,111111111111111111111111111111111111111111@1111111111111111111111111111a1111111111111111111a111111111
40939,harshil,1
40940,harshil,1
40941,harshil,1
40942,harshil,111111111111111111111111111111111111111111@1111111111111111111111111111a1111111111111111111a111111111
40943,harshil,111
40944,harshil,111111111111111111111111111111111111111111@1111111111111111111111111111a1111111111111111111a111111111
40945,harshil,1
40946,harshil,1
40947,harshil,1
40948,harshil,111111111111111111111111111111111111111111@1111111111111111111111111111a1111111111111111111a111111111
40949,harshil,111
40950,harshil,111111111111111111111111111111111111111111@1111111111111111111111111111a1111111111111111111a111111111
40951,harshil,1
40952,harshil,1
40953,harshil,1
40954,harshil,111111111111111111111111111111111111111111@1111111111111111111111111111a1111111111111111111a111111111
40955,harshil,111
40956,harshil,111111111111111111111111111111111111111111@1111111111111111111111111111a1111111111111111111a111111111
40957,harshil,1
40958,harshil,1
40959,harshil,1
40960,harshil,111111111111111111111111111111111111111111@1111111111111111111111111111a1111111111111111111a111111111
40961,harshil,111
40962,harshil,111111111111111111111111111111111111111111@1111111111111111111111111111a1111111111111111111a111111111
40963,harshil,1
40964,harshil,1
40965,harshil,1
40966,harshil,111111111111111111111111111111111111111111@1111111111111111111111111111a1111111111111111111a111111111
40967,harshil,111
40968,harshil,111111111111111111111111111111111111111111@1111111111111111111111111111a1111111111111111111a111111111
40969,harshil,1
40970,harshil,1
40971,harshil,1
40972,harshil,111111111111111111111111111111111111111111@1111111111111111111111111111a1111111111111111111a111111111
40973,harshil,111
40974,harshil,111111111111111111111111111111111111111111@1111111111111111111111111111a1111111111111111111a111111111
40975,harshil,1
40976,harshil,1
40977,harshil,1
40978,harshil,111111111111111111111111111111111111111111@1111111111111111111111111111a1111111111111111111a111111111
40979,harshil,111
40980,harshil,111111111111111111111111111111111111111111@1111111111111111111111111111a1111111111111111111a111111111
40981,harshil,1
40982,harshil,1
40983,harshil,1
40984,harshil,111111111111111111111111111111111111111111@1111111111111111111111111111a1111111111111111111a111111111
40985,harshil,111
40986,harshil,111111111111111111111111111111111111111111@1111111111111111111111111111a1111111111111111111a111111111
40987,harshil,1
40988,harshil,1
40989,harshil,1
40990,harshil,111111111111111111111111111111111111111111@1111111111111111111111111111a1111111111111111111a111111111
40991,harshil,111
40992,harshil,111111111111111111111111111111111111111111@1111111111111111111111111111a1111111111111111111a111111111
40993,harshil,1
40994,harshil,1
40995,harshil,1
40996,harshil,111111111111111111111111111111111111111111@1111111111111111111111111111a1111111111111111111a111111111
40997,harshil,111
40998,harshil,111111111111111111111111111111111111111111@1111111111111111111111111111a1111111111111111111a111111111
40999,harshil,1
41000,harshil,1
41001,harshil,1
41002,harshil,111111111111111111111111111111111111111111@1111111111111111111111111111a1111111111111111111a111111111
41003,harshil,111
41004,harshil,111111111111111111111111111111111111111111@1111111111111111111111111111a1111111111111111111a111111111
41005,harshil,1
41006,harshil,1
41007,harshil,1
41008,harshil,111111111111111111111111111111111111111111@1111111111111111111111111111a1111111111111111111a111111111
41009,harshil,111
41010,harshil,111111111111111111111111111111111111111111@1111111111111111111111111111a1111111111111111111a111111111
41011,harshil,1
41012,harshil,1
41013,harshil,1
41014,harshil,111111111111111111111111111111111111111111@1111111111111111111111111111a1111111111111111111a111111111
41015,harshil,111
41016,harshil,111111111111111111111111111111111111111111@1111111111111111111111111111a1111111111111111111a111111111
41017,harshil,1
41018,harshil,1
41019,harshil,1
41020,harshil,111111111111111111111111111111111111111111@1111111111111111111111111111a1111111111111111111a111111111
41021,harshil,111
41022,harshil,111111111111111111111111111111111111111111@1111111111111111111111111111a1111111111111111111a111111111
41023,harshil,1
41024,harshil,1
41025,harshil,1
41026,harshil,111111111111111111111111111111111111111111@1111111111111111111111111111a1111111111111111111a111111111
41027,harshil,111
41028,harshil,111111111111111111111111111111111111111111@1111111111111111111111111111a1111111111111111111a111111111
41029,harshil,1
41030,harshil,1
41031,harshil,1
41032,harshil,111111111111111111111111111111111111111111@1111111111111111111111111111a1111111111111111111a111111111
41033,harshil,111
41034,harshil,111111111111111111111111111111111111111111@1111111111111111111111111111a1111111111111111111a111111111
41035,harshil,1
41036,harshil,1
41037,harshil,1
41038,harshil,111111111111111111111111111111111111111111@1111111111111111111111111111a1111111111111111111a111111111
41039,harshil,111
41040,harshil,111111111111111111111111111111111111111111@1111111111111111111111111111a1111111111111111111a111111111
41041,harshil,1
41042,harshil,1
41043,harshil,1
41044,harshil,111111111111111111111111111111111111111111@1111111111111111111111111111a1111111111111111111a111111111
41045,harshil,111
41046,harshil,111111111111111111111111111111111111111111@1111111111111111111111111111a1111111111111111111a111111111
41047,harshil,1
41048,harshil,1
41049,harshil,1
41050,harshil,111111111111111111111111111111111111111111@1111111111111111111111111111a1111111111111111111a111111111
41051,harshil,111
41052,harshil,111111111111111111111111111111111111111111@1111111111111111111111111111a1111111111111111111a111111111
41053,harshil,1
41054,harshil,1
41055,harshil,1
41056,harshil,111111111111111111111111111111111111111111@1111111111111111111111111111a1111111111111111111a111111111
41057,harshil,111
41058,harshil,111111111111111111111111111111111111111111@1111111111111111111111111111a1111111111111111111a111111111
41059,harshil,1
41060,harshil,1
41061,harshil,1
41062,harshil,111111111111111111111111111111111111111111@1111111111111111111111111111a1111111111111111111a111111111
41063,harshil,111
41064,harshil,111111111111111111111111111111111111111111@1111111111111111111111111111a1111111111111111111a111111111
41065,harshil,1
41066,harshil,1
41067,harshil,1
41068,harshil,111111111111111111111111111111111111111111@1111111111111111111111111111a1111111111111111111a111111111
41069,harshil,111
41070,harshil,111111111111111111111111111111111111111111@1111111111111111111111111111a1111111111111111111a111111111
41071,harshil,1
41072,harshil,1
41073,harshil,1
41074,harshil,111111111111111111111111111111111111111111@1111111111111111111111111111a1111111111111111111a111111111
41075,harshil,111
41076,harshil,111111111111111111111111111111111111111111@1111111111111111111111111111a1111111111111111111a111111111
41077,harshil,1
41078,harshil,1
41079,harshil,1
41080,harshil,111111111111111111111111111111111111111111@1111111111111111111111111111a1111111111111111111a111111111
41081,harshil,111
41082,harshil,111111111111111111111111111111111111111111@1111111111111111111111111111a1111111111111111111a111111111
41083,harshil,1
41084,harshil,1
41085,harshil,1
41086,harshil,111111111111111111111111111111111111111111@1111111111111111111111111111a1111111111111111111a111111111
41087,harshil,111
41088,harshil,111111111111111111111111111111111111111111@1111111111111111111111111111a1111111111111111111a111111111
41089,harshil,1
41090,harshil,1
41091,harshil,1
41092,harshil,111111111111111111111111111111111111111111@1111111111111111111111111111a1111111111111111111a111111111
41093,harshil,111
41094,harshil,111111111111111111111111111111111111111111@1111111111111111111111111111a1111111111111111111a111111111
41095,harshil,1
41096,harshil,1
41097,harshil,1
41098,harshil,111111111111111111111111111111111111111111@1111111111111111111111111111a1111111111111111111a111111111
41099,harshil,111
41100,harshil,111111111111111111111111111111111111111111@1111111111111111111111111111a1111111111111111111a111111111
41101,harshil,1
41102,harshil,1
41103,harshil,1
41104,harshil,111111111111111111111111111111111111111111@1111111111111111111111111111a1111111111111111111a111111111
41105,harshil,111
41106,harshil,111111111111111111111111111111111111111111@1111111111111111111111111111a1111111111111111111a111111111
41107,harshil,1
41108,harshil,1
41109,harshil,1
41110,harshil,111111111111111111111111111111111111111111@1111111111111111111111111111a1111111111111111111a111111111
41111,harshil,111
41112,harshil,111111111111111111111111111111111111111111@1111111111111111111111111111a1111111111111111111a111111111
41113,harshil,1
41114,harshil,1
41115,harshil,1
41116,harshil,111111111111111111111111111111111111111111@1111111111111111111111111111a1111111111111111111a111111111
41117,harshil,111
41118,harshil,111111111111111111111111111111111111111111@1111111111111111111111111111a1111111111111111111a111111111
41119,harshil,1
41120,harshil,1
41121,harshil,1
41122,harshil,111111111111111111111111111111111111111111@1111111111111111111111111111a1111111111111111111a111111111
41123,harshil,111
41124,harshil,111111111111111111111111111111111111111111@1111111111111111111111111111a1111111111111111111a111111111
41125,harshil,1
41126,harshil,1
41127,harshil,1
41128,harshil,111111111111111111111111111111111111111111@1111111111111111111111111111a1111111111111111111a111111111
41129,harshil,111
41130,harshil,111111111111111111111111111111111111111111@1111111111111111111111111111a1111111111111111111a111111111
41131,harshil,1
41132,harshil,1
41133,harshil,1
41134,harshil,111111111111111111111111111111111111111111@1111111111111111111111111111a1111111111111111111a111111111
41135,harshil,111
41136,harshil,111111111111111111111111111111111111111111@1111111111111111111111111111a1111111111111111111a111111111
41137,harshil,1
41138,harshil,1
41139,harshil,1
41140,harshil,111111111111111111111111111111111111111111@1111111111111111111111111111a1111111111111111111a111111111
41141,harshil,111
41142,harshil,111111111111111111111111111111111111111111@1111111111111111111111111111a1111111111111111111a111111111
41143,harshil,1
41144,harshil,1
41145,harshil,1
41146,harshil,111111111111111111111111111111111111111111@1111111111111111111111111111a1111111111111111111a111111111
41147,harshil,111
41148,harshil,111111111111111111111111111111111111111111@1111111111111111111111111111a1111111111111111111a111111111
41149,harshil,1
41150,harshil,1
41151,harshil,1
41152,harshil,111111111111111111111111111111111111111111@1111111111111111111111111111a1111111111111111111a111111111
41153,harshil,111
41154,harshil,111111111111111111111111111111111111111111@1111111111111111111111111111a1111111111111111111a111111111
41155,harshil,1
41156,harshil,1
41157,harshil,1
41158,harshil,111111111111111111111111111111111111111111@1111111111111111111111111111a1111111111111111111a111111111
41159,harshil,111
41160,harshil,111111111111111111111111111111111111111111@1111111111111111111111111111a1111111111111111111a111111111
41161,harshil,1
41162,harshil,1
41163,harshil,1
41164,harshil,111111111111111111111111111111111111111111@1111111111111111111111111111a1111111111111111111a111111111
41165,harshil,111
41166,harshil,111111111111111111111111111111111111111111@1111111111111111111111111111a1111111111111111111a111111111
41167,harshil,1
41168,harshil,1
41169,harshil,1
41170,harshil,111111111111111111111111111111111111111111@1111111111111111111111111111a1111111111111111111a111111111
41171,harshil,111
41172,harshil,111111111111111111111111111111111111111111@1111111111111111111111111111a1111111111111111111a111111111
41173,harshil,1
41174,harshil,1
41175,harshil,1
41176,harshil,111111111111111111111111111111111111111111@1111111111111111111111111111a1111111111111111111a111111111
41177,harshil,111
41178,harshil,111111111111111111111111111111111111111111@1111111111111111111111111111a1111111111111111111a111111111
41179,harshil,1
41180,harshil,1
41181,harshil,1
41182,harshil,111111111111111111111111111111111111111111@1111111111111111111111111111a1111111111111111111a111111111
41183,harshil,111
41184,harshil,111111111111111111111111111111111111111111@1111111111111111111111111111a1111111111111111111a111111111
41185,harshil,1
41186,harshil,1
41187,harshil,1
41188,harshil,111111111111111111111111111111111111111111@1111111111111111111111111111a1111111111111111111a111111111
41189,harshil,111
41190,harshil,111111111111111111111111111111111111111111@1111111111111111111111111111a1111111111111111111a111111111
41191,harshil,1
41192,harshil,1
41193,harshil,1
41194,harshil,111111111111111111111111111111111111111111@1111111111111111111111111111a1111111111111111111a111111111
41195,harshil,111
41196,harshil,111111111111111111111111111111111111111111@1111111111111111111111111111a1111111111111111111a111111111
41197,harshil,1
41198,harshil,1
41199,harshil,1
41200,harshil,111111111111111111111111111111111111111111@1111111111111111111111111111a1111111111111111111a111111111
41201,harshil,111
41202,harshil,111111111111111111111111111111111111111111@1111111111111111111111111111a1111111111111111111a111111111
41203,harshil,1
41204,harshil,1
41205,harshil,1
41206,harshil,111111111111111111111111111111111111111111@1111111111111111111111111111a1111111111111111111a111111111
41207,harshil,111
41208,harshil,111111111111111111111111111111111111111111@1111111111111111111111111111a1111111111111111111a111111111
41209,harshil,1
41210,harshil,1
41211,harshil,1
41212,harshil,111111111111111111111111111111111111111111@1111111111111111111111111111a1111111111111111111a111111111
41213,harshil,111
41214,harshil,111111111111111111111111111111111111111111@1111111111111111111111111111a1111111111111111111a111111111
41215,harshil,1
41216,harshil,1
41217,harshil,1
41218,harshil,111111111111111111111111111111111111111111@1111111111111111111111111111a1111111111111111111a111111111
41219,harshil,111
41220,harshil,111111111111111111111111111111111111111111@1111111111111111111111111111a1111111111111111111a111111111
41221,harshil,1
41222,harshil,1
41223,harshil,1
41224,harshil,111111111111111111111111111111111111111111@1111111111111111111111111111a1111111111111111111a111111111
41225,harshil,111
41226,harshil,111111111111111111111111111111111111111111@1111111111111111111111111111a1111111111111111111a111111111
41227,harshil,1
41228,harshil,1
41229,harshil,1
41230,harshil,111111111111111111111111111111111111111111@1111111111111111111111111111a1111111111111111111a111111111
41231,harshil,111
41232,harshil,111111111111111111111111111111111111111111@1111111111111111111111111111a1111111111111111111a111111111
41233,harshil,1
41234,harshil,1
41235,harshil,1
41236,harshil,111111111111111111111111111111111111111111@1111111111111111111111111111a1111111111111111111a111111111
41237,harshil,111
41238,harshil,111111111111111111111111111111111111111111@1111111111111111111111111111a1111111111111111111a111111111
41239,harshil,1
41240,harshil,1
41241,harshil,1
41242,harshil,111111111111111111111111111111111111111111@1111111111111111111111111111a1111111111111111111a111111111
41243,harshil,111
41244,harshil,111111111111111111111111111111111111111111@1111111111111111111111111111a1111111111111111111a111111111
41245,harshil,1
41246,harshil,1
41247,harshil,1
41248,harshil,111111111111111111111111111111111111111111@1111111111111111111111111111a1111111111111111111a111111111
41249,harshil,111
41250,harshil,111111111111111111111111111111111111111111@1111111111111111111111111111a1111111111111111111a111111111
41251,harshil,1
41252,harshil,1
41253,harshil,1
41254,harshil,111111111111111111111111111111111111111111@1111111111111111111111111111a1111111111111111111a111111111
41255,harshil,111
41256,harshil,111111111111111111111111111111111111111111@1111111111111111111111111111a1111111111111111111a111111111
41257,harshil,1
41258,harshil,1
41259,harshil,1
41260,harshil,111111111111111111111111111111111111111111@1111111111111111111111111111a1111111111111111111a111111111
41261,harshil,111
41262,harshil,111111111111111111111111111111111111111111@1111111111111111111111111111a1111111111111111111a111111111
41263,harshil,1
41264,harshil,1
41265,harshil,1
41266,harshil,111111111111111111111111111111111111111111@1111111111111111111111111111a1111111111111111111a111111111
41267,harshil,111
41268,harshil,111111111111111111111111111111111111111111@1111111111111111111111111111a1111111111111111111a111111111
41269,harshil,1
41270,harshil,1
41271,harshil,1
41272,harshil,111111111111111111111111111111111111111111@1111111111111111111111111111a1111111111111111111a111111111
41273,harshil,111
41274,harshil,111111111111111111111111111111111111111111@1111111111111111111111111111a1111111111111111111a111111111
41275,harshil,1
41276,harshil,1
41277,harshil,1
41278,harshil,111111111111111111111111111111111111111111@1111111111111111111111111111a1111111111111111111a111111111
41279,harshil,111
41280,harshil,111111111111111111111111111111111111111111@1111111111111111111111111111a1111111111111111111a111111111
41281,harshil,1
41282,harshil,1
41283,harshil,1
41284,harshil,111111111111111111111111111111111111111111@1111111111111111111111111111a1111111111111111111a111111111
41285,harshil,111
41286,harshil,111111111111111111111111111111111111111111@1111111111111111111111111111a1111111111111111111a111111111
41287,harshil,1
41288,harshil,1
41289,harshil,1
41290,harshil,111111111111111111111111111111111111111111@1111111111111111111111111111a1111111111111111111a111111111
41291,harshil,111
41292,harshil,111111111111111111111111111111111111111111@1111111111111111111111111111a1111111111111111111a111111111
41293,harshil,1
41294,harshil,1
41295,harshil,1
41296,harshil,111111111111111111111111111111111111111111@1111111111111111111111111111a1111111111111111111a111111111
41297,harshil,111
41298,harshil,111111111111111111111111111111111111111111@1111111111111111111111111111a1111111111111111111a111111111
41299,harshil,1
41300,harshil,1
41301,harshil,1
41302,harshil,111111111111111111111111111111111111111111@1111111111111111111111111111a1111111111111111111a111111111
41303,harshil,111
41304,harshil,111111111111111111111111111111111111111111@1111111111111111111111111111a1111111111111111111a111111111
41305,harshil,1
41306,harshil,1
41307,harshil,1
41308,harshil,111111111111111111111111111111111111111111@1111111111111111111111111111a1111111111111111111a111111111
41309,harshil,111
41310,harshil,111111111111111111111111111111111111111111@1111111111111111111111111111a1111111111111111111a111111111
41311,harshil,1
41312,harshil,1
41313,harshil,1
41314,harshil,111111111111111111111111111111111111111111@1111111111111111111111111111a1111111111111111111a111111111
41315,harshil,111
41316,harshil,111111111111111111111111111111111111111111@1111111111111111111111111111a1111111111111111111a111111111
41317,harshil,1
41318,harshil,1
41319,harshil,1
41320,harshil,111111111111111111111111111111111111111111@1111111111111111111111111111a1111111111111111111a111111111
41321,harshil,111
41322,harshil,111111111111111111111111111111111111111111@1111111111111111111111111111a1111111111111111111a111111111
41323,harshil,1
41324,harshil,1
41325,harshil,1
41326,harshil,111111111111111111111111111111111111111111@1111111111111111111111111111a1111111111111111111a111111111
41327,harshil,111
41328,harshil,111111111111111111111111111111111111111111@1111111111111111111111111111a1111111111111111111a111111111
41329,harshil,1
41330,harshil,1
41331,harshil,1
41332,harshil,111111111111111111111111111111111111111111@1111111111111111111111111111a1111111111111111111a111111111
41333,harshil,111
41334,harshil,111111111111111111111111111111111111111111@1111111111111111111111111111a1111111111111111111a111111111
41335,harshil,1
41336,harshil,1
41337,harshil,1
41338,harshil,111111111111111111111111111111111111111111@1111111111111111111111111111a1111111111111111111a111111111
41339,harshil,111
41340,harshil,111111111111111111111111111111111111111111@1111111111111111111111111111a1111111111111111111a111111111
41341,harshil,1
41342,harshil,1
41343,harshil,1
41344,harshil,111111111111111111111111111111111111111111@1111111111111111111111111111a1111111111111111111a111111111
41345,harshil,111
41346,harshil,111111111111111111111111111111111111111111@1111111111111111111111111111a1111111111111111111a111111111
41347,harshil,1
41348,harshil,1
41349,harshil,1
41350,harshil,111111111111111111111111111111111111111111@1111111111111111111111111111a1111111111111111111a111111111
41351,harshil,111
41352,harshil,111111111111111111111111111111111111111111@1111111111111111111111111111a1111111111111111111a111111111
41353,harshil,1
41354,harshil,1
41355,harshil,1
41356,harshil,111111111111111111111111111111111111111111@1111111111111111111111111111a1111111111111111111a111111111
41357,harshil,111
41358,harshil,111111111111111111111111111111111111111111@1111111111111111111111111111a1111111111111111111a111111111
41359,harshil,1
41360,harshil,1
41361,harshil,1
41362,harshil,111111111111111111111111111111111111111111@1111111111111111111111111111a1111111111111111111a111111111
41363,harshil,111
41364,harshil,111111111111111111111111111111111111111111@1111111111111111111111111111a1111111111111111111a111111111
41365,harshil,1
41366,harshil,1
41367,harshil,1
41368,harshil,111111111111111111111111111111111111111111@1111111111111111111111111111a1111111111111111111a111111111
41369,harshil,111
41370,harshil,111111111111111111111111111111111111111111@1111111111111111111111111111a1111111111111111111a111111111
41371,harshil,1
41372,harshil,1
41373,harshil,1
41374,harshil,111111111111111111111111111111111111111111@1111111111111111111111111111a1111111111111111111a111111111
41375,harshil,111
41376,harshil,111111111111111111111111111111111111111111@1111111111111111111111111111a1111111111111111111a111111111
41377,harshil,1
41378,harshil,1
41379,harshil,1
41380,harshil,111111111111111111111111111111111111111111@1111111111111111111111111111a1111111111111111111a111111111
41381,harshil,111
41382,harshil,111111111111111111111111111111111111111111@1111111111111111111111111111a1111111111111111111a111111111
41383,harshil,1
41384,harshil,1
41385,harshil,1
41386,harshil,111111111111111111111111111111111111111111@1111111111111111111111111111a1111111111111111111a111111111
41387,harshil,111
41388,harshil,111111111111111111111111111111111111111111@1111111111111111111111111111a1111111111111111111a111111111
41389,harshil,1
41390,harshil,1
41391,harshil,1
41392,harshil,111111111111111111111111111111111111111111@1111111111111111111111111111a1111111111111111111a111111111
41393,harshil,111
41394,harshil,111111111111111111111111111111111111111111@1111111111111111111111111111a1111111111111111111a111111111
41395,harshil,1
41396,harshil,1
41397,harshil,1
41398,harshil,111111111111111111111111111111111111111111@1111111111111111111111111111a1111111111111111111a111111111
41399,harshil,111
41400,harshil,111111111111111111111111111111111111111111@1111111111111111111111111111a1111111111111111111a111111111
41401,harshil,1
41402,harshil,1
41403,harshil,1
41404,harshil,111111111111111111111111111111111111111111@1111111111111111111111111111a1111111111111111111a111111111
41405,harshil,111
41406,harshil,111111111111111111111111111111111111111111@1111111111111111111111111111a1111111111111111111a111111111
41407,harshil,1
41408,harshil,1
41409,harshil,1
41410,harshil,111111111111111111111111111111111111111111@1111111111111111111111111111a1111111111111111111a111111111
41411,harshil,111
41412,harshil,111111111111111111111111111111111111111111@1111111111111111111111111111a1111111111111111111a111111111
41413,harshil,1
41414,harshil,1
41415,harshil,1
41416,harshil,111111111111111111111111111111111111111111@1111111111111111111111111111a1111111111111111111a111111111
41417,harshil,111
41418,harshil,111111111111111111111111111111111111111111@1111111111111111111111111111a1111111111111111111a111111111
41419,harshil,1
41420,harshil,1
41421,harshil,1
41422,harshil,111111111111111111111111111111111111111111@1111111111111111111111111111a1111111111111111111a111111111
41423,harshil,111
41424,harshil,111111111111111111111111111111111111111111@1111111111111111111111111111a1111111111111111111a111111111
41425,harshil,1
41426,harshil,1
41427,harshil,1
41428,harshil,111111111111111111111111111111111111111111@1111111111111111111111111111a1111111111111111111a111111111
41429,harshil,111
41430,harshil,111111111111111111111111111111111111111111@1111111111111111111111111111a1111111111111111111a111111111
41431,harshil,1
41432,harshil,1
41433,harshil,1
41434,harshil,111111111111111111111111111111111111111111@1111111111111111111111111111a1111111111111111111a111111111
41435,harshil,111
41436,harshil,111111111111111111111111111111111111111111@1111111111111111111111111111a1111111111111111111a111111111
41437,harshil,1
41438,harshil,1
41439,harshil,1
41440,harshil,111111111111111111111111111111111111111111@1111111111111111111111111111a1111111111111111111a111111111
41441,harshil,111
41442,harshil,111111111111111111111111111111111111111111@1111111111111111111111111111a1111111111111111111a111111111
41443,harshil,1
41444,harshil,1
41445,harshil,1
41446,harshil,111111111111111111111111111111111111111111@1111111111111111111111111111a1111111111111111111a111111111
41447,harshil,111
41448,harshil,111111111111111111111111111111111111111111@1111111111111111111111111111a1111111111111111111a111111111
41449,harshil,1
41450,harshil,1
41451,harshil,1
41452,harshil,111111111111111111111111111111111111111111@1111111111111111111111111111a1111111111111111111a111111111
41453,harshil,111
41454,harshil,111111111111111111111111111111111111111111@1111111111111111111111111111a1111111111111111111a111111111
41455,harshil,1
41456,harshil,1
41457,harshil,1
41458,harshil,111111111111111111111111111111111111111111@1111111111111111111111111111a1111111111111111111a111111111
41459,harshil,111
41460,harshil,111111111111111111111111111111111111111111@1111111111111111111111111111a1111111111111111111a111111111
41461,harshil,1
41462,harshil,1
41463,harshil,1
41464,harshil,111111111111111111111111111111111111111111@1111111111111111111111111111a1111111111111111111a111111111
41465,harshil,111
41466,harshil,111111111111111111111111111111111111111111@1111111111111111111111111111a1111111111111111111a111111111
41467,harshil,1
41468,harshil,1
41469,harshil,1
41470,harshil,111111111111111111111111111111111111111111@1111111111111111111111111111a1111111111111111111a111111111
41471,harshil,111
41472,harshil,111111111111111111111111111111111111111111@1111111111111111111111111111a1111111111111111111a111111111
41473,harshil,1
41474,harshil,1
41475,harshil,1
41476,harshil,111111111111111111111111111111111111111111@1111111111111111111111111111a1111111111111111111a111111111
41477,harshil,111
41478,harshil,111111111111111111111111111111111111111111@1111111111111111111111111111a1111111111111111111a111111111
41479,harshil,1
41480,harshil,1
41481,harshil,1
41482,harshil,111111111111111111111111111111111111111111@1111111111111111111111111111a1111111111111111111a111111111
41483,harshil,111
41484,harshil,111111111111111111111111111111111111111111@1111111111111111111111111111a1111111111111111111a111111111
41485,harshil,1
41486,harshil,1
41487,harshil,1
41488,harshil,111111111111111111111111111111111111111111@1111111111111111111111111111a1111111111111111111a111111111
41489,harshil,111
41490,harshil,111111111111111111111111111111111111111111@1111111111111111111111111111a1111111111111111111a111111111
41491,harshil,1
41492,harshil,1
41493,harshil,1
41494,harshil,111111111111111111111111111111111111111111@1111111111111111111111111111a1111111111111111111a111111111
41495,harshil,111
41496,harshil,111111111111111111111111111111111111111111@1111111111111111111111111111a1111111111111111111a111111111
41497,harshil,1
41498,harshil,1
41499,harshil,1
41500,harshil,111111111111111111111111111111111111111111@1111111111111111111111111111a1111111111111111111a111111111
41501,harshil,111
41502,harshil,111111111111111111111111111111111111111111@1111111111111111111111111111a1111111111111111111a111111111
41503,harshil,1
41504,harshil,1
41505,harshil,1
41506,harshil,111111111111111111111111111111111111111111@1111111111111111111111111111a1111111111111111111a111111111
41507,harshil,111
41508,harshil,111111111111111111111111111111111111111111@1111111111111111111111111111a1111111111111111111a111111111
41509,harshil,1
41510,harshil,1
41511,harshil,1
41512,harshil,111111111111111111111111111111111111111111@1111111111111111111111111111a1111111111111111111a111111111
41513,harshil,111
41514,harshil,111111111111111111111111111111111111111111@1111111111111111111111111111a1111111111111111111a111111111
41515,harshil,1
41516,harshil,1
41517,harshil,1
41518,harshil,111111111111111111111111111111111111111111@1111111111111111111111111111a1111111111111111111a111111111
41519,harshil,111
41520,harshil,111111111111111111111111111111111111111111@1111111111111111111111111111a1111111111111111111a111111111
41521,harshil,1
41522,harshil,1
41523,harshil,1
41524,harshil,111111111111111111111111111111111111111111@1111111111111111111111111111a1111111111111111111a111111111
41525,harshil,111
41526,harshil,111111111111111111111111111111111111111111@1111111111111111111111111111a1111111111111111111a111111111
41527,harshil,1
41528,harshil,1
41529,harshil,1
41530,harshil,111111111111111111111111111111111111111111@1111111111111111111111111111a1111111111111111111a111111111
41531,harshil,111
41532,harshil,111111111111111111111111111111111111111111@1111111111111111111111111111a1111111111111111111a111111111
41533,harshil,1
41534,harshil,1
41535,harshil,1
41536,harshil,111111111111111111111111111111111111111111@1111111111111111111111111111a1111111111111111111a111111111
41537,harshil,111
41538,harshil,111111111111111111111111111111111111111111@1111111111111111111111111111a1111111111111111111a111111111
41539,harshil,1
41540,harshil,1
41541,harshil,1
41542,harshil,111111111111111111111111111111111111111111@1111111111111111111111111111a1111111111111111111a111111111
41543,harshil,111
41544,harshil,111111111111111111111111111111111111111111@1111111111111111111111111111a1111111111111111111a111111111
41545,harshil,1
41546,harshil,1
41547,harshil,1
41548,harshil,111111111111111111111111111111111111111111@1111111111111111111111111111a1111111111111111111a111111111
41549,harshil,111
41550,harshil,111111111111111111111111111111111111111111@1111111111111111111111111111a1111111111111111111a111111111
41551,harshil,1
41552,harshil,1
41553,harshil,1
41554,harshil,111111111111111111111111111111111111111111@1111111111111111111111111111a1111111111111111111a111111111
41555,harshil,111
41556,harshil,111111111111111111111111111111111111111111@1111111111111111111111111111a1111111111111111111a111111111
41557,harshil,1
41558,harshil,1
41559,harshil,1
41560,harshil,111111111111111111111111111111111111111111@1111111111111111111111111111a1111111111111111111a111111111
41561,harshil,111
41562,harshil,111111111111111111111111111111111111111111@1111111111111111111111111111a1111111111111111111a111111111
41563,harshil,1
41564,harshil,1
41565,harshil,1
41566,harshil,111111111111111111111111111111111111111111@1111111111111111111111111111a1111111111111111111a111111111
41567,harshil,111
41568,harshil,111111111111111111111111111111111111111111@1111111111111111111111111111a1111111111111111111a111111111
41569,harshil,1
41570,harshil,1
41571,harshil,1
41572,harshil,111111111111111111111111111111111111111111@1111111111111111111111111111a1111111111111111111a111111111
41573,harshil,111
41574,harshil,111111111111111111111111111111111111111111@1111111111111111111111111111a1111111111111111111a111111111
41575,harshil,1
41576,harshil,1
41577,harshil,1
41578,harshil,111111111111111111111111111111111111111111@1111111111111111111111111111a1111111111111111111a111111111
41579,harshil,111
41580,harshil,111111111111111111111111111111111111111111@1111111111111111111111111111a1111111111111111111a111111111
41581,harshil,1
41582,harshil,1
41583,harshil,1
41584,harshil,111111111111111111111111111111111111111111@1111111111111111111111111111a1111111111111111111a111111111
41585,harshil,111
41586,harshil,111111111111111111111111111111111111111111@1111111111111111111111111111a1111111111111111111a111111111
41587,harshil,1
41588,harshil,1
41589,harshil,1
41590,harshil,111111111111111111111111111111111111111111@1111111111111111111111111111a1111111111111111111a111111111
41591,harshil,111
41592,harshil,111111111111111111111111111111111111111111@1111111111111111111111111111a1111111111111111111a111111111
41593,harshil,1
41594,harshil,1
41595,harshil,1
41596,harshil,111111111111111111111111111111111111111111@1111111111111111111111111111a1111111111111111111a111111111
41597,harshil,111
41598,harshil,111111111111111111111111111111111111111111@1111111111111111111111111111a1111111111111111111a111111111
41599,harshil,1
41600,harshil,1
41601,harshil,1
41602,harshil,111111111111111111111111111111111111111111@1111111111111111111111111111a1111111111111111111a111111111
41603,harshil,111
41604,harshil,111111111111111111111111111111111111111111@1111111111111111111111111111a1111111111111111111a111111111
41605,harshil,1
41606,harshil,1
41607,harshil,1
41608,harshil,111111111111111111111111111111111111111111@1111111111111111111111111111a1111111111111111111a111111111
41609,harshil,111
41610,harshil,111111111111111111111111111111111111111111@1111111111111111111111111111a1111111111111111111a111111111
41611,harshil,1
41612,harshil,1
41613,harshil,1
41614,harshil,111111111111111111111111111111111111111111@1111111111111111111111111111a1111111111111111111a111111111
41615,harshil,111
41616,harshil,111111111111111111111111111111111111111111@1111111111111111111111111111a1111111111111111111a111111111
41617,harshil,1
41618,harshil,1
41619,harshil,1
41620,harshil,111111111111111111111111111111111111111111@1111111111111111111111111111a1111111111111111111a111111111
41621,harshil,111
41622,harshil,111111111111111111111111111111111111111111@1111111111111111111111111111a1111111111111111111a111111111
41623,harshil,1
41624,harshil,1
41625,harshil,1
41626,harshil,111111111111111111111111111111111111111111@1111111111111111111111111111a1111111111111111111a111111111
41627,harshil,111
41628,harshil,111111111111111111111111111111111111111111@1111111111111111111111111111a1111111111111111111a111111111
41629,harshil,1
41630,harshil,1
41631,harshil,1
41632,harshil,111111111111111111111111111111111111111111@1111111111111111111111111111a1111111111111111111a111111111
41633,harshil,111
41634,harshil,111111111111111111111111111111111111111111@1111111111111111111111111111a1111111111111111111a111111111
41635,harshil,1
41636,harshil,1
41637,harshil,1
41638,harshil,111111111111111111111111111111111111111111@1111111111111111111111111111a1111111111111111111a111111111
41639,harshil,111
41640,harshil,111111111111111111111111111111111111111111@1111111111111111111111111111a1111111111111111111a111111111
41641,harshil,1
41642,harshil,1
41643,harshil,1
41644,harshil,111111111111111111111111111111111111111111@1111111111111111111111111111a1111111111111111111a111111111
41645,harshil,111
41646,harshil,111111111111111111111111111111111111111111@1111111111111111111111111111a1111111111111111111a111111111
41647,harshil,1
41648,harshil,1
41649,harshil,1
41650,harshil,111111111111111111111111111111111111111111@1111111111111111111111111111a1111111111111111111a111111111
41651,harshil,111
41652,harshil,111111111111111111111111111111111111111111@1111111111111111111111111111a1111111111111111111a111111111
41653,harshil,1
41654,harshil,1
41655,harshil,1
41656,harshil,111111111111111111111111111111111111111111@1111111111111111111111111111a1111111111111111111a111111111
41657,harshil,111
41658,harshil,111111111111111111111111111111111111111111@1111111111111111111111111111a1111111111111111111a111111111
41659,harshil,1
41660,harshil,1
41661,harshil,1
41662,harshil,111111111111111111111111111111111111111111@1111111111111111111111111111a1111111111111111111a111111111
41663,harshil,111
41664,harshil,111111111111111111111111111111111111111111@1111111111111111111111111111a1111111111111111111a111111111
41665,harshil,1
41666,harshil,1
41667,harshil,1
41668,harshil,111111111111111111111111111111111111111111@1111111111111111111111111111a1111111111111111111a111111111
41669,harshil,111
41670,harshil,111111111111111111111111111111111111111111@1111111111111111111111111111a1111111111111111111a111111111
41671,harshil,1
41672,harshil,1
41673,harshil,1
41674,harshil,111111111111111111111111111111111111111111@1111111111111111111111111111a1111111111111111111a111111111
41675,harshil,111
41676,harshil,111111111111111111111111111111111111111111@1111111111111111111111111111a1111111111111111111a111111111
41677,harshil,1
41678,harshil,1
41679,harshil,1
41680,harshil,111111111111111111111111111111111111111111@1111111111111111111111111111a1111111111111111111a111111111
41681,harshil,111
41682,harshil,111111111111111111111111111111111111111111@1111111111111111111111111111a1111111111111111111a111111111
41683,harshil,1
41684,harshil,1
41685,harshil,1
41686,harshil,111111111111111111111111111111111111111111@1111111111111111111111111111a1111111111111111111a111111111
41687,harshil,111
41688,harshil,111111111111111111111111111111111111111111@1111111111111111111111111111a1111111111111111111a111111111
41689,harshil,1
41690,harshil,1
41691,harshil,1
41692,harshil,111111111111111111111111111111111111111111@1111111111111111111111111111a1111111111111111111a111111111
41693,harshil,111
41694,harshil,111111111111111111111111111111111111111111@1111111111111111111111111111a1111111111111111111a111111111
41695,harshil,1
41696,harshil,1
41697,harshil,1
41698,harshil,111111111111111111111111111111111111111111@1111111111111111111111111111a1111111111111111111a111111111
41699,harshil,111
41700,harshil,111111111111111111111111111111111111111111@1111111111111111111111111111a1111111111111111111a111111111
41701,harshil,1
41702,harshil,1
41703,harshil,1
41704,harshil,111111111111111111111111111111111111111111@1111111111111111111111111111a1111111111111111111a111111111
41705,harshil,111
41706,harshil,111111111111111111111111111111111111111111@1111111111111111111111111111a1111111111111111111a111111111
41707,harshil,1
41708,harshil,1
41709,harshil,1
41710,harshil,111111111111111111111111111111111111111111@1111111111111111111111111111a1111111111111111111a111111111
41711,harshil,111
41712,harshil,111111111111111111111111111111111111111111@1111111111111111111111111111a1111111111111111111a111111111
41713,harshil,1
41714,harshil,1
41715,harshil,1
41716,harshil,111111111111111111111111111111111111111111@1111111111111111111111111111a1111111111111111111a111111111
41717,harshil,111
41718,harshil,111111111111111111111111111111111111111111@1111111111111111111111111111a1111111111111111111a111111111
41719,harshil,1
41720,harshil,1
41721,harshil,1
41722,harshil,111111111111111111111111111111111111111111@1111111111111111111111111111a1111111111111111111a111111111
41723,harshil,111
41724,harshil,111111111111111111111111111111111111111111@1111111111111111111111111111a1111111111111111111a111111111
41725,harshil,1
41726,harshil,1
41727,harshil,1
41728,harshil,111111111111111111111111111111111111111111@1111111111111111111111111111a1111111111111111111a111111111
41729,harshil,111
41730,harshil,111111111111111111111111111111111111111111@1111111111111111111111111111a1111111111111111111a111111111
41731,harshil,1
41732,harshil,1
41733,harshil,1
41734,harshil,111111111111111111111111111111111111111111@1111111111111111111111111111a1111111111111111111a111111111
41735,harshil,111
41736,harshil,111111111111111111111111111111111111111111@1111111111111111111111111111a1111111111111111111a111111111
41737,harshil,1
41738,harshil,1
41739,harshil,1
41740,harshil,111111111111111111111111111111111111111111@1111111111111111111111111111a1111111111111111111a111111111
41741,harshil,111
41742,harshil,111111111111111111111111111111111111111111@1111111111111111111111111111a1111111111111111111a111111111
41743,harshil,1
41744,harshil,1
41745,harshil,1
41746,harshil,111111111111111111111111111111111111111111@1111111111111111111111111111a1111111111111111111a111111111
41747,harshil,111
41748,harshil,111111111111111111111111111111111111111111@1111111111111111111111111111a1111111111111111111a111111111
41749,harshil,1
41750,harshil,1
41751,harshil,1
41752,harshil,111111111111111111111111111111111111111111@1111111111111111111111111111a1111111111111111111a111111111
41753,harshil,111
41754,harshil,111111111111111111111111111111111111111111@1111111111111111111111111111a1111111111111111111a111111111
41755,harshil,1
41756,harshil,1
41757,harshil,1
41758,harshil,111111111111111111111111111111111111111111@1111111111111111111111111111a1111111111111111111a111111111
41759,harshil,111
41760,harshil,111111111111111111111111111111111111111111@1111111111111111111111111111a1111111111111111111a111111111
41761,harshil,1
41762,harshil,1
41763,harshil,1
41764,harshil,111111111111111111111111111111111111111111@1111111111111111111111111111a1111111111111111111a111111111
41765,harshil,111
41766,harshil,111111111111111111111111111111111111111111@1111111111111111111111111111a1111111111111111111a111111111
41767,harshil,1
41768,harshil,1
41769,harshil,1
41770,harshil,111111111111111111111111111111111111111111@1111111111111111111111111111a1111111111111111111a111111111
41771,harshil,111
41772,harshil,111111111111111111111111111111111111111111@1111111111111111111111111111a1111111111111111111a111111111
41773,harshil,1
41774,harshil,1
41775,harshil,1
41776,harshil,111111111111111111111111111111111111111111@1111111111111111111111111111a1111111111111111111a111111111
41777,harshil,111
41778,harshil,111111111111111111111111111111111111111111@1111111111111111111111111111a1111111111111111111a111111111
41779,harshil,1
41780,harshil,1
41781,harshil,1
41782,harshil,111111111111111111111111111111111111111111@1111111111111111111111111111a1111111111111111111a111111111
41783,harshil,111
41784,harshil,111111111111111111111111111111111111111111@1111111111111111111111111111a1111111111111111111a111111111
41785,harshil,1
41786,harshil,1
41787,harshil,1
41788,harshil,111111111111111111111111111111111111111111@1111111111111111111111111111a1111111111111111111a111111111
41789,harshil,111
41790,harshil,111111111111111111111111111111111111111111@1111111111111111111111111111a1111111111111111111a111111111
41791,harshil,1
41792,harshil,1
41793,harshil,1
41794,harshil,111111111111111111111111111111111111111111@1111111111111111111111111111a1111111111111111111a111111111
41795,harshil,111
41796,harshil,111111111111111111111111111111111111111111@1111111111111111111111111111a1111111111111111111a111111111
41797,harshil,1
41798,harshil,1
41799,harshil,1
41800,harshil,111111111111111111111111111111111111111111@1111111111111111111111111111a1111111111111111111a111111111
41801,harshil,111
41802,harshil,111111111111111111111111111111111111111111@1111111111111111111111111111a1111111111111111111a111111111
41803,harshil,1
41804,harshil,1
41805,harshil,1
41806,harshil,111111111111111111111111111111111111111111@1111111111111111111111111111a1111111111111111111a111111111
41807,harshil,111
41808,harshil,111111111111111111111111111111111111111111@1111111111111111111111111111a1111111111111111111a111111111
41809,harshil,1
41810,harshil,1
41811,harshil,1
41812,harshil,111111111111111111111111111111111111111111@1111111111111111111111111111a1111111111111111111a111111111
41813,harshil,111
41814,harshil,111111111111111111111111111111111111111111@1111111111111111111111111111a1111111111111111111a111111111
41815,harshil,1
41816,harshil,1
41817,harshil,1
41818,harshil,111111111111111111111111111111111111111111@1111111111111111111111111111a1111111111111111111a111111111
41819,harshil,111
41820,harshil,111111111111111111111111111111111111111111@1111111111111111111111111111a1111111111111111111a111111111
41821,harshil,1
41822,harshil,1
41823,harshil,1
41824,harshil,111111111111111111111111111111111111111111@1111111111111111111111111111a1111111111111111111a111111111
41825,harshil,111
41826,harshil,111111111111111111111111111111111111111111@1111111111111111111111111111a1111111111111111111a111111111
41827,harshil,1
41828,harshil,1
41829,harshil,1
41830,harshil,111111111111111111111111111111111111111111@1111111111111111111111111111a1111111111111111111a111111111
41831,harshil,111
41832,harshil,111111111111111111111111111111111111111111@1111111111111111111111111111a1111111111111111111a111111111
41833,harshil,1
41834,harshil,1
41835,harshil,1
41836,harshil,111111111111111111111111111111111111111111@1111111111111111111111111111a1111111111111111111a111111111
41837,harshil,111
41838,harshil,111111111111111111111111111111111111111111@1111111111111111111111111111a1111111111111111111a111111111
41839,harshil,1
41840,harshil,1
41841,harshil,1
41842,harshil,111111111111111111111111111111111111111111@1111111111111111111111111111a1111111111111111111a111111111
41843,harshil,111
41844,harshil,111111111111111111111111111111111111111111@1111111111111111111111111111a1111111111111111111a111111111
41845,harshil,1
41846,harshil,1
41847,harshil,1
41848,harshil,111111111111111111111111111111111111111111@1111111111111111111111111111a1111111111111111111a111111111
41849,harshil,111
41850,harshil,111111111111111111111111111111111111111111@1111111111111111111111111111a1111111111111111111a111111111
41851,harshil,1
41852,harshil,1
41853,harshil,1
41854,harshil,111111111111111111111111111111111111111111@1111111111111111111111111111a1111111111111111111a111111111
41855,harshil,111
41856,harshil,111111111111111111111111111111111111111111@1111111111111111111111111111a1111111111111111111a111111111
41857,harshil,1
41858,harshil,1
41859,harshil,1
41860,harshil,111111111111111111111111111111111111111111@1111111111111111111111111111a1111111111111111111a111111111
41861,harshil,111
41862,harshil,111111111111111111111111111111111111111111@1111111111111111111111111111a1111111111111111111a111111111
41863,harshil,1
41864,harshil,1
41865,harshil,1
41866,harshil,111111111111111111111111111111111111111111@1111111111111111111111111111a1111111111111111111a111111111
41867,harshil,111
41868,harshil,111111111111111111111111111111111111111111@1111111111111111111111111111a1111111111111111111a111111111
41869,harshil,1
41870,harshil,1
41871,harshil,1
41872,harshil,111111111111111111111111111111111111111111@1111111111111111111111111111a1111111111111111111a111111111
41873,harshil,111
41874,harshil,111111111111111111111111111111111111111111@1111111111111111111111111111a1111111111111111111a111111111
41875,harshil,1
41876,harshil,1
41877,harshil,1
41878,harshil,111111111111111111111111111111111111111111@1111111111111111111111111111a1111111111111111111a111111111
41879,harshil,111
41880,harshil,111111111111111111111111111111111111111111@1111111111111111111111111111a1111111111111111111a111111111
41881,harshil,1
41882,harshil,1
41883,harshil,1
41884,harshil,111111111111111111111111111111111111111111@1111111111111111111111111111a1111111111111111111a111111111
41885,harshil,111
41886,harshil,111111111111111111111111111111111111111111@1111111111111111111111111111a1111111111111111111a111111111
41887,harshil,1
41888,harshil,1
41889,harshil,1
41890,harshil,111111111111111111111111111111111111111111@1111111111111111111111111111a1111111111111111111a111111111
41891,harshil,111
41892,harshil,111111111111111111111111111111111111111111@1111111111111111111111111111a1111111111111111111a111111111
41893,harshil,1
41894,harshil,1
41895,harshil,1
41896,harshil,111111111111111111111111111111111111111111@1111111111111111111111111111a1111111111111111111a111111111
41897,harshil,111
41898,harshil,111111111111111111111111111111111111111111@1111111111111111111111111111a1111111111111111111a111111111
41899,harshil,1
41900,harshil,1
41901,harshil,1
41902,harshil,111111111111111111111111111111111111111111@1111111111111111111111111111a1111111111111111111a111111111
41903,harshil,111
41904,harshil,111111111111111111111111111111111111111111@1111111111111111111111111111a1111111111111111111a111111111
41905,harshil,1
41906,harshil,1
41907,harshil,1
41908,harshil,111111111111111111111111111111111111111111@1111111111111111111111111111a1111111111111111111a111111111
41909,harshil,111
41910,harshil,111111111111111111111111111111111111111111@1111111111111111111111111111a1111111111111111111a111111111
41911,harshil,1
41912,harshil,1
41913,harshil,1
41914,harshil,111111111111111111111111111111111111111111@1111111111111111111111111111a1111111111111111111a111111111
41915,harshil,111
41916,harshil,111111111111111111111111111111111111111111@1111111111111111111111111111a1111111111111111111a111111111
41917,harshil,1
41918,harshil,1
41919,harshil,1
41920,harshil,111111111111111111111111111111111111111111@1111111111111111111111111111a1111111111111111111a111111111
41921,harshil,111
41922,harshil,111111111111111111111111111111111111111111@1111111111111111111111111111a1111111111111111111a111111111
41923,harshil,1
41924,harshil,1
41925,harshil,1
41926,harshil,111111111111111111111111111111111111111111@1111111111111111111111111111a1111111111111111111a111111111
41927,harshil,111
41928,harshil,111111111111111111111111111111111111111111@1111111111111111111111111111a1111111111111111111a111111111
41929,harshil,1
41930,harshil,1
41931,harshil,1
41932,harshil,111111111111111111111111111111111111111111@1111111111111111111111111111a1111111111111111111a111111111
41933,harshil,111
41934,harshil,111111111111111111111111111111111111111111@1111111111111111111111111111a1111111111111111111a111111111
41935,harshil,1
41936,harshil,1
41937,harshil,1
41938,harshil,111111111111111111111111111111111111111111@1111111111111111111111111111a1111111111111111111a111111111
41939,harshil,111
41940,harshil,111111111111111111111111111111111111111111@1111111111111111111111111111a1111111111111111111a111111111
41941,harshil,1
41942,harshil,1
41943,harshil,1
41944,harshil,111111111111111111111111111111111111111111@1111111111111111111111111111a1111111111111111111a111111111
41945,harshil,111
41946,harshil,111111111111111111111111111111111111111111@1111111111111111111111111111a1111111111111111111a111111111
41947,harshil,1
41948,harshil,1
41949,harshil,1
41950,harshil,111111111111111111111111111111111111111111@1111111111111111111111111111a1111111111111111111a111111111
41951,harshil,111
41952,harshil,111111111111111111111111111111111111111111@1111111111111111111111111111a1111111111111111111a111111111
41953,harshil,1
41954,harshil,1
41955,harshil,1
41956,harshil,111111111111111111111111111111111111111111@1111111111111111111111111111a1111111111111111111a111111111
41957,harshil,111
41958,harshil,111111111111111111111111111111111111111111@1111111111111111111111111111a1111111111111111111a111111111
41959,harshil,1
41960,harshil,1
41961,harshil,1
41962,harshil,111111111111111111111111111111111111111111@1111111111111111111111111111a1111111111111111111a111111111
41963,harshil,111
41964,harshil,111111111111111111111111111111111111111111@1111111111111111111111111111a1111111111111111111a111111111
41965,harshil,1
41966,harshil,1
41967,harshil,1
41968,harshil,111111111111111111111111111111111111111111@1111111111111111111111111111a1111111111111111111a111111111
41969,harshil,111
41970,harshil,111111111111111111111111111111111111111111@1111111111111111111111111111a1111111111111111111a111111111
41971,harshil,1
41972,harshil,1
41973,harshil,1
41974,harshil,111111111111111111111111111111111111111111@1111111111111111111111111111a1111111111111111111a111111111
41975,harshil,111
41976,harshil,111111111111111111111111111111111111111111@1111111111111111111111111111a1111111111111111111a111111111
41977,harshil,1
41978,harshil,1
41979,harshil,1
41980,harshil,111111111111111111111111111111111111111111@1111111111111111111111111111a1111111111111111111a111111111
41981,harshil,111
41982,harshil,111111111111111111111111111111111111111111@1111111111111111111111111111a1111111111111111111a111111111
41983,harshil,1
41984,harshil,1
41985,harshil,1
41986,harshil,111111111111111111111111111111111111111111@1111111111111111111111111111a1111111111111111111a111111111
41987,harshil,111
41988,harshil,111111111111111111111111111111111111111111@1111111111111111111111111111a1111111111111111111a111111111
41989,harshil,1
41990,harshil,1
41991,harshil,1
41992,harshil,111111111111111111111111111111111111111111@1111111111111111111111111111a1111111111111111111a111111111
41993,harshil,111
41994,harshil,111111111111111111111111111111111111111111@1111111111111111111111111111a1111111111111111111a111111111
41995,harshil,1
41996,harshil,1
41997,harshil,1
41998,harshil,111111111111111111111111111111111111111111@1111111111111111111111111111a1111111111111111111a111111111
41999,harshil,111
42000,harshil,111111111111111111111111111111111111111111@1111111111111111111111111111a1111111111111111111a111111111
42001,harshil,1
42002,harshil,1
42003,harshil,1
42004,harshil,111111111111111111111111111111111111111111@1111111111111111111111111111a1111111111111111111a111111111
42005,harshil,111
42006,harshil,111111111111111111111111111111111111111111@1111111111111111111111111111a1111111111111111111a111111111
42007,harshil,1
42008,harshil,1
42009,harshil,1
42010,harshil,111111111111111111111111111111111111111111@1111111111111111111111111111a1111111111111111111a111111111
42011,harshil,111
42012,harshil,111111111111111111111111111111111111111111@1111111111111111111111111111a1111111111111111111a111111111
42013,harshil,1
42014,harshil,1
42015,harshil,1
42016,harshil,111111111111111111111111111111111111111111@1111111111111111111111111111a1111111111111111111a111111111
42017,harshil,111
42018,harshil,111111111111111111111111111111111111111111@1111111111111111111111111111a1111111111111111111a111111111
42019,harshil,1
42020,harshil,1
42021,harshil,1
42022,harshil,111111111111111111111111111111111111111111@1111111111111111111111111111a1111111111111111111a111111111
42023,harshil,111
42024,harshil,111111111111111111111111111111111111111111@1111111111111111111111111111a1111111111111111111a111111111
42025,harshil,1
42026,harshil,1
42027,harshil,1
42028,harshil,111111111111111111111111111111111111111111@1111111111111111111111111111a1111111111111111111a111111111
42029,harshil,111
42030,harshil,111111111111111111111111111111111111111111@1111111111111111111111111111a1111111111111111111a111111111
42031,harshil,1
42032,harshil,1
42033,harshil,1
42034,harshil,111111111111111111111111111111111111111111@1111111111111111111111111111a1111111111111111111a111111111
42035,harshil,111
42036,harshil,111111111111111111111111111111111111111111@1111111111111111111111111111a1111111111111111111a111111111
42037,harshil,1
42038,harshil,1
42039,harshil,1
42040,harshil,111111111111111111111111111111111111111111@1111111111111111111111111111a1111111111111111111a111111111
42041,harshil,111
42042,harshil,111111111111111111111111111111111111111111@1111111111111111111111111111a1111111111111111111a111111111
42043,harshil,1
42044,harshil,1
42045,harshil,1
42046,harshil,111111111111111111111111111111111111111111@1111111111111111111111111111a1111111111111111111a111111111
42047,harshil,111
42048,harshil,111111111111111111111111111111111111111111@1111111111111111111111111111a1111111111111111111a111111111
42049,harshil,1
42050,harshil,1
42051,harshil,1
42052,harshil,111111111111111111111111111111111111111111@1111111111111111111111111111a1111111111111111111a111111111
42053,harshil,111
42054,harshil,111111111111111111111111111111111111111111@1111111111111111111111111111a1111111111111111111a111111111
42055,harshil,1
42056,harshil,1
42057,harshil,1
42058,harshil,111111111111111111111111111111111111111111@1111111111111111111111111111a1111111111111111111a111111111
42059,harshil,111
42060,harshil,111111111111111111111111111111111111111111@1111111111111111111111111111a1111111111111111111a111111111
42061,harshil,1
42062,harshil,1
42063,harshil,1
42064,harshil,111111111111111111111111111111111111111111@1111111111111111111111111111a1111111111111111111a111111111
42065,harshil,111
42066,harshil,111111111111111111111111111111111111111111@1111111111111111111111111111a1111111111111111111a111111111
42067,harshil,1
42068,harshil,1
42069,harshil,1
42070,harshil,111111111111111111111111111111111111111111@1111111111111111111111111111a1111111111111111111a111111111
42071,harshil,111
42072,harshil,111111111111111111111111111111111111111111@1111111111111111111111111111a1111111111111111111a111111111
42073,harshil,1
42074,harshil,1
42075,harshil,1
42076,harshil,111111111111111111111111111111111111111111@1111111111111111111111111111a1111111111111111111a111111111
42077,harshil,111
42078,harshil,111111111111111111111111111111111111111111@1111111111111111111111111111a1111111111111111111a111111111
42079,harshil,1
42080,harshil,1
42081,harshil,1
42082,harshil,111111111111111111111111111111111111111111@1111111111111111111111111111a1111111111111111111a111111111
42083,harshil,111
42084,harshil,111111111111111111111111111111111111111111@1111111111111111111111111111a1111111111111111111a111111111
42085,harshil,1
42086,harshil,1
42087,harshil,1
42088,harshil,111111111111111111111111111111111111111111@1111111111111111111111111111a1111111111111111111a111111111
42089,harshil,111
42090,harshil,111111111111111111111111111111111111111111@1111111111111111111111111111a1111111111111111111a111111111
42091,harshil,1
42092,harshil,1
42093,harshil,1
42094,harshil,111111111111111111111111111111111111111111@1111111111111111111111111111a1111111111111111111a111111111
42095,harshil,111
42096,harshil,111111111111111111111111111111111111111111@1111111111111111111111111111a1111111111111111111a111111111
42097,harshil,1
42098,harshil,1
42099,harshil,1
42100,harshil,111111111111111111111111111111111111111111@1111111111111111111111111111a1111111111111111111a111111111
42101,harshil,111
42102,harshil,111111111111111111111111111111111111111111@1111111111111111111111111111a1111111111111111111a111111111
42103,harshil,1
42104,harshil,1
42105,harshil,1
42106,harshil,111111111111111111111111111111111111111111@1111111111111111111111111111a1111111111111111111a111111111
42107,harshil,111
42108,harshil,111111111111111111111111111111111111111111@1111111111111111111111111111a1111111111111111111a111111111
42109,harshil,1
42110,harshil,1
42111,harshil,1
42112,harshil,111111111111111111111111111111111111111111@1111111111111111111111111111a1111111111111111111a111111111
42113,harshil,111
42114,harshil,111111111111111111111111111111111111111111@1111111111111111111111111111a1111111111111111111a111111111
42115,harshil,1
42116,harshil,1
42117,harshil,1
42118,harshil,111111111111111111111111111111111111111111@1111111111111111111111111111a1111111111111111111a111111111
42119,harshil,111
42120,harshil,111111111111111111111111111111111111111111@1111111111111111111111111111a1111111111111111111a111111111
42121,harshil,1
42122,harshil,1
42123,harshil,1
42124,harshil,111111111111111111111111111111111111111111@1111111111111111111111111111a1111111111111111111a111111111
42125,harshil,111
42126,harshil,111111111111111111111111111111111111111111@1111111111111111111111111111a1111111111111111111a111111111
42127,harshil,1
42128,harshil,1
42129,harshil,1
42130,harshil,111111111111111111111111111111111111111111@1111111111111111111111111111a1111111111111111111a111111111
42131,harshil,111
42132,harshil,111111111111111111111111111111111111111111@1111111111111111111111111111a1111111111111111111a111111111
42133,harshil,1
42134,harshil,1
42135,harshil,1
42136,harshil,111111111111111111111111111111111111111111@1111111111111111111111111111a1111111111111111111a111111111
42137,harshil,111
42138,harshil,111111111111111111111111111111111111111111@1111111111111111111111111111a1111111111111111111a111111111
42139,harshil,1
42140,harshil,1
42141,harshil,1
42142,harshil,111111111111111111111111111111111111111111@1111111111111111111111111111a1111111111111111111a111111111
42143,harshil,111
42144,harshil,111111111111111111111111111111111111111111@1111111111111111111111111111a1111111111111111111a111111111
42145,harshil,1
42146,harshil,1
42147,harshil,1
42148,harshil,111111111111111111111111111111111111111111@1111111111111111111111111111a1111111111111111111a111111111
42149,harshil,111
42150,harshil,111111111111111111111111111111111111111111@1111111111111111111111111111a1111111111111111111a111111111
42151,harshil,1
42152,harshil,1
42153,harshil,1
42154,harshil,111111111111111111111111111111111111111111@1111111111111111111111111111a1111111111111111111a111111111
42155,harshil,111
42156,harshil,111111111111111111111111111111111111111111@1111111111111111111111111111a1111111111111111111a111111111
42157,harshil,1
42158,harshil,1
42159,harshil,1
42160,harshil,111111111111111111111111111111111111111111@1111111111111111111111111111a1111111111111111111a111111111
42161,harshil,111
42162,harshil,111111111111111111111111111111111111111111@1111111111111111111111111111a1111111111111111111a111111111
42163,harshil,1
42164,harshil,1
42165,harshil,1
42166,harshil,111111111111111111111111111111111111111111@1111111111111111111111111111a1111111111111111111a111111111
42167,harshil,111
42168,harshil,111111111111111111111111111111111111111111@1111111111111111111111111111a1111111111111111111a111111111
42169,harshil,1
42170,harshil,1
42171,harshil,1
42172,harshil,111111111111111111111111111111111111111111@1111111111111111111111111111a1111111111111111111a111111111
42173,harshil,111
42174,harshil,111111111111111111111111111111111111111111@1111111111111111111111111111a1111111111111111111a111111111
42175,harshil,1
42176,harshil,1
42177,harshil,1
42178,harshil,111111111111111111111111111111111111111111@1111111111111111111111111111a1111111111111111111a111111111
42179,harshil,111
42180,harshil,111111111111111111111111111111111111111111@1111111111111111111111111111a1111111111111111111a111111111
42181,harshil,1
42182,harshil,1
42183,harshil,1
42184,harshil,111111111111111111111111111111111111111111@1111111111111111111111111111a1111111111111111111a111111111
42185,harshil,111
42186,harshil,111111111111111111111111111111111111111111@1111111111111111111111111111a1111111111111111111a111111111
42187,harshil,1
42188,harshil,1
42189,harshil,1
42190,harshil,111111111111111111111111111111111111111111@1111111111111111111111111111a1111111111111111111a111111111
42191,harshil,111
42192,harshil,111111111111111111111111111111111111111111@1111111111111111111111111111a1111111111111111111a111111111
42193,harshil,1
42194,harshil,1
42195,harshil,1
42196,harshil,111111111111111111111111111111111111111111@1111111111111111111111111111a1111111111111111111a111111111
42197,harshil,111
42198,harshil,111111111111111111111111111111111111111111@1111111111111111111111111111a1111111111111111111a111111111
42199,harshil,1
42200,harshil,1
42201,harshil,1
42202,harshil,111111111111111111111111111111111111111111@1111111111111111111111111111a1111111111111111111a111111111
42203,harshil,111
42204,harshil,111111111111111111111111111111111111111111@1111111111111111111111111111a1111111111111111111a111111111
42205,harshil,1
42206,harshil,1
42207,harshil,1
42208,harshil,111111111111111111111111111111111111111111@1111111111111111111111111111a1111111111111111111a111111111
42209,harshil,111
42210,harshil,111111111111111111111111111111111111111111@1111111111111111111111111111a1111111111111111111a111111111
42211,harshil,1
42212,harshil,1
42213,harshil,1
42214,harshil,111111111111111111111111111111111111111111@1111111111111111111111111111a1111111111111111111a111111111
42215,harshil,111
42216,harshil,111111111111111111111111111111111111111111@1111111111111111111111111111a1111111111111111111a111111111
42217,harshil,1
42218,harshil,1
42219,harshil,1
42220,harshil,111111111111111111111111111111111111111111@1111111111111111111111111111a1111111111111111111a111111111
42221,harshil,111
42222,harshil,111111111111111111111111111111111111111111@1111111111111111111111111111a1111111111111111111a111111111
42223,harshil,1
42224,harshil,1
42225,harshil,1
42226,harshil,111111111111111111111111111111111111111111@1111111111111111111111111111a1111111111111111111a111111111
42227,harshil,111
42228,harshil,111111111111111111111111111111111111111111@1111111111111111111111111111a1111111111111111111a111111111
42229,harshil,1
42230,harshil,1
42231,harshil,1
42232,harshil,111111111111111111111111111111111111111111@1111111111111111111111111111a1111111111111111111a111111111
42233,harshil,111
42234,harshil,111111111111111111111111111111111111111111@1111111111111111111111111111a1111111111111111111a111111111
42235,harshil,1
42236,harshil,1
42237,harshil,1
42238,harshil,111111111111111111111111111111111111111111@1111111111111111111111111111a1111111111111111111a111111111
42239,harshil,111
42240,harshil,111111111111111111111111111111111111111111@1111111111111111111111111111a1111111111111111111a111111111
42241,harshil,1
42242,harshil,1
42243,harshil,1
42244,harshil,111111111111111111111111111111111111111111@1111111111111111111111111111a1111111111111111111a111111111
42245,harshil,111
42246,harshil,111111111111111111111111111111111111111111@1111111111111111111111111111a1111111111111111111a111111111
42247,harshil,1
42248,harshil,1
42249,harshil,1
42250,harshil,111111111111111111111111111111111111111111@1111111111111111111111111111a1111111111111111111a111111111
42251,harshil,111
42252,harshil,111111111111111111111111111111111111111111@1111111111111111111111111111a1111111111111111111a111111111
42253,harshil,1
42254,harshil,1
42255,harshil,1
42256,harshil,111111111111111111111111111111111111111111@1111111111111111111111111111a1111111111111111111a111111111
42257,harshil,111
42258,harshil,111111111111111111111111111111111111111111@1111111111111111111111111111a1111111111111111111a111111111
42259,harshil,1
42260,harshil,1
42261,harshil,1
42262,harshil,111111111111111111111111111111111111111111@1111111111111111111111111111a1111111111111111111a111111111
42263,harshil,111
42264,harshil,111111111111111111111111111111111111111111@1111111111111111111111111111a1111111111111111111a111111111
42265,harshil,1
42266,harshil,1
42267,harshil,1
42268,harshil,111111111111111111111111111111111111111111@1111111111111111111111111111a1111111111111111111a111111111
42269,harshil,111
42270,harshil,111111111111111111111111111111111111111111@1111111111111111111111111111a1111111111111111111a111111111
42271,harshil,1
42272,harshil,1
42273,harshil,1
42274,harshil,111111111111111111111111111111111111111111@1111111111111111111111111111a1111111111111111111a111111111
42275,harshil,111
42276,harshil,111111111111111111111111111111111111111111@1111111111111111111111111111a1111111111111111111a111111111
42277,harshil,1
42278,harshil,1
42279,harshil,1
42280,harshil,111111111111111111111111111111111111111111@1111111111111111111111111111a1111111111111111111a111111111
42281,harshil,111
42282,harshil,111111111111111111111111111111111111111111@1111111111111111111111111111a1111111111111111111a111111111
42283,harshil,1
42284,harshil,1
42285,harshil,1
42286,harshil,111111111111111111111111111111111111111111@1111111111111111111111111111a1111111111111111111a111111111
42287,harshil,111
42288,harshil,111111111111111111111111111111111111111111@1111111111111111111111111111a1111111111111111111a111111111
42289,harshil,1
42290,harshil,1
42291,harshil,1
42292,harshil,111111111111111111111111111111111111111111@1111111111111111111111111111a1111111111111111111a111111111
42293,harshil,111
42294,harshil,111111111111111111111111111111111111111111@1111111111111111111111111111a1111111111111111111a111111111
42295,harshil,1
42296,harshil,1
42297,harshil,1
42298,harshil,111111111111111111111111111111111111111111@1111111111111111111111111111a1111111111111111111a111111111
42299,harshil,111
42300,harshil,111111111111111111111111111111111111111111@1111111111111111111111111111a1111111111111111111a111111111
42301,harshil,1
42302,harshil,1
42303,harshil,1
42304,harshil,111111111111111111111111111111111111111111@1111111111111111111111111111a1111111111111111111a111111111
42305,harshil,111
42306,harshil,111111111111111111111111111111111111111111@1111111111111111111111111111a1111111111111111111a111111111
42307,harshil,1
42308,harshil,1
42309,harshil,1
42310,harshil,111111111111111111111111111111111111111111@1111111111111111111111111111a1111111111111111111a111111111
42311,harshil,111
42312,harshil,111111111111111111111111111111111111111111@1111111111111111111111111111a1111111111111111111a111111111
42313,harshil,1
42314,harshil,1
42315,harshil,1
42316,harshil,111111111111111111111111111111111111111111@1111111111111111111111111111a1111111111111111111a111111111
42317,harshil,111
42318,harshil,111111111111111111111111111111111111111111@1111111111111111111111111111a1111111111111111111a111111111
42319,harshil,1
42320,harshil,1
42321,harshil,1
42322,harshil,111111111111111111111111111111111111111111@1111111111111111111111111111a1111111111111111111a111111111
42323,harshil,111
42324,harshil,111111111111111111111111111111111111111111@1111111111111111111111111111a1111111111111111111a111111111
42325,harshil,1
42326,harshil,1
42327,harshil,1
42328,harshil,111111111111111111111111111111111111111111@1111111111111111111111111111a1111111111111111111a111111111
42329,harshil,111
42330,harshil,111111111111111111111111111111111111111111@1111111111111111111111111111a1111111111111111111a111111111
42331,harshil,1
42332,harshil,1
42333,harshil,1
42334,harshil,111111111111111111111111111111111111111111@1111111111111111111111111111a1111111111111111111a111111111
42335,harshil,111
42336,harshil,111111111111111111111111111111111111111111@1111111111111111111111111111a1111111111111111111a111111111
42337,harshil,1
42338,harshil,1
42339,harshil,1
42340,harshil,111111111111111111111111111111111111111111@1111111111111111111111111111a1111111111111111111a111111111
42341,harshil,111
42342,harshil,111111111111111111111111111111111111111111@1111111111111111111111111111a1111111111111111111a111111111
42343,harshil,1
42344,harshil,1
42345,harshil,1
42346,harshil,111111111111111111111111111111111111111111@1111111111111111111111111111a1111111111111111111a111111111
42347,harshil,111
42348,harshil,111111111111111111111111111111111111111111@1111111111111111111111111111a1111111111111111111a111111111
42349,harshil,1
42350,harshil,1
42351,harshil,1
42352,harshil,111111111111111111111111111111111111111111@1111111111111111111111111111a1111111111111111111a111111111
42353,harshil,111
42354,harshil,111111111111111111111111111111111111111111@1111111111111111111111111111a1111111111111111111a111111111
42355,harshil,1
42356,harshil,1
42357,harshil,1
42358,harshil,111111111111111111111111111111111111111111@1111111111111111111111111111a1111111111111111111a111111111
42359,harshil,111
42360,harshil,111111111111111111111111111111111111111111@1111111111111111111111111111a1111111111111111111a111111111
42361,harshil,1
42362,harshil,1
42363,harshil,1
42364,harshil,111111111111111111111111111111111111111111@1111111111111111111111111111a1111111111111111111a111111111
42365,harshil,111
42366,harshil,111111111111111111111111111111111111111111@1111111111111111111111111111a1111111111111111111a111111111
42367,harshil,1
42368,harshil,1
42369,harshil,1
42370,harshil,111111111111111111111111111111111111111111@1111111111111111111111111111a1111111111111111111a111111111
42371,harshil,111
42372,harshil,111111111111111111111111111111111111111111@1111111111111111111111111111a1111111111111111111a111111111
42373,harshil,1
42374,harshil,1
42375,harshil,1
42376,harshil,111111111111111111111111111111111111111111@1111111111111111111111111111a1111111111111111111a111111111
42377,harshil,111
42378,harshil,111111111111111111111111111111111111111111@1111111111111111111111111111a1111111111111111111a111111111
42379,harshil,1
42380,harshil,1
42381,harshil,1
42382,harshil,111111111111111111111111111111111111111111@1111111111111111111111111111a1111111111111111111a111111111
42383,harshil,111
42384,harshil,111111111111111111111111111111111111111111@1111111111111111111111111111a1111111111111111111a111111111
42385,harshil,1
42386,harshil,1
42387,harshil,1
42388,harshil,111111111111111111111111111111111111111111@1111111111111111111111111111a1111111111111111111a111111111
42389,harshil,111
42390,harshil,111111111111111111111111111111111111111111@1111111111111111111111111111a1111111111111111111a111111111
42391,harshil,1
42392,harshil,1
42393,harshil,1
42394,harshil,111111111111111111111111111111111111111111@1111111111111111111111111111a1111111111111111111a111111111
42395,harshil,111
42396,harshil,111111111111111111111111111111111111111111@1111111111111111111111111111a1111111111111111111a111111111
42397,harshil,1
42398,harshil,1
42399,harshil,1
42400,harshil,111111111111111111111111111111111111111111@1111111111111111111111111111a1111111111111111111a111111111
42401,harshil,111
42402,harshil,111111111111111111111111111111111111111111@1111111111111111111111111111a1111111111111111111a111111111
42403,harshil,1
42404,harshil,1
42405,harshil,1
42406,harshil,111111111111111111111111111111111111111111@1111111111111111111111111111a1111111111111111111a111111111
42407,harshil,111
42408,harshil,111111111111111111111111111111111111111111@1111111111111111111111111111a1111111111111111111a111111111
42409,harshil,1
42410,harshil,1
42411,harshil,1
42412,harshil,111111111111111111111111111111111111111111@1111111111111111111111111111a1111111111111111111a111111111
42413,harshil,111
42414,harshil,111111111111111111111111111111111111111111@1111111111111111111111111111a1111111111111111111a111111111
42415,harshil,1
42416,harshil,1
42417,harshil,1
42418,harshil,111111111111111111111111111111111111111111@1111111111111111111111111111a1111111111111111111a111111111
42419,harshil,111
42420,harshil,111111111111111111111111111111111111111111@1111111111111111111111111111a1111111111111111111a111111111
42421,harshil,1
42422,harshil,1
42423,harshil,1
42424,harshil,111111111111111111111111111111111111111111@1111111111111111111111111111a1111111111111111111a111111111
42425,harshil,111
42426,harshil,111111111111111111111111111111111111111111@1111111111111111111111111111a1111111111111111111a111111111
42427,harshil,1
42428,harshil,1
42429,harshil,1
42430,harshil,111111111111111111111111111111111111111111@1111111111111111111111111111a1111111111111111111a111111111
42431,harshil,111
42432,harshil,111111111111111111111111111111111111111111@1111111111111111111111111111a1111111111111111111a111111111
42433,harshil,1
42434,harshil,1
42435,harshil,1
42436,harshil,111111111111111111111111111111111111111111@1111111111111111111111111111a1111111111111111111a111111111
42437,harshil,111
42438,harshil,111111111111111111111111111111111111111111@1111111111111111111111111111a1111111111111111111a111111111
42439,harshil,1
42440,harshil,1
42441,harshil,1
42442,harshil,111111111111111111111111111111111111111111@1111111111111111111111111111a1111111111111111111a111111111
42443,harshil,111
42444,harshil,111111111111111111111111111111111111111111@1111111111111111111111111111a1111111111111111111a111111111
42445,harshil,1
42446,harshil,1
42447,harshil,1
42448,harshil,111111111111111111111111111111111111111111@1111111111111111111111111111a1111111111111111111a111111111
42449,harshil,111
42450,harshil,111111111111111111111111111111111111111111@1111111111111111111111111111a1111111111111111111a111111111
42451,harshil,1
42452,harshil,1
42453,harshil,1
42454,harshil,111111111111111111111111111111111111111111@1111111111111111111111111111a1111111111111111111a111111111
42455,harshil,111
42456,harshil,111111111111111111111111111111111111111111@1111111111111111111111111111a1111111111111111111a111111111
42457,harshil,1
42458,harshil,1
42459,harshil,1
42460,harshil,111111111111111111111111111111111111111111@1111111111111111111111111111a1111111111111111111a111111111
42461,harshil,111
42462,harshil,111111111111111111111111111111111111111111@1111111111111111111111111111a1111111111111111111a111111111
42463,harshil,1
42464,harshil,1
42465,harshil,1
42466,harshil,111111111111111111111111111111111111111111@1111111111111111111111111111a1111111111111111111a111111111
42467,harshil,111
42468,harshil,111111111111111111111111111111111111111111@1111111111111111111111111111a1111111111111111111a111111111
42469,harshil,1
42470,harshil,1
42471,harshil,1
42472,harshil,111111111111111111111111111111111111111111@1111111111111111111111111111a1111111111111111111a111111111
42473,harshil,111
42474,harshil,111111111111111111111111111111111111111111@1111111111111111111111111111a1111111111111111111a111111111
42475,harshil,1
42476,harshil,1
42477,harshil,1
42478,harshil,111111111111111111111111111111111111111111@1111111111111111111111111111a1111111111111111111a111111111
42479,harshil,111
42480,harshil,111111111111111111111111111111111111111111@1111111111111111111111111111a1111111111111111111a111111111
42481,harshil,1
42482,harshil,1
42483,harshil,1
42484,harshil,111111111111111111111111111111111111111111@1111111111111111111111111111a1111111111111111111a111111111
42485,harshil,111
42486,harshil,111111111111111111111111111111111111111111@1111111111111111111111111111a1111111111111111111a111111111
42487,harshil,1
42488,harshil,1
42489,harshil,1
42490,harshil,111111111111111111111111111111111111111111@1111111111111111111111111111a1111111111111111111a111111111
42491,harshil,111
42492,harshil,111111111111111111111111111111111111111111@1111111111111111111111111111a1111111111111111111a111111111
42493,harshil,1
42494,harshil,1
42495,harshil,1
42496,harshil,111111111111111111111111111111111111111111@1111111111111111111111111111a1111111111111111111a111111111
42497,harshil,111
42498,harshil,111111111111111111111111111111111111111111@1111111111111111111111111111a1111111111111111111a111111111
42499,harshil,1
42500,harshil,1
42501,harshil,1
42502,harshil,111111111111111111111111111111111111111111@1111111111111111111111111111a1111111111111111111a111111111
42503,harshil,111
42504,harshil,111111111111111111111111111111111111111111@1111111111111111111111111111a1111111111111111111a111111111
42505,harshil,1
42506,harshil,1
42507,harshil,1
42508,harshil,111111111111111111111111111111111111111111@1111111111111111111111111111a1111111111111111111a111111111
42509,harshil,111
42510,harshil,111111111111111111111111111111111111111111@1111111111111111111111111111a1111111111111111111a111111111
42511,harshil,1
42512,harshil,1
42513,harshil,1
42514,harshil,111111111111111111111111111111111111111111@1111111111111111111111111111a1111111111111111111a111111111
42515,harshil,111
42516,harshil,111111111111111111111111111111111111111111@1111111111111111111111111111a1111111111111111111a111111111
42517,harshil,1
42518,harshil,1
42519,harshil,1
42520,harshil,111111111111111111111111111111111111111111@1111111111111111111111111111a1111111111111111111a111111111
42521,harshil,111
42522,harshil,111111111111111111111111111111111111111111@1111111111111111111111111111a1111111111111111111a111111111
42523,harshil,1
42524,harshil,1
42525,harshil,1
42526,harshil,111111111111111111111111111111111111111111@1111111111111111111111111111a1111111111111111111a111111111
42527,harshil,111
42528,harshil,111111111111111111111111111111111111111111@1111111111111111111111111111a1111111111111111111a111111111
42529,harshil,1
42530,harshil,1
42531,harshil,1
42532,harshil,111111111111111111111111111111111111111111@1111111111111111111111111111a1111111111111111111a111111111
42533,harshil,111
42534,harshil,111111111111111111111111111111111111111111@1111111111111111111111111111a1111111111111111111a111111111
42535,harshil,1
42536,harshil,1
42537,harshil,1
42538,harshil,111111111111111111111111111111111111111111@1111111111111111111111111111a1111111111111111111a111111111
42539,harshil,111
42540,harshil,111111111111111111111111111111111111111111@1111111111111111111111111111a1111111111111111111a111111111
42541,harshil,1
42542,harshil,1
42543,harshil,1
42544,harshil,111111111111111111111111111111111111111111@1111111111111111111111111111a1111111111111111111a111111111
42545,harshil,111
42546,harshil,111111111111111111111111111111111111111111@1111111111111111111111111111a1111111111111111111a111111111
42547,harshil,1
42548,harshil,1
42549,harshil,1
42550,harshil,111111111111111111111111111111111111111111@1111111111111111111111111111a1111111111111111111a111111111
42551,harshil,111
42552,harshil,111111111111111111111111111111111111111111@1111111111111111111111111111a1111111111111111111a111111111
42553,harshil,1
42554,harshil,1
42555,harshil,1
42556,harshil,111111111111111111111111111111111111111111@1111111111111111111111111111a1111111111111111111a111111111
42557,harshil,111
42558,harshil,111111111111111111111111111111111111111111@1111111111111111111111111111a1111111111111111111a111111111
42559,harshil,1
42560,harshil,1
42561,harshil,1
42562,harshil,111111111111111111111111111111111111111111@1111111111111111111111111111a1111111111111111111a111111111
42563,harshil,111
42564,harshil,111111111111111111111111111111111111111111@1111111111111111111111111111a1111111111111111111a111111111
42565,harshil,1
42566,harshil,1
42567,harshil,1
42568,harshil,111111111111111111111111111111111111111111@1111111111111111111111111111a1111111111111111111a111111111
42569,harshil,111
42570,harshil,111111111111111111111111111111111111111111@1111111111111111111111111111a1111111111111111111a111111111
42571,harshil,1
42572,harshil,1
42573,harshil,1
42574,harshil,111111111111111111111111111111111111111111@1111111111111111111111111111a1111111111111111111a111111111
42575,harshil,111
42576,harshil,111111111111111111111111111111111111111111@1111111111111111111111111111a1111111111111111111a111111111
42577,harshil,1
42578,harshil,1
42579,harshil,1
42580,harshil,111111111111111111111111111111111111111111@1111111111111111111111111111a1111111111111111111a111111111
42581,harshil,111
42582,harshil,111111111111111111111111111111111111111111@1111111111111111111111111111a1111111111111111111a111111111
42583,harshil,1
42584,harshil,1
42585,harshil,1
42586,harshil,111111111111111111111111111111111111111111@1111111111111111111111111111a1111111111111111111a111111111
42587,harshil,111
42588,harshil,111111111111111111111111111111111111111111@1111111111111111111111111111a1111111111111111111a111111111
42589,harshil,1
42590,harshil,1
42591,harshil,1
42592,harshil,111111111111111111111111111111111111111111@1111111111111111111111111111a1111111111111111111a111111111
42593,harshil,111
42594,harshil,111111111111111111111111111111111111111111@1111111111111111111111111111a1111111111111111111a111111111
42595,harshil,1
42596,harshil,1
42597,harshil,1
42598,harshil,111111111111111111111111111111111111111111@1111111111111111111111111111a1111111111111111111a111111111
42599,harshil,111
42600,harshil,111111111111111111111111111111111111111111@1111111111111111111111111111a1111111111111111111a111111111
42601,harshil,1
42602,harshil,1
42603,harshil,1
42604,harshil,111111111111111111111111111111111111111111@1111111111111111111111111111a1111111111111111111a111111111
42605,harshil,111
42606,harshil,111111111111111111111111111111111111111111@1111111111111111111111111111a1111111111111111111a111111111
42607,harshil,1
42608,harshil,1
42609,harshil,1
42610,harshil,111111111111111111111111111111111111111111@1111111111111111111111111111a1111111111111111111a111111111
42611,harshil,111
42612,harshil,111111111111111111111111111111111111111111@1111111111111111111111111111a1111111111111111111a111111111
42613,harshil,1
42614,harshil,1
42615,harshil,1
42616,harshil,111111111111111111111111111111111111111111@1111111111111111111111111111a1111111111111111111a111111111
42617,harshil,111
42618,harshil,111111111111111111111111111111111111111111@1111111111111111111111111111a1111111111111111111a111111111
42619,harshil,1
42620,harshil,1
42621,harshil,1
42622,harshil,111111111111111111111111111111111111111111@1111111111111111111111111111a1111111111111111111a111111111
42623,harshil,111
42624,harshil,111111111111111111111111111111111111111111@1111111111111111111111111111a1111111111111111111a111111111
42625,harshil,1
42626,harshil,1
42627,harshil,1
42628,harshil,111111111111111111111111111111111111111111@1111111111111111111111111111a1111111111111111111a111111111
42629,harshil,111
42630,harshil,111111111111111111111111111111111111111111@1111111111111111111111111111a1111111111111111111a111111111
42631,harshil,1
42632,harshil,1
42633,harshil,1
42634,harshil,111111111111111111111111111111111111111111@1111111111111111111111111111a1111111111111111111a111111111
42635,harshil,111
42636,harshil,111111111111111111111111111111111111111111@1111111111111111111111111111a1111111111111111111a111111111
42637,harshil,1
42638,harshil,1
42639,harshil,1
42640,harshil,111111111111111111111111111111111111111111@1111111111111111111111111111a1111111111111111111a111111111
42641,harshil,111
42642,harshil,111111111111111111111111111111111111111111@1111111111111111111111111111a1111111111111111111a111111111
42643,harshil,1
42644,harshil,1
42645,harshil,1
42646,harshil,111111111111111111111111111111111111111111@1111111111111111111111111111a1111111111111111111a111111111
42647,harshil,111
42648,harshil,111111111111111111111111111111111111111111@1111111111111111111111111111a1111111111111111111a111111111
42649,harshil,1
42650,harshil,1
42651,harshil,1
42652,harshil,111111111111111111111111111111111111111111@1111111111111111111111111111a1111111111111111111a111111111
42653,harshil,111
42654,harshil,111111111111111111111111111111111111111111@1111111111111111111111111111a1111111111111111111a111111111
42655,harshil,1
42656,harshil,1
42657,harshil,1
42658,harshil,111111111111111111111111111111111111111111@1111111111111111111111111111a1111111111111111111a111111111
42659,harshil,111
42660,harshil,111111111111111111111111111111111111111111@1111111111111111111111111111a1111111111111111111a111111111
42661,harshil,1
42662,harshil,1
42663,harshil,1
42664,harshil,111111111111111111111111111111111111111111@1111111111111111111111111111a1111111111111111111a111111111
42665,harshil,111
42666,harshil,111111111111111111111111111111111111111111@1111111111111111111111111111a1111111111111111111a111111111
42667,harshil,1
42668,harshil,1
42669,harshil,1
42670,harshil,111111111111111111111111111111111111111111@1111111111111111111111111111a1111111111111111111a111111111
42671,harshil,111
42672,harshil,111111111111111111111111111111111111111111@1111111111111111111111111111a1111111111111111111a111111111
42673,harshil,1
42674,harshil,1
42675,harshil,1
42676,harshil,111111111111111111111111111111111111111111@1111111111111111111111111111a1111111111111111111a111111111
42677,harshil,111
42678,harshil,111111111111111111111111111111111111111111@1111111111111111111111111111a1111111111111111111a111111111
42679,harshil,1
42680,harshil,1
42681,harshil,1
42682,harshil,111111111111111111111111111111111111111111@1111111111111111111111111111a1111111111111111111a111111111
42683,harshil,111
42684,harshil,111111111111111111111111111111111111111111@1111111111111111111111111111a1111111111111111111a111111111
42685,harshil,1
42686,harshil,1
42687,harshil,1
42688,harshil,111111111111111111111111111111111111111111@1111111111111111111111111111a1111111111111111111a111111111
42689,harshil,111
42690,harshil,111111111111111111111111111111111111111111@1111111111111111111111111111a1111111111111111111a111111111
42691,harshil,1
42692,harshil,1
42693,harshil,1
42694,harshil,111111111111111111111111111111111111111111@1111111111111111111111111111a1111111111111111111a111111111
42695,harshil,111
42696,harshil,111111111111111111111111111111111111111111@1111111111111111111111111111a1111111111111111111a111111111
42697,harshil,1
42698,harshil,1
42699,harshil,1
42700,harshil,111111111111111111111111111111111111111111@1111111111111111111111111111a1111111111111111111a111111111
42701,harshil,111
42702,harshil,111111111111111111111111111111111111111111@1111111111111111111111111111a1111111111111111111a111111111
42703,harshil,1
42704,harshil,1
42705,harshil,1
42706,harshil,111111111111111111111111111111111111111111@1111111111111111111111111111a1111111111111111111a111111111
42707,harshil,111
42708,harshil,111111111111111111111111111111111111111111@1111111111111111111111111111a1111111111111111111a111111111
42709,harshil,1
42710,harshil,1
42711,harshil,1
42712,harshil,111111111111111111111111111111111111111111@1111111111111111111111111111a1111111111111111111a111111111
42713,harshil,111
42714,harshil,111111111111111111111111111111111111111111@1111111111111111111111111111a1111111111111111111a111111111
42715,harshil,1
42716,harshil,1
42717,harshil,1
42718,harshil,111111111111111111111111111111111111111111@1111111111111111111111111111a1111111111111111111a111111111
42719,harshil,111
42720,harshil,111111111111111111111111111111111111111111@1111111111111111111111111111a1111111111111111111a111111111
42721,harshil,1
42722,harshil,1
42723,harshil,1
42724,harshil,111111111111111111111111111111111111111111@1111111111111111111111111111a1111111111111111111a111111111
42725,harshil,111
42726,harshil,111111111111111111111111111111111111111111@1111111111111111111111111111a1111111111111111111a111111111
42727,harshil,1
42728,harshil,1
42729,harshil,1
42730,harshil,111111111111111111111111111111111111111111@1111111111111111111111111111a1111111111111111111a111111111
42731,harshil,111
42732,harshil,111111111111111111111111111111111111111111@1111111111111111111111111111a1111111111111111111a111111111
42733,harshil,1
42734,harshil,1
42735,harshil,1
42736,harshil,111111111111111111111111111111111111111111@1111111111111111111111111111a1111111111111111111a111111111
42737,harshil,111
42738,harshil,111111111111111111111111111111111111111111@1111111111111111111111111111a1111111111111111111a111111111
42739,harshil,1
42740,harshil,1
42741,harshil,1
42742,harshil,111111111111111111111111111111111111111111@1111111111111111111111111111a1111111111111111111a111111111
42743,harshil,111
42744,harshil,111111111111111111111111111111111111111111@1111111111111111111111111111a1111111111111111111a111111111
42745,harshil,1
42746,harshil,1
42747,harshil,1
42748,harshil,111111111111111111111111111111111111111111@1111111111111111111111111111a1111111111111111111a111111111
42749,harshil,111
42750,harshil,111111111111111111111111111111111111111111@1111111111111111111111111111a1111111111111111111a111111111
42751,harshil,1
42752,harshil,1
42753,harshil,1
42754,harshil,111111111111111111111111111111111111111111@1111111111111111111111111111a1111111111111111111a111111111
42755,harshil,111
42756,harshil,111111111111111111111111111111111111111111@1111111111111111111111111111a1111111111111111111a111111111
42757,harshil,1
42758,harshil,1
42759,harshil,1
42760,harshil,111111111111111111111111111111111111111111@1111111111111111111111111111a1111111111111111111a111111111
42761,harshil,111
42762,harshil,111111111111111111111111111111111111111111@1111111111111111111111111111a1111111111111111111a111111111
42763,harshil,1
42764,harshil,1
42765,harshil,1
42766,harshil,111111111111111111111111111111111111111111@1111111111111111111111111111a1111111111111111111a111111111
42767,harshil,111
42768,harshil,111111111111111111111111111111111111111111@1111111111111111111111111111a1111111111111111111a111111111
42769,harshil,1
42770,harshil,1
42771,harshil,1
42772,harshil,111111111111111111111111111111111111111111@1111111111111111111111111111a1111111111111111111a111111111
42773,harshil,111
42774,harshil,111111111111111111111111111111111111111111@1111111111111111111111111111a1111111111111111111a111111111
42775,harshil,1
42776,harshil,1
42777,harshil,1
42778,harshil,111111111111111111111111111111111111111111@1111111111111111111111111111a1111111111111111111a111111111
42779,harshil,111
42780,harshil,111111111111111111111111111111111111111111@1111111111111111111111111111a1111111111111111111a111111111
42781,harshil,1
42782,harshil,1
42783,harshil,1
42784,harshil,111111111111111111111111111111111111111111@1111111111111111111111111111a1111111111111111111a111111111
42785,harshil,111
42786,harshil,111111111111111111111111111111111111111111@1111111111111111111111111111a1111111111111111111a111111111
42787,harshil,1
42788,harshil,1
42789,harshil,1
42790,harshil,111111111111111111111111111111111111111111@1111111111111111111111111111a1111111111111111111a111111111
42791,harshil,111
42792,harshil,111111111111111111111111111111111111111111@1111111111111111111111111111a1111111111111111111a111111111
42793,harshil,1
42794,harshil,1
42795,harshil,1
42796,harshil,111111111111111111111111111111111111111111@1111111111111111111111111111a1111111111111111111a111111111
42797,harshil,111
42798,harshil,111111111111111111111111111111111111111111@1111111111111111111111111111a1111111111111111111a111111111
42799,harshil,1
42800,harshil,1
42801,harshil,1
42802,harshil,111111111111111111111111111111111111111111@1111111111111111111111111111a1111111111111111111a111111111
42803,harshil,111
42804,harshil,111111111111111111111111111111111111111111@1111111111111111111111111111a1111111111111111111a111111111
42805,harshil,1
42806,harshil,1
42807,harshil,1
42808,harshil,111111111111111111111111111111111111111111@1111111111111111111111111111a1111111111111111111a111111111
42809,harshil,111
42810,harshil,111111111111111111111111111111111111111111@1111111111111111111111111111a1111111111111111111a111111111
42811,harshil,1
42812,harshil,1
42813,harshil,1
42814,harshil,111111111111111111111111111111111111111111@1111111111111111111111111111a1111111111111111111a111111111
42815,harshil,111
42816,harshil,111111111111111111111111111111111111111111@1111111111111111111111111111a1111111111111111111a111111111
42817,harshil,1
42818,harshil,1
42819,harshil,1
42820,harshil,111111111111111111111111111111111111111111@1111111111111111111111111111a1111111111111111111a111111111
42821,harshil,111
42822,harshil,111111111111111111111111111111111111111111@1111111111111111111111111111a1111111111111111111a111111111
42823,harshil,1
42824,harshil,1
42825,harshil,1
42826,harshil,111111111111111111111111111111111111111111@1111111111111111111111111111a1111111111111111111a111111111
42827,harshil,111
42828,harshil,111111111111111111111111111111111111111111@1111111111111111111111111111a1111111111111111111a111111111
42829,harshil,1
42830,harshil,1
42831,harshil,1
42832,harshil,111111111111111111111111111111111111111111@1111111111111111111111111111a1111111111111111111a111111111
42833,harshil,111
42834,harshil,111111111111111111111111111111111111111111@1111111111111111111111111111a1111111111111111111a111111111
42835,harshil,1
42836,harshil,1
42837,harshil,1
42838,harshil,111111111111111111111111111111111111111111@1111111111111111111111111111a1111111111111111111a111111111
42839,harshil,111
42840,harshil,111111111111111111111111111111111111111111@1111111111111111111111111111a1111111111111111111a111111111
42841,harshil,1
42842,harshil,1
42843,harshil,1
42844,harshil,111111111111111111111111111111111111111111@1111111111111111111111111111a1111111111111111111a111111111
42845,harshil,111
42846,harshil,111111111111111111111111111111111111111111@1111111111111111111111111111a1111111111111111111a111111111
42847,harshil,1
42848,harshil,1
42849,harshil,1
42850,harshil,111111111111111111111111111111111111111111@1111111111111111111111111111a1111111111111111111a111111111
42851,harshil,111
42852,harshil,111111111111111111111111111111111111111111@1111111111111111111111111111a1111111111111111111a111111111
42853,harshil,1
42854,harshil,1
42855,harshil,1
42856,harshil,111111111111111111111111111111111111111111@1111111111111111111111111111a1111111111111111111a111111111
42857,harshil,111
42858,harshil,111111111111111111111111111111111111111111@1111111111111111111111111111a1111111111111111111a111111111
42859,harshil,1
42860,harshil,1
42861,harshil,1
42862,harshil,111111111111111111111111111111111111111111@1111111111111111111111111111a1111111111111111111a111111111
42863,harshil,111
42864,harshil,111111111111111111111111111111111111111111@1111111111111111111111111111a1111111111111111111a111111111
42865,harshil,1
42866,harshil,1
42867,harshil,1
42868,harshil,111111111111111111111111111111111111111111@1111111111111111111111111111a1111111111111111111a111111111
42869,harshil,111
42870,harshil,111111111111111111111111111111111111111111@1111111111111111111111111111a1111111111111111111a111111111
42871,harshil,1
42872,harshil,1
42873,harshil,1
42874,harshil,111111111111111111111111111111111111111111@1111111111111111111111111111a1111111111111111111a111111111
42875,harshil,111
42876,harshil,111111111111111111111111111111111111111111@1111111111111111111111111111a1111111111111111111a111111111
42877,harshil,1
42878,harshil,1
42879,harshil,1
42880,harshil,111111111111111111111111111111111111111111@1111111111111111111111111111a1111111111111111111a111111111
42881,harshil,111
42882,harshil,111111111111111111111111111111111111111111@1111111111111111111111111111a1111111111111111111a111111111
42883,harshil,1
42884,harshil,1
42885,harshil,1
42886,harshil,111111111111111111111111111111111111111111@1111111111111111111111111111a1111111111111111111a111111111
42887,harshil,111
42888,harshil,111111111111111111111111111111111111111111@1111111111111111111111111111a1111111111111111111a111111111
42889,harshil,1
42890,harshil,1
42891,harshil,1
42892,harshil,111111111111111111111111111111111111111111@1111111111111111111111111111a1111111111111111111a111111111
42893,harshil,111
42894,harshil,111111111111111111111111111111111111111111@1111111111111111111111111111a1111111111111111111a111111111
42895,harshil,1
42896,harshil,1
42897,harshil,1
42898,harshil,111111111111111111111111111111111111111111@1111111111111111111111111111a1111111111111111111a111111111
42899,harshil,111
42900,harshil,111111111111111111111111111111111111111111@1111111111111111111111111111a1111111111111111111a111111111
42901,harshil,1
42902,harshil,1
42903,harshil,1
42904,harshil,111111111111111111111111111111111111111111@1111111111111111111111111111a1111111111111111111a111111111
42905,harshil,111
42906,harshil,111111111111111111111111111111111111111111@1111111111111111111111111111a1111111111111111111a111111111
42907,harshil,1
42908,harshil,1
42909,harshil,1
42910,harshil,111111111111111111111111111111111111111111@1111111111111111111111111111a1111111111111111111a111111111
42911,harshil,111
42912,harshil,111111111111111111111111111111111111111111@1111111111111111111111111111a1111111111111111111a111111111
42913,harshil,1
42914,harshil,1
42915,harshil,1
42916,harshil,111111111111111111111111111111111111111111@1111111111111111111111111111a1111111111111111111a111111111
42917,harshil,111
42918,harshil,111111111111111111111111111111111111111111@1111111111111111111111111111a1111111111111111111a111111111
42919,harshil,1
42920,harshil,1
42921,harshil,1
42922,harshil,111111111111111111111111111111111111111111@1111111111111111111111111111a1111111111111111111a111111111
42923,harshil,111
42924,harshil,111111111111111111111111111111111111111111@1111111111111111111111111111a1111111111111111111a111111111
42925,harshil,1
42926,harshil,1
42927,harshil,1
42928,harshil,111111111111111111111111111111111111111111@1111111111111111111111111111a1111111111111111111a111111111
42929,harshil,111
42930,harshil,111111111111111111111111111111111111111111@1111111111111111111111111111a1111111111111111111a111111111
42931,harshil,1
42932,harshil,1
42933,harshil,1
42934,harshil,111111111111111111111111111111111111111111@1111111111111111111111111111a1111111111111111111a111111111
42935,harshil,111
42936,harshil,111111111111111111111111111111111111111111@1111111111111111111111111111a1111111111111111111a111111111
42937,harshil,1
42938,harshil,1
42939,harshil,1
42940,harshil,111111111111111111111111111111111111111111@1111111111111111111111111111a1111111111111111111a111111111
42941,harshil,111
42942,harshil,111111111111111111111111111111111111111111@1111111111111111111111111111a1111111111111111111a111111111
42943,harshil,1
42944,harshil,1
42945,harshil,1
42946,harshil,111111111111111111111111111111111111111111@1111111111111111111111111111a1111111111111111111a111111111
42947,harshil,111
42948,harshil,111111111111111111111111111111111111111111@1111111111111111111111111111a1111111111111111111a111111111
42949,harshil,1
42950,harshil,1
42951,harshil,1
42952,harshil,111111111111111111111111111111111111111111@1111111111111111111111111111a1111111111111111111a111111111
42953,harshil,111
42954,harshil,111111111111111111111111111111111111111111@1111111111111111111111111111a1111111111111111111a111111111
42955,harshil,1
42956,harshil,1
42957,harshil,1
42958,harshil,111111111111111111111111111111111111111111@1111111111111111111111111111a1111111111111111111a111111111
42959,harshil,111
42960,harshil,111111111111111111111111111111111111111111@1111111111111111111111111111a1111111111111111111a111111111
42961,harshil,1
42962,harshil,1
42963,harshil,1
42964,harshil,111111111111111111111111111111111111111111@1111111111111111111111111111a1111111111111111111a111111111
42965,harshil,111
42966,harshil,111111111111111111111111111111111111111111@1111111111111111111111111111a1111111111111111111a111111111
42967,harshil,1
42968,harshil,1
42969,harshil,1
42970,harshil,111111111111111111111111111111111111111111@1111111111111111111111111111a1111111111111111111a111111111
42971,harshil,111
42972,harshil,111111111111111111111111111111111111111111@1111111111111111111111111111a1111111111111111111a111111111
42973,harshil,1
42974,harshil,1
42975,harshil,1
42976,harshil,111111111111111111111111111111111111111111@1111111111111111111111111111a1111111111111111111a111111111
42977,harshil,111
42978,harshil,111111111111111111111111111111111111111111@1111111111111111111111111111a1111111111111111111a111111111
42979,harshil,1
42980,harshil,1
42981,harshil,1
42982,harshil,111111111111111111111111111111111111111111@1111111111111111111111111111a1111111111111111111a111111111
42983,harshil,111
42984,harshil,111111111111111111111111111111111111111111@1111111111111111111111111111a1111111111111111111a111111111
42985,harshil,1
42986,harshil,1
42987,harshil,1
42988,harshil,111111111111111111111111111111111111111111@1111111111111111111111111111a1111111111111111111a111111111
42989,harshil,111
42990,harshil,111111111111111111111111111111111111111111@1111111111111111111111111111a1111111111111111111a111111111
42991,harshil,1
42992,harshil,1
42993,harshil,1
42994,harshil,111111111111111111111111111111111111111111@1111111111111111111111111111a1111111111111111111a111111111
42995,harshil,111
42996,harshil,111111111111111111111111111111111111111111@1111111111111111111111111111a1111111111111111111a111111111
42997,harshil,1
42998,harshil,1
42999,harshil,1
43000,harshil,111111111111111111111111111111111111111111@1111111111111111111111111111a1111111111111111111a111111111
43001,harshil,111
43002,harshil,111111111111111111111111111111111111111111@1111111111111111111111111111a1111111111111111111a111111111
43003,harshil,1
43004,harshil,1
43005,harshil,1
43006,harshil,111111111111111111111111111111111111111111@1111111111111111111111111111a1111111111111111111a111111111
43007,harshil,111
43008,harshil,111111111111111111111111111111111111111111@1111111111111111111111111111a1111111111111111111a111111111
43009,harshil,1
43010,harshil,1
43011,harshil,1
43012,harshil,111111111111111111111111111111111111111111@1111111111111111111111111111a1111111111111111111a111111111
43013,harshil,111
43014,harshil,111111111111111111111111111111111111111111@1111111111111111111111111111a1111111111111111111a111111111
43015,harshil,1
43016,harshil,1
43017,harshil,1
43018,harshil,111111111111111111111111111111111111111111@1111111111111111111111111111a1111111111111111111a111111111
43019,harshil,111
43020,harshil,111111111111111111111111111111111111111111@1111111111111111111111111111a1111111111111111111a111111111
43021,harshil,1
43022,harshil,1
43023,harshil,1
43024,harshil,111111111111111111111111111111111111111111@1111111111111111111111111111a1111111111111111111a111111111
43025,harshil,111
43026,harshil,111111111111111111111111111111111111111111@1111111111111111111111111111a1111111111111111111a111111111
43027,harshil,1
43028,harshil,1
43029,harshil,1
43030,harshil,111111111111111111111111111111111111111111@1111111111111111111111111111a1111111111111111111a111111111
43031,harshil,111
43032,harshil,111111111111111111111111111111111111111111@1111111111111111111111111111a1111111111111111111a111111111
43033,harshil,1
43034,harshil,1
43035,harshil,1
43036,harshil,111111111111111111111111111111111111111111@1111111111111111111111111111a1111111111111111111a111111111
43037,harshil,111
43038,harshil,111111111111111111111111111111111111111111@1111111111111111111111111111a1111111111111111111a111111111
43039,harshil,1
43040,harshil,1
43041,harshil,1
43042,harshil,111111111111111111111111111111111111111111@1111111111111111111111111111a1111111111111111111a111111111
43043,harshil,111
43044,harshil,111111111111111111111111111111111111111111@1111111111111111111111111111a1111111111111111111a111111111
43045,harshil,1
43046,harshil,1
43047,harshil,1
43048,harshil,111111111111111111111111111111111111111111@1111111111111111111111111111a1111111111111111111a111111111
43049,harshil,111
43050,harshil,111111111111111111111111111111111111111111@1111111111111111111111111111a1111111111111111111a111111111
43051,harshil,1
43052,harshil,1
43053,harshil,1
43054,harshil,111111111111111111111111111111111111111111@1111111111111111111111111111a1111111111111111111a111111111
43055,harshil,111
43056,harshil,111111111111111111111111111111111111111111@1111111111111111111111111111a1111111111111111111a111111111
43057,harshil,1
43058,harshil,1
43059,harshil,1
43060,harshil,111111111111111111111111111111111111111111@1111111111111111111111111111a1111111111111111111a111111111
43061,harshil,111
43062,harshil,111111111111111111111111111111111111111111@1111111111111111111111111111a1111111111111111111a111111111
43063,harshil,1
43064,harshil,1
43065,harshil,1
43066,harshil,111111111111111111111111111111111111111111@1111111111111111111111111111a1111111111111111111a111111111
43067,harshil,111
43068,harshil,111111111111111111111111111111111111111111@1111111111111111111111111111a1111111111111111111a111111111
43069,harshil,1
43070,harshil,1
43071,harshil,1
43072,harshil,111111111111111111111111111111111111111111@1111111111111111111111111111a1111111111111111111a111111111
43073,harshil,111
43074,harshil,111111111111111111111111111111111111111111@1111111111111111111111111111a1111111111111111111a111111111
43075,harshil,1
43076,harshil,1
43077,harshil,1
43078,harshil,111111111111111111111111111111111111111111@1111111111111111111111111111a1111111111111111111a111111111
43079,harshil,111
43080,harshil,111111111111111111111111111111111111111111@1111111111111111111111111111a1111111111111111111a111111111
43081,harshil,1
43082,harshil,1
43083,harshil,1
43084,harshil,111111111111111111111111111111111111111111@1111111111111111111111111111a1111111111111111111a111111111
43085,harshil,111
43086,harshil,111111111111111111111111111111111111111111@1111111111111111111111111111a1111111111111111111a111111111
43087,harshil,1
43088,harshil,1
43089,harshil,1
43090,harshil,111111111111111111111111111111111111111111@1111111111111111111111111111a1111111111111111111a111111111
43091,harshil,111
43092,harshil,111111111111111111111111111111111111111111@1111111111111111111111111111a1111111111111111111a111111111
43093,harshil,1
43094,harshil,1
43095,harshil,1
43096,harshil,111111111111111111111111111111111111111111@1111111111111111111111111111a1111111111111111111a111111111
43097,harshil,111
43098,harshil,111111111111111111111111111111111111111111@1111111111111111111111111111a1111111111111111111a111111111
43099,harshil,1
43100,harshil,1
43101,harshil,1
43102,harshil,111111111111111111111111111111111111111111@1111111111111111111111111111a1111111111111111111a111111111
43103,harshil,111
43104,harshil,111111111111111111111111111111111111111111@1111111111111111111111111111a1111111111111111111a111111111
43105,harshil,1
43106,harshil,1
43107,harshil,1
43108,harshil,111111111111111111111111111111111111111111@1111111111111111111111111111a1111111111111111111a111111111
43109,harshil,111
43110,harshil,111111111111111111111111111111111111111111@1111111111111111111111111111a1111111111111111111a111111111
43111,harshil,1
43112,harshil,1
43113,harshil,1
43114,harshil,111111111111111111111111111111111111111111@1111111111111111111111111111a1111111111111111111a111111111
43115,harshil,111
43116,harshil,111111111111111111111111111111111111111111@1111111111111111111111111111a1111111111111111111a111111111
43117,harshil,1
43118,harshil,1
43119,harshil,1
43120,harshil,111111111111111111111111111111111111111111@1111111111111111111111111111a1111111111111111111a111111111
43121,harshil,111
43122,harshil,111111111111111111111111111111111111111111@1111111111111111111111111111a1111111111111111111a111111111
43123,harshil,1
43124,harshil,1
43125,harshil,1
43126,harshil,111111111111111111111111111111111111111111@1111111111111111111111111111a1111111111111111111a111111111
43127,harshil,111
43128,harshil,111111111111111111111111111111111111111111@1111111111111111111111111111a1111111111111111111a111111111
43129,harshil,1
43130,harshil,1
43131,harshil,1
43132,harshil,111111111111111111111111111111111111111111@1111111111111111111111111111a1111111111111111111a111111111
43133,harshil,111
43134,harshil,111111111111111111111111111111111111111111@1111111111111111111111111111a1111111111111111111a111111111
43135,harshil,1
43136,harshil,1
43137,harshil,1
43138,harshil,111111111111111111111111111111111111111111@1111111111111111111111111111a1111111111111111111a111111111
43139,harshil,111
43140,harshil,111111111111111111111111111111111111111111@1111111111111111111111111111a1111111111111111111a111111111
43141,harshil,1
43142,harshil,1
43143,harshil,1
43144,harshil,111111111111111111111111111111111111111111@1111111111111111111111111111a1111111111111111111a111111111
43145,harshil,111
43146,harshil,111111111111111111111111111111111111111111@1111111111111111111111111111a1111111111111111111a111111111
43147,harshil,1
43148,harshil,1
43149,harshil,1
43150,harshil,111111111111111111111111111111111111111111@1111111111111111111111111111a1111111111111111111a111111111
43151,harshil,111
43152,harshil,111111111111111111111111111111111111111111@1111111111111111111111111111a1111111111111111111a111111111
43153,harshil,1
43154,harshil,1
43155,harshil,1
43156,harshil,111111111111111111111111111111111111111111@1111111111111111111111111111a1111111111111111111a111111111
43157,harshil,111
43158,harshil,111111111111111111111111111111111111111111@1111111111111111111111111111a1111111111111111111a111111111
43159,harshil,1
43160,harshil,1
43161,harshil,1
43162,harshil,111111111111111111111111111111111111111111@1111111111111111111111111111a1111111111111111111a111111111
43163,harshil,111
43164,harshil,111111111111111111111111111111111111111111@1111111111111111111111111111a1111111111111111111a111111111
43165,harshil,1
43166,harshil,1
43167,harshil,1
43168,harshil,111111111111111111111111111111111111111111@1111111111111111111111111111a1111111111111111111a111111111
43169,harshil,111
43170,harshil,111111111111111111111111111111111111111111@1111111111111111111111111111a1111111111111111111a111111111
43171,harshil,1
43172,harshil,1
43173,harshil,1
43174,harshil,111111111111111111111111111111111111111111@1111111111111111111111111111a1111111111111111111a111111111
43175,harshil,111
43176,harshil,111111111111111111111111111111111111111111@1111111111111111111111111111a1111111111111111111a111111111
43177,harshil,1
43178,harshil,1
43179,harshil,1
43180,harshil,111111111111111111111111111111111111111111@1111111111111111111111111111a1111111111111111111a111111111
43181,harshil,111
43182,harshil,111111111111111111111111111111111111111111@1111111111111111111111111111a1111111111111111111a111111111
43183,harshil,1
43184,harshil,1
43185,harshil,1
43186,harshil,111111111111111111111111111111111111111111@1111111111111111111111111111a1111111111111111111a111111111
43187,harshil,111
43188,harshil,111111111111111111111111111111111111111111@1111111111111111111111111111a1111111111111111111a111111111
43189,harshil,1
43190,harshil,1
43191,harshil,1
43192,harshil,111111111111111111111111111111111111111111@1111111111111111111111111111a1111111111111111111a111111111
43193,harshil,111
43194,harshil,111111111111111111111111111111111111111111@1111111111111111111111111111a1111111111111111111a111111111
43195,harshil,1
43196,harshil,1
43197,harshil,1
43198,harshil,111111111111111111111111111111111111111111@1111111111111111111111111111a1111111111111111111a111111111
43199,harshil,111
43200,harshil,111111111111111111111111111111111111111111@1111111111111111111111111111a1111111111111111111a111111111
43201,harshil,1
43202,harshil,1
43203,harshil,1
43204,harshil,111111111111111111111111111111111111111111@1111111111111111111111111111a1111111111111111111a111111111
43205,harshil,111
43206,harshil,111111111111111111111111111111111111111111@1111111111111111111111111111a1111111111111111111a111111111
43207,harshil,1
43208,harshil,1
43209,harshil,1
43210,harshil,111111111111111111111111111111111111111111@1111111111111111111111111111a1111111111111111111a111111111
43211,harshil,111
43212,harshil,111111111111111111111111111111111111111111@1111111111111111111111111111a1111111111111111111a111111111
43213,harshil,1
43214,harshil,1
43215,harshil,1
43216,harshil,111111111111111111111111111111111111111111@1111111111111111111111111111a1111111111111111111a111111111
43217,harshil,111
43218,harshil,111111111111111111111111111111111111111111@1111111111111111111111111111a1111111111111111111a111111111
43219,harshil,1
43220,harshil,1
43221,harshil,1
43222,harshil,111111111111111111111111111111111111111111@1111111111111111111111111111a1111111111111111111a111111111
43223,harshil,111
43224,harshil,111111111111111111111111111111111111111111@1111111111111111111111111111a1111111111111111111a111111111
43225,harshil,1
43226,harshil,1
43227,harshil,1
43228,harshil,111111111111111111111111111111111111111111@1111111111111111111111111111a1111111111111111111a111111111
43229,harshil,111
43230,harshil,111111111111111111111111111111111111111111@1111111111111111111111111111a1111111111111111111a111111111
43231,harshil,1
43232,harshil,1
43233,harshil,1
43234,harshil,111111111111111111111111111111111111111111@1111111111111111111111111111a1111111111111111111a111111111
43235,harshil,111
43236,harshil,111111111111111111111111111111111111111111@1111111111111111111111111111a1111111111111111111a111111111
43237,harshil,1
43238,harshil,1
43239,harshil,1
43240,harshil,111111111111111111111111111111111111111111@1111111111111111111111111111a1111111111111111111a111111111
43241,harshil,111
43242,harshil,111111111111111111111111111111111111111111@1111111111111111111111111111a1111111111111111111a111111111
43243,harshil,1
43244,harshil,1
43245,harshil,1
43246,harshil,111111111111111111111111111111111111111111@1111111111111111111111111111a1111111111111111111a111111111
43247,harshil,111
43248,harshil,111111111111111111111111111111111111111111@1111111111111111111111111111a1111111111111111111a111111111
43249,harshil,1
43250,harshil,1
43251,harshil,1
43252,harshil,111111111111111111111111111111111111111111@1111111111111111111111111111a1111111111111111111a111111111
43253,harshil,111
43254,harshil,111111111111111111111111111111111111111111@1111111111111111111111111111a1111111111111111111a111111111
43255,harshil,1
43256,harshil,1
43257,harshil,1
43258,harshil,111111111111111111111111111111111111111111@1111111111111111111111111111a1111111111111111111a111111111
43259,harshil,111
43260,harshil,111111111111111111111111111111111111111111@1111111111111111111111111111a1111111111111111111a111111111
43261,harshil,1
43262,harshil,1
43263,harshil,1
43264,harshil,111111111111111111111111111111111111111111@1111111111111111111111111111a1111111111111111111a111111111
43265,harshil,111
43266,harshil,111111111111111111111111111111111111111111@1111111111111111111111111111a1111111111111111111a111111111
43267,harshil,1
43268,harshil,1
43269,harshil,1
43270,harshil,111111111111111111111111111111111111111111@1111111111111111111111111111a1111111111111111111a111111111
43271,harshil,111
43272,harshil,111111111111111111111111111111111111111111@1111111111111111111111111111a1111111111111111111a111111111
43273,harshil,1
43274,harshil,1
43275,harshil,1
43276,harshil,111111111111111111111111111111111111111111@1111111111111111111111111111a1111111111111111111a111111111
43277,harshil,111
43278,harshil,111111111111111111111111111111111111111111@1111111111111111111111111111a1111111111111111111a111111111
43279,harshil,1
43280,harshil,1
43281,harshil,1
43282,harshil,111111111111111111111111111111111111111111@1111111111111111111111111111a1111111111111111111a111111111
43283,harshil,111
43284,harshil,111111111111111111111111111111111111111111@1111111111111111111111111111a1111111111111111111a111111111
43285,harshil,1
43286,harshil,1
43287,harshil,1
43288,harshil,111111111111111111111111111111111111111111@1111111111111111111111111111a1111111111111111111a111111111
43289,harshil,111
43290,harshil,111111111111111111111111111111111111111111@1111111111111111111111111111a1111111111111111111a111111111
43291,harshil,1
43292,harshil,1
43293,harshil,1
43294,harshil,111111111111111111111111111111111111111111@1111111111111111111111111111a1111111111111111111a111111111
43295,harshil,111
43296,harshil,111111111111111111111111111111111111111111@1111111111111111111111111111a1111111111111111111a111111111
43297,harshil,1
43298,harshil,1
43299,harshil,1
43300,harshil,111111111111111111111111111111111111111111@1111111111111111111111111111a1111111111111111111a111111111
43301,harshil,111
43302,harshil,111111111111111111111111111111111111111111@1111111111111111111111111111a1111111111111111111a111111111
43303,harshil,1
43304,harshil,1
43305,harshil,1
43306,harshil,111111111111111111111111111111111111111111@1111111111111111111111111111a1111111111111111111a111111111
43307,harshil,111
43308,harshil,111111111111111111111111111111111111111111@1111111111111111111111111111a1111111111111111111a111111111
43309,harshil,1
43310,harshil,1
43311,harshil,1
43312,harshil,111111111111111111111111111111111111111111@1111111111111111111111111111a1111111111111111111a111111111
43313,harshil,111
43314,harshil,111111111111111111111111111111111111111111@1111111111111111111111111111a1111111111111111111a111111111
43315,harshil,1
43316,harshil,1
43317,harshil,1
43318,harshil,111111111111111111111111111111111111111111@1111111111111111111111111111a1111111111111111111a111111111
43319,harshil,111
43320,harshil,111111111111111111111111111111111111111111@1111111111111111111111111111a1111111111111111111a111111111
43321,harshil,1
43322,harshil,1
43323,harshil,1
43324,harshil,111111111111111111111111111111111111111111@1111111111111111111111111111a1111111111111111111a111111111
43325,harshil,111
43326,harshil,111111111111111111111111111111111111111111@1111111111111111111111111111a1111111111111111111a111111111
43327,harshil,1
43328,harshil,1
43329,harshil,1
43330,harshil,111111111111111111111111111111111111111111@1111111111111111111111111111a1111111111111111111a111111111
43331,harshil,111
43332,harshil,111111111111111111111111111111111111111111@1111111111111111111111111111a1111111111111111111a111111111
43333,harshil,1
43334,harshil,1
43335,harshil,1
43336,harshil,111111111111111111111111111111111111111111@1111111111111111111111111111a1111111111111111111a111111111
43337,harshil,111
43338,harshil,111111111111111111111111111111111111111111@1111111111111111111111111111a1111111111111111111a111111111
43339,harshil,1
43340,harshil,1
43341,harshil,1
43342,harshil,111111111111111111111111111111111111111111@1111111111111111111111111111a1111111111111111111a111111111
43343,harshil,111
43344,harshil,111111111111111111111111111111111111111111@1111111111111111111111111111a1111111111111111111a111111111
43345,harshil,1
43346,harshil,1
43347,harshil,1
43348,harshil,111111111111111111111111111111111111111111@1111111111111111111111111111a1111111111111111111a111111111
43349,harshil,111
43350,harshil,111111111111111111111111111111111111111111@1111111111111111111111111111a1111111111111111111a111111111
43351,harshil,1
43352,harshil,1
43353,harshil,1
43354,harshil,111111111111111111111111111111111111111111@1111111111111111111111111111a1111111111111111111a111111111
43355,harshil,111
43356,harshil,111111111111111111111111111111111111111111@1111111111111111111111111111a1111111111111111111a111111111
43357,harshil,1
43358,harshil,1
43359,harshil,1
43360,harshil,111111111111111111111111111111111111111111@1111111111111111111111111111a1111111111111111111a111111111
43361,harshil,111
43362,harshil,111111111111111111111111111111111111111111@1111111111111111111111111111a1111111111111111111a111111111
43363,harshil,1
43364,harshil,1
43365,harshil,1
43366,harshil,111111111111111111111111111111111111111111@1111111111111111111111111111a1111111111111111111a111111111
43367,harshil,111
43368,harshil,111111111111111111111111111111111111111111@1111111111111111111111111111a1111111111111111111a111111111
43369,harshil,1
43370,harshil,1
43371,harshil,1
43372,harshil,111111111111111111111111111111111111111111@1111111111111111111111111111a1111111111111111111a111111111
43373,harshil,111
43374,harshil,111111111111111111111111111111111111111111@1111111111111111111111111111a1111111111111111111a111111111
43375,harshil,1
43376,harshil,1
43377,harshil,1
43378,harshil,111111111111111111111111111111111111111111@1111111111111111111111111111a1111111111111111111a111111111
43379,harshil,111
43380,harshil,111111111111111111111111111111111111111111@1111111111111111111111111111a1111111111111111111a111111111
43381,harshil,1
43382,harshil,1
43383,harshil,1
43384,harshil,111111111111111111111111111111111111111111@1111111111111111111111111111a1111111111111111111a111111111
43385,harshil,111
43386,harshil,111111111111111111111111111111111111111111@1111111111111111111111111111a1111111111111111111a111111111
43387,harshil,1
43388,harshil,1
43389,harshil,1
43390,harshil,111111111111111111111111111111111111111111@1111111111111111111111111111a1111111111111111111a111111111
43391,harshil,111
43392,harshil,111111111111111111111111111111111111111111@1111111111111111111111111111a1111111111111111111a111111111
43393,harshil,1
43394,harshil,1
43395,harshil,1
43396,harshil,111111111111111111111111111111111111111111@1111111111111111111111111111a1111111111111111111a111111111
43397,harshil,111
43398,harshil,111111111111111111111111111111111111111111@1111111111111111111111111111a1111111111111111111a111111111
43399,harshil,1
43400,harshil,1
43401,harshil,1
43402,harshil,111111111111111111111111111111111111111111@1111111111111111111111111111a1111111111111111111a111111111
43403,harshil,111
43404,harshil,111111111111111111111111111111111111111111@1111111111111111111111111111a1111111111111111111a111111111
43405,harshil,1
43406,harshil,1
43407,harshil,1
43408,harshil,111111111111111111111111111111111111111111@1111111111111111111111111111a1111111111111111111a111111111
43409,harshil,111
43410,harshil,111111111111111111111111111111111111111111@1111111111111111111111111111a1111111111111111111a111111111
43411,harshil,1
43412,harshil,1
43413,harshil,1
43414,harshil,111111111111111111111111111111111111111111@1111111111111111111111111111a1111111111111111111a111111111
43415,harshil,111
43416,harshil,111111111111111111111111111111111111111111@1111111111111111111111111111a1111111111111111111a111111111
43417,harshil,1
43418,harshil,1
43419,harshil,1
43420,harshil,111111111111111111111111111111111111111111@1111111111111111111111111111a1111111111111111111a111111111
43421,harshil,111
43422,harshil,111111111111111111111111111111111111111111@1111111111111111111111111111a1111111111111111111a111111111
43423,harshil,1
43424,harshil,1
43425,harshil,1
43426,harshil,111111111111111111111111111111111111111111@1111111111111111111111111111a1111111111111111111a111111111
43427,harshil,111
43428,harshil,111111111111111111111111111111111111111111@1111111111111111111111111111a1111111111111111111a111111111
43429,harshil,1
43430,harshil,1
43431,harshil,1
43432,harshil,111111111111111111111111111111111111111111@1111111111111111111111111111a1111111111111111111a111111111
43433,harshil,111
43434,harshil,111111111111111111111111111111111111111111@1111111111111111111111111111a1111111111111111111a111111111
43435,harshil,1
43436,harshil,1
43437,harshil,1
43438,harshil,111111111111111111111111111111111111111111@1111111111111111111111111111a1111111111111111111a111111111
43439,harshil,111
43440,harshil,111111111111111111111111111111111111111111@1111111111111111111111111111a1111111111111111111a111111111
43441,harshil,1
43442,harshil,1
43443,harshil,1
43444,harshil,111111111111111111111111111111111111111111@1111111111111111111111111111a1111111111111111111a111111111
43445,harshil,111
43446,harshil,111111111111111111111111111111111111111111@1111111111111111111111111111a1111111111111111111a111111111
43447,harshil,1
43448,harshil,1
43449,harshil,1
43450,harshil,111111111111111111111111111111111111111111@1111111111111111111111111111a1111111111111111111a111111111
43451,harshil,111
43452,harshil,111111111111111111111111111111111111111111@1111111111111111111111111111a1111111111111111111a111111111
43453,harshil,1
43454,harshil,1
43455,harshil,1
43456,harshil,111111111111111111111111111111111111111111@1111111111111111111111111111a1111111111111111111a111111111
43457,harshil,111
43458,harshil,111111111111111111111111111111111111111111@1111111111111111111111111111a1111111111111111111a111111111
43459,harshil,1
43460,harshil,1
43461,harshil,1
43462,harshil,111111111111111111111111111111111111111111@1111111111111111111111111111a1111111111111111111a111111111
43463,harshil,111
43464,harshil,111111111111111111111111111111111111111111@1111111111111111111111111111a1111111111111111111a111111111
43465,harshil,1
43466,harshil,1
43467,harshil,1
43468,harshil,111111111111111111111111111111111111111111@1111111111111111111111111111a1111111111111111111a111111111
43469,harshil,111
43470,harshil,111111111111111111111111111111111111111111@1111111111111111111111111111a1111111111111111111a111111111
43471,harshil,1
43472,harshil,1
43473,harshil,1
43474,harshil,111111111111111111111111111111111111111111@1111111111111111111111111111a1111111111111111111a111111111
43475,harshil,111
43476,harshil,111111111111111111111111111111111111111111@1111111111111111111111111111a1111111111111111111a111111111
43477,harshil,1
43478,harshil,1
43479,harshil,1
43480,harshil,111111111111111111111111111111111111111111@1111111111111111111111111111a1111111111111111111a111111111
43481,harshil,111
43482,harshil,111111111111111111111111111111111111111111@1111111111111111111111111111a1111111111111111111a111111111
43483,harshil,1
43484,harshil,1
43485,harshil,1
43486,harshil,111111111111111111111111111111111111111111@1111111111111111111111111111a1111111111111111111a111111111
43487,harshil,111
43488,harshil,111111111111111111111111111111111111111111@1111111111111111111111111111a1111111111111111111a111111111
43489,harshil,1
43490,harshil,1
43491,harshil,1
43492,harshil,111111111111111111111111111111111111111111@1111111111111111111111111111a1111111111111111111a111111111
43493,harshil,111
43494,harshil,111111111111111111111111111111111111111111@1111111111111111111111111111a1111111111111111111a111111111
43495,harshil,1
43496,harshil,1
43497,harshil,1
43498,harshil,111111111111111111111111111111111111111111@1111111111111111111111111111a1111111111111111111a111111111
43499,harshil,111
43500,harshil,111111111111111111111111111111111111111111@1111111111111111111111111111a1111111111111111111a111111111
43501,harshil,1
43502,harshil,1
43503,harshil,1
43504,harshil,111111111111111111111111111111111111111111@1111111111111111111111111111a1111111111111111111a111111111
43505,harshil,111
43506,harshil,111111111111111111111111111111111111111111@1111111111111111111111111111a1111111111111111111a111111111
43507,harshil,1
43508,harshil,1
43509,harshil,1
43510,harshil,111111111111111111111111111111111111111111@1111111111111111111111111111a1111111111111111111a111111111
43511,harshil,111
43512,harshil,111111111111111111111111111111111111111111@1111111111111111111111111111a1111111111111111111a111111111
43513,harshil,1
43514,harshil,1
43515,harshil,1
43516,harshil,111111111111111111111111111111111111111111@1111111111111111111111111111a1111111111111111111a111111111
43517,harshil,111
43518,harshil,111111111111111111111111111111111111111111@1111111111111111111111111111a1111111111111111111a111111111
43519,harshil,1
43520,harshil,1
43521,harshil,1
43522,harshil,111111111111111111111111111111111111111111@1111111111111111111111111111a1111111111111111111a111111111
43523,harshil,111
43524,harshil,111111111111111111111111111111111111111111@1111111111111111111111111111a1111111111111111111a111111111
43525,harshil,1
43526,harshil,1
43527,harshil,1
43528,harshil,111111111111111111111111111111111111111111@1111111111111111111111111111a1111111111111111111a111111111
43529,harshil,111
43530,harshil,111111111111111111111111111111111111111111@1111111111111111111111111111a1111111111111111111a111111111
43531,harshil,1
43532,harshil,1
43533,harshil,1
43534,harshil,111111111111111111111111111111111111111111@1111111111111111111111111111a1111111111111111111a111111111
43535,harshil,111
43536,harshil,111111111111111111111111111111111111111111@1111111111111111111111111111a1111111111111111111a111111111
43537,harshil,1
43538,harshil,1
43539,harshil,1
43540,harshil,111111111111111111111111111111111111111111@1111111111111111111111111111a1111111111111111111a111111111
43541,harshil,111
43542,harshil,111111111111111111111111111111111111111111@1111111111111111111111111111a1111111111111111111a111111111
43543,harshil,1
43544,harshil,1
43545,harshil,1
43546,harshil,111111111111111111111111111111111111111111@1111111111111111111111111111a1111111111111111111a111111111
43547,harshil,111
43548,harshil,111111111111111111111111111111111111111111@1111111111111111111111111111a1111111111111111111a111111111
43549,harshil,1
43550,harshil,1
43551,harshil,1
43552,harshil,111111111111111111111111111111111111111111@1111111111111111111111111111a1111111111111111111a111111111
43553,harshil,111
43554,harshil,111111111111111111111111111111111111111111@1111111111111111111111111111a1111111111111111111a111111111
43555,harshil,1
43556,harshil,1
43557,harshil,1
43558,harshil,111111111111111111111111111111111111111111@1111111111111111111111111111a1111111111111111111a111111111
43559,harshil,111
43560,harshil,111111111111111111111111111111111111111111@1111111111111111111111111111a1111111111111111111a111111111
43561,harshil,1
43562,harshil,1
43563,harshil,1
43564,harshil,111111111111111111111111111111111111111111@1111111111111111111111111111a1111111111111111111a111111111
43565,harshil,111
43566,harshil,111111111111111111111111111111111111111111@1111111111111111111111111111a1111111111111111111a111111111
43567,harshil,1
43568,harshil,1
43569,harshil,1
43570,harshil,111111111111111111111111111111111111111111@1111111111111111111111111111a1111111111111111111a111111111
43571,harshil,111
43572,harshil,111111111111111111111111111111111111111111@1111111111111111111111111111a1111111111111111111a111111111
43573,harshil,1
43574,harshil,1
43575,harshil,1
43576,harshil,111111111111111111111111111111111111111111@1111111111111111111111111111a1111111111111111111a111111111
43577,harshil,111
43578,harshil,111111111111111111111111111111111111111111@1111111111111111111111111111a1111111111111111111a111111111
43579,harshil,1
43580,harshil,1
43581,harshil,1
43582,harshil,111111111111111111111111111111111111111111@1111111111111111111111111111a1111111111111111111a111111111
43583,harshil,111
43584,harshil,111111111111111111111111111111111111111111@1111111111111111111111111111a1111111111111111111a111111111
43585,harshil,1
43586,harshil,1
43587,harshil,1
43588,harshil,111111111111111111111111111111111111111111@1111111111111111111111111111a1111111111111111111a111111111
43589,harshil,111
43590,harshil,111111111111111111111111111111111111111111@1111111111111111111111111111a1111111111111111111a111111111
43591,harshil,1
43592,harshil,1
43593,harshil,1
43594,harshil,111111111111111111111111111111111111111111@1111111111111111111111111111a1111111111111111111a111111111
43595,harshil,111
43596,harshil,111111111111111111111111111111111111111111@1111111111111111111111111111a1111111111111111111a111111111
43597,harshil,1
43598,harshil,1
43599,harshil,1
43600,harshil,111111111111111111111111111111111111111111@1111111111111111111111111111a1111111111111111111a111111111
43601,harshil,111
43602,harshil,111111111111111111111111111111111111111111@1111111111111111111111111111a1111111111111111111a111111111
43603,harshil,1
43604,harshil,1
43605,harshil,1
43606,harshil,111111111111111111111111111111111111111111@1111111111111111111111111111a1111111111111111111a111111111
43607,harshil,111
43608,harshil,111111111111111111111111111111111111111111@1111111111111111111111111111a1111111111111111111a111111111
43609,harshil,1
43610,harshil,1
43611,harshil,1
43612,harshil,111111111111111111111111111111111111111111@1111111111111111111111111111a1111111111111111111a111111111
43613,harshil,111
43614,harshil,111111111111111111111111111111111111111111@1111111111111111111111111111a1111111111111111111a111111111
43615,harshil,1
43616,harshil,1
43617,harshil,1
43618,harshil,111111111111111111111111111111111111111111@1111111111111111111111111111a1111111111111111111a111111111
43619,harshil,111
43620,harshil,111111111111111111111111111111111111111111@1111111111111111111111111111a1111111111111111111a111111111
43621,harshil,1
43622,harshil,1
43623,harshil,1
43624,harshil,111111111111111111111111111111111111111111@1111111111111111111111111111a1111111111111111111a111111111
43625,harshil,111
43626,harshil,111111111111111111111111111111111111111111@1111111111111111111111111111a1111111111111111111a111111111
43627,harshil,1
43628,harshil,1
43629,harshil,1
43630,harshil,111111111111111111111111111111111111111111@1111111111111111111111111111a1111111111111111111a111111111
43631,harshil,111
43632,harshil,111111111111111111111111111111111111111111@1111111111111111111111111111a1111111111111111111a111111111
43633,harshil,1
43634,harshil,1
43635,harshil,1
43636,harshil,111111111111111111111111111111111111111111@1111111111111111111111111111a1111111111111111111a111111111
43637,harshil,111
43638,harshil,111111111111111111111111111111111111111111@1111111111111111111111111111a1111111111111111111a111111111
43639,harshil,1
43640,harshil,1
43641,harshil,1
43642,harshil,111111111111111111111111111111111111111111@1111111111111111111111111111a1111111111111111111a111111111
43643,harshil,111
43644,harshil,111111111111111111111111111111111111111111@1111111111111111111111111111a1111111111111111111a111111111
43645,harshil,1
43646,harshil,1
43647,harshil,1
43648,harshil,111111111111111111111111111111111111111111@1111111111111111111111111111a1111111111111111111a111111111
43649,harshil,111
43650,harshil,111111111111111111111111111111111111111111@1111111111111111111111111111a1111111111111111111a111111111
43651,harshil,1
43652,harshil,1
43653,harshil,1
43654,harshil,111111111111111111111111111111111111111111@1111111111111111111111111111a1111111111111111111a111111111
43655,harshil,111
43656,harshil,111111111111111111111111111111111111111111@1111111111111111111111111111a1111111111111111111a111111111
43657,harshil,1
43658,harshil,1
43659,harshil,1
43660,harshil,111111111111111111111111111111111111111111@1111111111111111111111111111a1111111111111111111a111111111
43661,harshil,111
43662,harshil,111111111111111111111111111111111111111111@1111111111111111111111111111a1111111111111111111a111111111
43663,harshil,1
43664,harshil,1
43665,harshil,1
43666,harshil,111111111111111111111111111111111111111111@1111111111111111111111111111a1111111111111111111a111111111
43667,harshil,111
43668,harshil,111111111111111111111111111111111111111111@1111111111111111111111111111a1111111111111111111a111111111
43669,harshil,1
43670,harshil,1
43671,harshil,1
43672,harshil,111111111111111111111111111111111111111111@1111111111111111111111111111a1111111111111111111a111111111
43673,harshil,111
43674,harshil,111111111111111111111111111111111111111111@1111111111111111111111111111a1111111111111111111a111111111
43675,harshil,1
43676,harshil,1
43677,harshil,1
43678,harshil,111111111111111111111111111111111111111111@1111111111111111111111111111a1111111111111111111a111111111
43679,harshil,111
43680,harshil,111111111111111111111111111111111111111111@1111111111111111111111111111a1111111111111111111a111111111
43681,harshil,1
43682,harshil,1
43683,harshil,1
43684,harshil,111111111111111111111111111111111111111111@1111111111111111111111111111a1111111111111111111a111111111
43685,harshil,111
43686,harshil,111111111111111111111111111111111111111111@1111111111111111111111111111a1111111111111111111a111111111
43687,harshil,1
43688,harshil,1
43689,harshil,1
43690,harshil,111111111111111111111111111111111111111111@1111111111111111111111111111a1111111111111111111a111111111
43691,harshil,111
43692,harshil,111111111111111111111111111111111111111111@1111111111111111111111111111a1111111111111111111a111111111
43693,harshil,1
43694,harshil,1
43695,harshil,1
43696,harshil,111111111111111111111111111111111111111111@1111111111111111111111111111a1111111111111111111a111111111
43697,harshil,111
43698,harshil,111111111111111111111111111111111111111111@1111111111111111111111111111a1111111111111111111a111111111
43699,harshil,1
43700,harshil,1
43701,harshil,1
43702,harshil,111111111111111111111111111111111111111111@1111111111111111111111111111a1111111111111111111a111111111
43703,harshil,111
43704,harshil,111111111111111111111111111111111111111111@1111111111111111111111111111a1111111111111111111a111111111
43705,harshil,1
43706,harshil,1
43707,harshil,1
43708,harshil,111111111111111111111111111111111111111111@1111111111111111111111111111a1111111111111111111a111111111
43709,harshil,111
43710,harshil,111111111111111111111111111111111111111111@1111111111111111111111111111a1111111111111111111a111111111
43711,harshil,1
43712,harshil,1
43713,harshil,1
43714,harshil,111111111111111111111111111111111111111111@1111111111111111111111111111a1111111111111111111a111111111
43715,harshil,111
43716,harshil,111111111111111111111111111111111111111111@1111111111111111111111111111a1111111111111111111a111111111
43717,harshil,1
43718,harshil,1
43719,harshil,1
43720,harshil,111111111111111111111111111111111111111111@1111111111111111111111111111a1111111111111111111a111111111
43721,harshil,111
43722,harshil,111111111111111111111111111111111111111111@1111111111111111111111111111a1111111111111111111a111111111
43723,harshil,1
43724,harshil,1
43725,harshil,1
43726,harshil,111111111111111111111111111111111111111111@1111111111111111111111111111a1111111111111111111a111111111
43727,harshil,111
43728,harshil,111111111111111111111111111111111111111111@1111111111111111111111111111a1111111111111111111a111111111
43729,harshil,1
43730,harshil,1
43731,harshil,1
43732,harshil,111111111111111111111111111111111111111111@1111111111111111111111111111a1111111111111111111a111111111
43733,harshil,111
43734,harshil,111111111111111111111111111111111111111111@1111111111111111111111111111a1111111111111111111a111111111
43735,harshil,1
43736,harshil,1
43737,harshil,1
43738,harshil,111111111111111111111111111111111111111111@1111111111111111111111111111a1111111111111111111a111111111
43739,harshil,111
43740,harshil,111111111111111111111111111111111111111111@1111111111111111111111111111a1111111111111111111a111111111
43741,harshil,1
43742,harshil,1
43743,harshil,1
43744,harshil,111111111111111111111111111111111111111111@1111111111111111111111111111a1111111111111111111a111111111
43745,harshil,111
43746,harshil,111111111111111111111111111111111111111111@1111111111111111111111111111a1111111111111111111a111111111
43747,harshil,1
43748,harshil,1
43749,harshil,1
43750,harshil,111111111111111111111111111111111111111111@1111111111111111111111111111a1111111111111111111a111111111
43751,harshil,111
43752,harshil,111111111111111111111111111111111111111111@1111111111111111111111111111a1111111111111111111a111111111
43753,harshil,1
43754,harshil,1
43755,harshil,1
43756,harshil,111111111111111111111111111111111111111111@1111111111111111111111111111a1111111111111111111a111111111
43757,harshil,111
43758,harshil,111111111111111111111111111111111111111111@1111111111111111111111111111a1111111111111111111a111111111
43759,harshil,1
43760,harshil,1
43761,harshil,1
43762,harshil,111111111111111111111111111111111111111111@1111111111111111111111111111a1111111111111111111a111111111
43763,harshil,111
43764,harshil,111111111111111111111111111111111111111111@1111111111111111111111111111a1111111111111111111a111111111
43765,harshil,1
43766,harshil,1
43767,harshil,1
43768,harshil,111111111111111111111111111111111111111111@1111111111111111111111111111a1111111111111111111a111111111
43769,harshil,111
43770,harshil,111111111111111111111111111111111111111111@1111111111111111111111111111a1111111111111111111a111111111
43771,harshil,1
43772,harshil,1
43773,harshil,1
43774,harshil,111111111111111111111111111111111111111111@1111111111111111111111111111a1111111111111111111a111111111
43775,harshil,111
43776,harshil,111111111111111111111111111111111111111111@1111111111111111111111111111a1111111111111111111a111111111
43777,harshil,1
43778,harshil,1
43779,harshil,1
43780,harshil,111111111111111111111111111111111111111111@1111111111111111111111111111a1111111111111111111a111111111
43781,harshil,111
43782,harshil,111111111111111111111111111111111111111111@1111111111111111111111111111a1111111111111111111a111111111
43783,harshil,1
43784,harshil,1
43785,harshil,1
43786,harshil,111111111111111111111111111111111111111111@1111111111111111111111111111a1111111111111111111a111111111
43787,harshil,111
43788,harshil,111111111111111111111111111111111111111111@1111111111111111111111111111a1111111111111111111a111111111
43789,harshil,1
43790,harshil,1
43791,harshil,1
43792,harshil,111111111111111111111111111111111111111111@1111111111111111111111111111a1111111111111111111a111111111
43793,harshil,111
43794,harshil,111111111111111111111111111111111111111111@1111111111111111111111111111a1111111111111111111a111111111
43795,harshil,1
43796,harshil,1
43797,harshil,1
43798,harshil,111111111111111111111111111111111111111111@1111111111111111111111111111a1111111111111111111a111111111
43799,harshil,111
43800,harshil,111111111111111111111111111111111111111111@1111111111111111111111111111a1111111111111111111a111111111
43801,harshil,1
43802,harshil,1
43803,harshil,1
43804,harshil,111111111111111111111111111111111111111111@1111111111111111111111111111a1111111111111111111a111111111
43805,harshil,111
43806,harshil,111111111111111111111111111111111111111111@1111111111111111111111111111a1111111111111111111a111111111
43807,harshil,1
43808,harshil,1
43809,harshil,1
43810,harshil,111111111111111111111111111111111111111111@1111111111111111111111111111a1111111111111111111a111111111
43811,harshil,111
43812,harshil,111111111111111111111111111111111111111111@1111111111111111111111111111a1111111111111111111a111111111
43813,harshil,1
43814,harshil,1
43815,harshil,1
43816,harshil,111111111111111111111111111111111111111111@1111111111111111111111111111a1111111111111111111a111111111
43817,harshil,111
43818,harshil,111111111111111111111111111111111111111111@1111111111111111111111111111a1111111111111111111a111111111
43819,harshil,1
43820,harshil,1
43821,harshil,1
43822,harshil,111111111111111111111111111111111111111111@1111111111111111111111111111a1111111111111111111a111111111
43823,harshil,111
43824,harshil,111111111111111111111111111111111111111111@1111111111111111111111111111a1111111111111111111a111111111
43825,harshil,1
43826,harshil,1
43827,harshil,1
43828,harshil,111111111111111111111111111111111111111111@1111111111111111111111111111a1111111111111111111a111111111
43829,harshil,111
43830,harshil,111111111111111111111111111111111111111111@1111111111111111111111111111a1111111111111111111a111111111
43831,harshil,1
43832,harshil,1
43833,harshil,1
43834,harshil,111111111111111111111111111111111111111111@1111111111111111111111111111a1111111111111111111a111111111
43835,harshil,111
43836,harshil,111111111111111111111111111111111111111111@1111111111111111111111111111a1111111111111111111a111111111
43837,harshil,1
43838,harshil,1
43839,harshil,1
43840,harshil,111111111111111111111111111111111111111111@1111111111111111111111111111a1111111111111111111a111111111
43841,harshil,111
43842,harshil,111111111111111111111111111111111111111111@1111111111111111111111111111a1111111111111111111a111111111
43843,harshil,1
43844,harshil,1
43845,harshil,1
43846,harshil,111111111111111111111111111111111111111111@1111111111111111111111111111a1111111111111111111a111111111
43847,harshil,111
43848,harshil,111111111111111111111111111111111111111111@1111111111111111111111111111a1111111111111111111a111111111
43849,harshil,1
43850,harshil,1
43851,harshil,1
43852,harshil,111111111111111111111111111111111111111111@1111111111111111111111111111a1111111111111111111a111111111
43853,harshil,111
43854,harshil,111111111111111111111111111111111111111111@1111111111111111111111111111a1111111111111111111a111111111
43855,harshil,1
43856,harshil,1
43857,harshil,1
43858,harshil,111111111111111111111111111111111111111111@1111111111111111111111111111a1111111111111111111a111111111
43859,harshil,111
43860,harshil,111111111111111111111111111111111111111111@1111111111111111111111111111a1111111111111111111a111111111
43861,harshil,1
43862,harshil,1
43863,harshil,1
43864,harshil,111111111111111111111111111111111111111111@1111111111111111111111111111a1111111111111111111a111111111
43865,harshil,111
43866,harshil,111111111111111111111111111111111111111111@1111111111111111111111111111a1111111111111111111a111111111
43867,harshil,1
43868,harshil,1
43869,harshil,1
43870,harshil,111111111111111111111111111111111111111111@1111111111111111111111111111a1111111111111111111a111111111
43871,harshil,111
43872,harshil,111111111111111111111111111111111111111111@1111111111111111111111111111a1111111111111111111a111111111
43873,harshil,1
43874,harshil,1
43875,harshil,1
43876,harshil,111111111111111111111111111111111111111111@1111111111111111111111111111a1111111111111111111a111111111
43877,harshil,111
43878,harshil,111111111111111111111111111111111111111111@1111111111111111111111111111a1111111111111111111a111111111
43879,harshil,1
43880,harshil,1
43881,harshil,1
43882,harshil,111111111111111111111111111111111111111111@1111111111111111111111111111a1111111111111111111a111111111
43883,harshil,111
43884,harshil,111111111111111111111111111111111111111111@1111111111111111111111111111a1111111111111111111a111111111
43885,harshil,1
43886,harshil,1
43887,harshil,1
43888,harshil,111111111111111111111111111111111111111111@1111111111111111111111111111a1111111111111111111a111111111
43889,harshil,111
43890,harshil,111111111111111111111111111111111111111111@1111111111111111111111111111a1111111111111111111a111111111
43891,harshil,1
43892,harshil,1
43893,harshil,1
43894,harshil,111111111111111111111111111111111111111111@1111111111111111111111111111a1111111111111111111a111111111
43895,harshil,111
43896,harshil,111111111111111111111111111111111111111111@1111111111111111111111111111a1111111111111111111a111111111
43897,harshil,1
43898,harshil,1
43899,harshil,1
43900,harshil,111111111111111111111111111111111111111111@1111111111111111111111111111a1111111111111111111a111111111
43901,harshil,111
43902,harshil,111111111111111111111111111111111111111111@1111111111111111111111111111a1111111111111111111a111111111
43903,harshil,1
43904,harshil,1
43905,harshil,1
43906,harshil,111111111111111111111111111111111111111111@1111111111111111111111111111a1111111111111111111a111111111
43907,harshil,111
43908,harshil,111111111111111111111111111111111111111111@1111111111111111111111111111a1111111111111111111a111111111
43909,harshil,1
43910,harshil,1
43911,harshil,1
43912,harshil,111111111111111111111111111111111111111111@1111111111111111111111111111a1111111111111111111a111111111
43913,harshil,111
43914,harshil,111111111111111111111111111111111111111111@1111111111111111111111111111a1111111111111111111a111111111
43915,harshil,1
43916,harshil,1
43917,harshil,1
43918,harshil,111111111111111111111111111111111111111111@1111111111111111111111111111a1111111111111111111a111111111
43919,harshil,111
43920,harshil,111111111111111111111111111111111111111111@1111111111111111111111111111a1111111111111111111a111111111
43921,harshil,1
43922,harshil,1
43923,harshil,1
43924,harshil,111111111111111111111111111111111111111111@1111111111111111111111111111a1111111111111111111a111111111
43925,harshil,111
43926,harshil,111111111111111111111111111111111111111111@1111111111111111111111111111a1111111111111111111a111111111
43927,harshil,1
43928,harshil,1
43929,harshil,1
43930,harshil,111111111111111111111111111111111111111111@1111111111111111111111111111a1111111111111111111a111111111
43931,harshil,111
43932,harshil,111111111111111111111111111111111111111111@1111111111111111111111111111a1111111111111111111a111111111
43933,harshil,1
43934,harshil,1
43935,harshil,1
43936,harshil,111111111111111111111111111111111111111111@1111111111111111111111111111a1111111111111111111a111111111
43937,harshil,111
43938,harshil,111111111111111111111111111111111111111111@1111111111111111111111111111a1111111111111111111a111111111
43939,harshil,1
43940,harshil,1
43941,harshil,1
43942,harshil,111111111111111111111111111111111111111111@1111111111111111111111111111a1111111111111111111a111111111
43943,harshil,111
43944,harshil,111111111111111111111111111111111111111111@1111111111111111111111111111a1111111111111111111a111111111
43945,harshil,1
43946,harshil,1
43947,harshil,1
43948,harshil,111111111111111111111111111111111111111111@1111111111111111111111111111a1111111111111111111a111111111
43949,harshil,111
43950,harshil,111111111111111111111111111111111111111111@1111111111111111111111111111a1111111111111111111a111111111
43951,harshil,1
43952,harshil,1
43953,harshil,1
43954,harshil,111111111111111111111111111111111111111111@1111111111111111111111111111a1111111111111111111a111111111
43955,harshil,111
43956,harshil,111111111111111111111111111111111111111111@1111111111111111111111111111a1111111111111111111a111111111
43957,harshil,1
43958,harshil,1
43959,harshil,1
43960,harshil,111111111111111111111111111111111111111111@1111111111111111111111111111a1111111111111111111a111111111
43961,harshil,111
43962,harshil,111111111111111111111111111111111111111111@1111111111111111111111111111a1111111111111111111a111111111
43963,harshil,1
43964,harshil,1
43965,harshil,1
43966,harshil,111111111111111111111111111111111111111111@1111111111111111111111111111a1111111111111111111a111111111
43967,harshil,111
43968,harshil,111111111111111111111111111111111111111111@1111111111111111111111111111a1111111111111111111a111111111
43969,harshil,1
43970,harshil,1
43971,harshil,1
43972,harshil,111111111111111111111111111111111111111111@1111111111111111111111111111a1111111111111111111a111111111
43973,harshil,111
43974,harshil,111111111111111111111111111111111111111111@1111111111111111111111111111a1111111111111111111a111111111
43975,harshil,1
43976,harshil,1
43977,harshil,1
43978,harshil,111111111111111111111111111111111111111111@1111111111111111111111111111a1111111111111111111a111111111
43979,harshil,111
43980,harshil,111111111111111111111111111111111111111111@1111111111111111111111111111a1111111111111111111a111111111
43981,harshil,1
43982,harshil,1
43983,harshil,1
43984,harshil,111111111111111111111111111111111111111111@1111111111111111111111111111a1111111111111111111a111111111
43985,harshil,111
43986,harshil,111111111111111111111111111111111111111111@1111111111111111111111111111a1111111111111111111a111111111
43987,harshil,1
43988,harshil,1
43989,harshil,1
43990,harshil,111111111111111111111111111111111111111111@1111111111111111111111111111a1111111111111111111a111111111
43991,harshil,111
43992,harshil,111111111111111111111111111111111111111111@1111111111111111111111111111a1111111111111111111a111111111
43993,harshil,1
43994,harshil,1
43995,harshil,1
43996,harshil,111111111111111111111111111111111111111111@1111111111111111111111111111a1111111111111111111a111111111
43997,harshil,111
43998,harshil,111111111111111111111111111111111111111111@1111111111111111111111111111a1111111111111111111a111111111
43999,harshil,1
44000,harshil,1
44001,harshil,1
44002,harshil,111111111111111111111111111111111111111111@1111111111111111111111111111a1111111111111111111a111111111
44003,harshil,111
44004,harshil,111111111111111111111111111111111111111111@1111111111111111111111111111a1111111111111111111a111111111
44005,harshil,1
44006,harshil,1
44007,harshil,1
44008,harshil,111111111111111111111111111111111111111111@1111111111111111111111111111a1111111111111111111a111111111
44009,harshil,111
44010,harshil,111111111111111111111111111111111111111111@1111111111111111111111111111a1111111111111111111a111111111
44011,harshil,1
44012,harshil,1
44013,harshil,1
44014,harshil,111111111111111111111111111111111111111111@1111111111111111111111111111a1111111111111111111a111111111
44015,harshil,111
44016,harshil,111111111111111111111111111111111111111111@1111111111111111111111111111a1111111111111111111a111111111
44017,harshil,1
44018,harshil,1
44019,harshil,1
44020,harshil,111111111111111111111111111111111111111111@1111111111111111111111111111a1111111111111111111a111111111
44021,harshil,111
44022,harshil,111111111111111111111111111111111111111111@1111111111111111111111111111a1111111111111111111a111111111
44023,harshil,1
44024,harshil,1
44025,harshil,1
44026,harshil,111111111111111111111111111111111111111111@1111111111111111111111111111a1111111111111111111a111111111
44027,harshil,111
44028,harshil,111111111111111111111111111111111111111111@1111111111111111111111111111a1111111111111111111a111111111
44029,harshil,1
44030,harshil,1
44031,harshil,1
44032,harshil,111111111111111111111111111111111111111111@1111111111111111111111111111a1111111111111111111a111111111
44033,harshil,111
44034,harshil,111111111111111111111111111111111111111111@1111111111111111111111111111a1111111111111111111a111111111
44035,harshil,1
44036,harshil,1
44037,harshil,1
44038,harshil,111111111111111111111111111111111111111111@1111111111111111111111111111a1111111111111111111a111111111
44039,harshil,111
44040,harshil,111111111111111111111111111111111111111111@1111111111111111111111111111a1111111111111111111a111111111
44041,harshil,1
44042,harshil,1
44043,harshil,1
44044,harshil,111111111111111111111111111111111111111111@1111111111111111111111111111a1111111111111111111a111111111
44045,harshil,111
44046,harshil,111111111111111111111111111111111111111111@1111111111111111111111111111a1111111111111111111a111111111
44047,harshil,1
44048,harshil,1
44049,harshil,1
44050,harshil,111111111111111111111111111111111111111111@1111111111111111111111111111a1111111111111111111a111111111
44051,harshil,111
44052,harshil,111111111111111111111111111111111111111111@1111111111111111111111111111a1111111111111111111a111111111
44053,harshil,1
44054,harshil,1
44055,harshil,1
44056,harshil,111111111111111111111111111111111111111111@1111111111111111111111111111a1111111111111111111a111111111
44057,harshil,111
44058,harshil,111111111111111111111111111111111111111111@1111111111111111111111111111a1111111111111111111a111111111
44059,harshil,1
44060,harshil,1
44061,harshil,1
44062,harshil,111111111111111111111111111111111111111111@1111111111111111111111111111a1111111111111111111a111111111
44063,harshil,111
44064,harshil,111111111111111111111111111111111111111111@1111111111111111111111111111a1111111111111111111a111111111
44065,harshil,1
44066,harshil,1
44067,harshil,1
44068,harshil,111111111111111111111111111111111111111111@1111111111111111111111111111a1111111111111111111a111111111
44069,harshil,111
44070,harshil,111111111111111111111111111111111111111111@1111111111111111111111111111a1111111111111111111a111111111
44071,harshil,1
44072,harshil,1
44073,harshil,1
44074,harshil,111111111111111111111111111111111111111111@1111111111111111111111111111a1111111111111111111a111111111
44075,harshil,111
44076,harshil,111111111111111111111111111111111111111111@1111111111111111111111111111a1111111111111111111a111111111
44077,harshil,1
44078,harshil,1
44079,harshil,1
44080,harshil,111111111111111111111111111111111111111111@1111111111111111111111111111a1111111111111111111a111111111
44081,harshil,111
44082,harshil,111111111111111111111111111111111111111111@1111111111111111111111111111a1111111111111111111a111111111
44083,harshil,1
44084,harshil,1
44085,harshil,1
44086,harshil,111111111111111111111111111111111111111111@1111111111111111111111111111a1111111111111111111a111111111
44087,harshil,111
44088,harshil,111111111111111111111111111111111111111111@1111111111111111111111111111a1111111111111111111a111111111
44089,harshil,1
44090,harshil,1
44091,harshil,1
44092,harshil,111111111111111111111111111111111111111111@1111111111111111111111111111a1111111111111111111a111111111
44093,harshil,111
44094,harshil,111111111111111111111111111111111111111111@1111111111111111111111111111a1111111111111111111a111111111
44095,harshil,1
44096,harshil,1
44097,harshil,1
44098,harshil,111111111111111111111111111111111111111111@1111111111111111111111111111a1111111111111111111a111111111
44099,harshil,111
44100,harshil,111111111111111111111111111111111111111111@1111111111111111111111111111a1111111111111111111a111111111
44101,harshil,1
44102,harshil,1
44103,harshil,1
44104,harshil,111111111111111111111111111111111111111111@1111111111111111111111111111a1111111111111111111a111111111
44105,harshil,111
44106,harshil,111111111111111111111111111111111111111111@1111111111111111111111111111a1111111111111111111a111111111
44107,harshil,1
44108,harshil,1
44109,harshil,1
44110,harshil,111111111111111111111111111111111111111111@1111111111111111111111111111a1111111111111111111a111111111
44111,harshil,111
44112,harshil,111111111111111111111111111111111111111111@1111111111111111111111111111a1111111111111111111a111111111
44113,harshil,1
44114,harshil,1
44115,harshil,1
44116,harshil,111111111111111111111111111111111111111111@1111111111111111111111111111a1111111111111111111a111111111
44117,harshil,111
44118,harshil,111111111111111111111111111111111111111111@1111111111111111111111111111a1111111111111111111a111111111
44119,harshil,1
44120,harshil,1
44121,harshil,1
44122,harshil,111111111111111111111111111111111111111111@1111111111111111111111111111a1111111111111111111a111111111
44123,harshil,111
44124,harshil,111111111111111111111111111111111111111111@1111111111111111111111111111a1111111111111111111a111111111
44125,harshil,1
44126,harshil,1
44127,harshil,1
44128,harshil,111111111111111111111111111111111111111111@1111111111111111111111111111a1111111111111111111a111111111
44129,harshil,111
44130,harshil,111111111111111111111111111111111111111111@1111111111111111111111111111a1111111111111111111a111111111
44131,harshil,1
44132,harshil,1
44133,harshil,1
44134,harshil,111111111111111111111111111111111111111111@1111111111111111111111111111a1111111111111111111a111111111
44135,harshil,111
44136,harshil,111111111111111111111111111111111111111111@1111111111111111111111111111a1111111111111111111a111111111
44137,harshil,1
44138,harshil,1
44139,harshil,1
44140,harshil,111111111111111111111111111111111111111111@1111111111111111111111111111a1111111111111111111a111111111
44141,harshil,111
44142,harshil,111111111111111111111111111111111111111111@1111111111111111111111111111a1111111111111111111a111111111
44143,harshil,1
44144,harshil,1
44145,harshil,1
44146,harshil,111111111111111111111111111111111111111111@1111111111111111111111111111a1111111111111111111a111111111
44147,harshil,111
44148,harshil,111111111111111111111111111111111111111111@1111111111111111111111111111a1111111111111111111a111111111
44149,harshil,1
44150,harshil,1
44151,harshil,1
44152,harshil,111111111111111111111111111111111111111111@1111111111111111111111111111a1111111111111111111a111111111
44153,harshil,111
44154,harshil,111111111111111111111111111111111111111111@1111111111111111111111111111a1111111111111111111a111111111
44155,harshil,1
44156,harshil,1
44157,harshil,1
44158,harshil,111111111111111111111111111111111111111111@1111111111111111111111111111a1111111111111111111a111111111
44159,harshil,111
44160,harshil,111111111111111111111111111111111111111111@1111111111111111111111111111a1111111111111111111a111111111
44161,harshil,1
44162,harshil,1
44163,harshil,1
44164,harshil,111111111111111111111111111111111111111111@1111111111111111111111111111a1111111111111111111a111111111
44165,harshil,111
44166,harshil,111111111111111111111111111111111111111111@1111111111111111111111111111a1111111111111111111a111111111
44167,harshil,1
44168,harshil,1
44169,harshil,1
44170,harshil,111111111111111111111111111111111111111111@1111111111111111111111111111a1111111111111111111a111111111
44171,harshil,111
44172,harshil,111111111111111111111111111111111111111111@1111111111111111111111111111a1111111111111111111a111111111
44173,harshil,1
44174,harshil,1
44175,harshil,1
44176,harshil,111111111111111111111111111111111111111111@1111111111111111111111111111a1111111111111111111a111111111
44177,harshil,111
44178,harshil,111111111111111111111111111111111111111111@1111111111111111111111111111a1111111111111111111a111111111
44179,harshil,1
44180,harshil,1
44181,harshil,1
44182,harshil,111111111111111111111111111111111111111111@1111111111111111111111111111a1111111111111111111a111111111
44183,harshil,111
44184,harshil,111111111111111111111111111111111111111111@1111111111111111111111111111a1111111111111111111a111111111
44185,harshil,1
44186,harshil,1
44187,harshil,1
44188,harshil,111111111111111111111111111111111111111111@1111111111111111111111111111a1111111111111111111a111111111
44189,harshil,111
44190,harshil,111111111111111111111111111111111111111111@1111111111111111111111111111a1111111111111111111a111111111
44191,harshil,1
44192,harshil,1
44193,harshil,1
44194,harshil,111111111111111111111111111111111111111111@1111111111111111111111111111a1111111111111111111a111111111
44195,harshil,111
44196,harshil,111111111111111111111111111111111111111111@1111111111111111111111111111a1111111111111111111a111111111
44197,harshil,1
44198,harshil,1
44199,harshil,1
44200,harshil,111111111111111111111111111111111111111111@1111111111111111111111111111a1111111111111111111a111111111
44201,harshil,111
44202,harshil,111111111111111111111111111111111111111111@1111111111111111111111111111a1111111111111111111a111111111
44203,harshil,1
44204,harshil,1
44205,harshil,1
44206,harshil,111111111111111111111111111111111111111111@1111111111111111111111111111a1111111111111111111a111111111
44207,harshil,111
44208,harshil,111111111111111111111111111111111111111111@1111111111111111111111111111a1111111111111111111a111111111
44209,harshil,1
44210,harshil,1
44211,harshil,1
44212,harshil,111111111111111111111111111111111111111111@1111111111111111111111111111a1111111111111111111a111111111
44213,harshil,111
44214,harshil,111111111111111111111111111111111111111111@1111111111111111111111111111a1111111111111111111a111111111
44215,harshil,1
44216,harshil,1
44217,harshil,1
44218,harshil,111111111111111111111111111111111111111111@1111111111111111111111111111a1111111111111111111a111111111
44219,harshil,111
44220,harshil,111111111111111111111111111111111111111111@1111111111111111111111111111a1111111111111111111a111111111
44221,harshil,1
44222,harshil,1
44223,harshil,1
44224,harshil,111111111111111111111111111111111111111111@1111111111111111111111111111a1111111111111111111a111111111
44225,harshil,111
44226,harshil,111111111111111111111111111111111111111111@1111111111111111111111111111a1111111111111111111a111111111
44227,harshil,1
44228,harshil,1
44229,harshil,1
44230,harshil,111111111111111111111111111111111111111111@1111111111111111111111111111a1111111111111111111a111111111
44231,harshil,111
44232,harshil,111111111111111111111111111111111111111111@1111111111111111111111111111a1111111111111111111a111111111
44233,harshil,1
44234,harshil,1
44235,harshil,1
44236,harshil,111111111111111111111111111111111111111111@1111111111111111111111111111a1111111111111111111a111111111
44237,harshil,111
44238,harshil,111111111111111111111111111111111111111111@1111111111111111111111111111a1111111111111111111a111111111
44239,harshil,1
44240,harshil,1
44241,harshil,1
44242,harshil,111111111111111111111111111111111111111111@1111111111111111111111111111a1111111111111111111a111111111
44243,harshil,111
44244,harshil,111111111111111111111111111111111111111111@1111111111111111111111111111a1111111111111111111a111111111
44245,harshil,1
44246,harshil,1
44247,harshil,1
44248,harshil,111111111111111111111111111111111111111111@1111111111111111111111111111a1111111111111111111a111111111
44249,harshil,111
44250,harshil,111111111111111111111111111111111111111111@1111111111111111111111111111a1111111111111111111a111111111
44251,harshil,1
44252,harshil,1
44253,harshil,1
44254,harshil,111111111111111111111111111111111111111111@1111111111111111111111111111a1111111111111111111a111111111
44255,harshil,111
44256,harshil,111111111111111111111111111111111111111111@1111111111111111111111111111a1111111111111111111a111111111
44257,harshil,1
44258,harshil,1
44259,harshil,1
44260,harshil,111111111111111111111111111111111111111111@1111111111111111111111111111a1111111111111111111a111111111
44261,harshil,111
44262,harshil,111111111111111111111111111111111111111111@1111111111111111111111111111a1111111111111111111a111111111
44263,harshil,1
44264,harshil,1
44265,harshil,1
44266,harshil,111111111111111111111111111111111111111111@1111111111111111111111111111a1111111111111111111a111111111
44267,harshil,111
44268,harshil,111111111111111111111111111111111111111111@1111111111111111111111111111a1111111111111111111a111111111
44269,harshil,1
44270,harshil,1
44271,harshil,1
44272,harshil,111111111111111111111111111111111111111111@1111111111111111111111111111a1111111111111111111a111111111
44273,harshil,111
44274,harshil,111111111111111111111111111111111111111111@1111111111111111111111111111a1111111111111111111a111111111
44275,harshil,1
44276,harshil,1
44277,harshil,1
44278,harshil,111111111111111111111111111111111111111111@1111111111111111111111111111a1111111111111111111a111111111
44279,harshil,111
44280,harshil,111111111111111111111111111111111111111111@1111111111111111111111111111a1111111111111111111a111111111
44281,harshil,1
44282,harshil,1
44283,harshil,1
44284,harshil,111111111111111111111111111111111111111111@1111111111111111111111111111a1111111111111111111a111111111
44285,harshil,111
44286,harshil,111111111111111111111111111111111111111111@1111111111111111111111111111a1111111111111111111a111111111
44287,harshil,1
44288,harshil,1
44289,harshil,1
44290,harshil,111111111111111111111111111111111111111111@1111111111111111111111111111a1111111111111111111a111111111
44291,harshil,111
44292,harshil,111111111111111111111111111111111111111111@1111111111111111111111111111a1111111111111111111a111111111
44293,harshil,1
44294,harshil,1
44295,harshil,1
44296,harshil,111111111111111111111111111111111111111111@1111111111111111111111111111a1111111111111111111a111111111
44297,harshil,111
44298,harshil,111111111111111111111111111111111111111111@1111111111111111111111111111a1111111111111111111a111111111
44299,harshil,1
44300,harshil,1
44301,harshil,1
44302,harshil,111111111111111111111111111111111111111111@1111111111111111111111111111a1111111111111111111a111111111
44303,harshil,111
44304,harshil,111111111111111111111111111111111111111111@1111111111111111111111111111a1111111111111111111a111111111
44305,harshil,1
44306,harshil,1
44307,harshil,1
44308,harshil,111111111111111111111111111111111111111111@1111111111111111111111111111a1111111111111111111a111111111
44309,harshil,111
44310,harshil,111111111111111111111111111111111111111111@1111111111111111111111111111a1111111111111111111a111111111
44311,harshil,1
44312,harshil,1
44313,harshil,1
44314,harshil,111111111111111111111111111111111111111111@1111111111111111111111111111a1111111111111111111a111111111
44315,harshil,111
44316,harshil,111111111111111111111111111111111111111111@1111111111111111111111111111a1111111111111111111a111111111
44317,harshil,1
44318,harshil,1
44319,harshil,1
44320,harshil,111111111111111111111111111111111111111111@1111111111111111111111111111a1111111111111111111a111111111
44321,harshil,111
44322,harshil,111111111111111111111111111111111111111111@1111111111111111111111111111a1111111111111111111a111111111
44323,harshil,1
44324,harshil,1
44325,harshil,1
44326,harshil,111111111111111111111111111111111111111111@1111111111111111111111111111a1111111111111111111a111111111
44327,harshil,111
44328,harshil,111111111111111111111111111111111111111111@1111111111111111111111111111a1111111111111111111a111111111
44329,harshil,1
44330,harshil,1
44331,harshil,1
44332,harshil,111111111111111111111111111111111111111111@1111111111111111111111111111a1111111111111111111a111111111
44333,harshil,111
44334,harshil,111111111111111111111111111111111111111111@1111111111111111111111111111a1111111111111111111a111111111
44335,harshil,1
44336,harshil,1
44337,harshil,1
44338,harshil,111111111111111111111111111111111111111111@1111111111111111111111111111a1111111111111111111a111111111
44339,harshil,111
44340,harshil,111111111111111111111111111111111111111111@1111111111111111111111111111a1111111111111111111a111111111
44341,harshil,1
44342,harshil,1
44343,harshil,1
44344,harshil,111111111111111111111111111111111111111111@1111111111111111111111111111a1111111111111111111a111111111
44345,harshil,111
44346,harshil,111111111111111111111111111111111111111111@1111111111111111111111111111a1111111111111111111a111111111
44347,harshil,1
44348,harshil,1
44349,harshil,1
44350,harshil,111111111111111111111111111111111111111111@1111111111111111111111111111a1111111111111111111a111111111
44351,harshil,111
44352,harshil,111111111111111111111111111111111111111111@1111111111111111111111111111a1111111111111111111a111111111
44353,harshil,1
44354,harshil,1
44355,harshil,1
44356,harshil,111111111111111111111111111111111111111111@1111111111111111111111111111a1111111111111111111a111111111
44357,harshil,111
44358,harshil,111111111111111111111111111111111111111111@1111111111111111111111111111a1111111111111111111a111111111
44359,harshil,1
44360,harshil,1
44361,harshil,1
44362,harshil,111111111111111111111111111111111111111111@1111111111111111111111111111a1111111111111111111a111111111
44363,harshil,111
44364,harshil,111111111111111111111111111111111111111111@1111111111111111111111111111a1111111111111111111a111111111
44365,harshil,1
44366,harshil,1
44367,harshil,1
44368,harshil,111111111111111111111111111111111111111111@1111111111111111111111111111a1111111111111111111a111111111
44369,harshil,111
44370,harshil,111111111111111111111111111111111111111111@1111111111111111111111111111a1111111111111111111a111111111
44371,harshil,1
44372,harshil,1
44373,harshil,1
44374,harshil,111111111111111111111111111111111111111111@1111111111111111111111111111a1111111111111111111a111111111
44375,harshil,111
44376,harshil,111111111111111111111111111111111111111111@1111111111111111111111111111a1111111111111111111a111111111
44377,harshil,1
44378,harshil,1
44379,harshil,1
44380,harshil,111111111111111111111111111111111111111111@1111111111111111111111111111a1111111111111111111a111111111
44381,harshil,111
44382,harshil,111111111111111111111111111111111111111111@1111111111111111111111111111a1111111111111111111a111111111
44383,harshil,1
44384,harshil,1
44385,harshil,1
44386,harshil,111111111111111111111111111111111111111111@1111111111111111111111111111a1111111111111111111a111111111
44387,harshil,111
44388,harshil,111111111111111111111111111111111111111111@1111111111111111111111111111a1111111111111111111a111111111
44389,harshil,1
44390,harshil,1
44391,harshil,1
44392,harshil,111111111111111111111111111111111111111111@1111111111111111111111111111a1111111111111111111a111111111
44393,harshil,111
44394,harshil,111111111111111111111111111111111111111111@1111111111111111111111111111a1111111111111111111a111111111
44395,harshil,1
44396,harshil,1
44397,harshil,1
44398,harshil,111111111111111111111111111111111111111111@1111111111111111111111111111a1111111111111111111a111111111
44399,harshil,111
44400,harshil,111111111111111111111111111111111111111111@1111111111111111111111111111a1111111111111111111a111111111
44401,harshil,1
44402,harshil,1
44403,harshil,1
44404,harshil,111111111111111111111111111111111111111111@1111111111111111111111111111a1111111111111111111a111111111
44405,harshil,111
44406,harshil,111111111111111111111111111111111111111111@1111111111111111111111111111a1111111111111111111a111111111
44407,harshil,1
44408,harshil,1
44409,harshil,1
44410,harshil,111111111111111111111111111111111111111111@1111111111111111111111111111a1111111111111111111a111111111
44411,harshil,111
44412,harshil,111111111111111111111111111111111111111111@1111111111111111111111111111a1111111111111111111a111111111
44413,harshil,1
44414,harshil,1
44415,harshil,1
44416,harshil,111111111111111111111111111111111111111111@1111111111111111111111111111a1111111111111111111a111111111
44417,harshil,111
44418,harshil,111111111111111111111111111111111111111111@1111111111111111111111111111a1111111111111111111a111111111
44419,harshil,1
44420,harshil,1
44421,harshil,1
44422,harshil,111111111111111111111111111111111111111111@1111111111111111111111111111a1111111111111111111a111111111
44423,harshil,111
44424,harshil,111111111111111111111111111111111111111111@1111111111111111111111111111a1111111111111111111a111111111
44425,harshil,1
44426,harshil,1
44427,harshil,1
44428,harshil,111111111111111111111111111111111111111111@1111111111111111111111111111a1111111111111111111a111111111
44429,harshil,111
44430,harshil,111111111111111111111111111111111111111111@1111111111111111111111111111a1111111111111111111a111111111
44431,harshil,1
44432,harshil,1
44433,harshil,1
44434,harshil,111111111111111111111111111111111111111111@1111111111111111111111111111a1111111111111111111a111111111
44435,harshil,111
44436,harshil,111111111111111111111111111111111111111111@1111111111111111111111111111a1111111111111111111a111111111
44437,harshil,1
44438,harshil,1
44439,harshil,1
44440,harshil,111111111111111111111111111111111111111111@1111111111111111111111111111a1111111111111111111a111111111
44441,harshil,111
44442,harshil,111111111111111111111111111111111111111111@1111111111111111111111111111a1111111111111111111a111111111
44443,harshil,1
44444,harshil,1
44445,harshil,1
44446,harshil,111111111111111111111111111111111111111111@1111111111111111111111111111a1111111111111111111a111111111
44447,harshil,111
44448,harshil,111111111111111111111111111111111111111111@1111111111111111111111111111a1111111111111111111a111111111
44449,harshil,1
44450,harshil,1
44451,harshil,1
44452,harshil,111111111111111111111111111111111111111111@1111111111111111111111111111a1111111111111111111a111111111
44453,harshil,111
44454,harshil,111111111111111111111111111111111111111111@1111111111111111111111111111a1111111111111111111a111111111
44455,harshil,1
44456,harshil,1
44457,harshil,1
44458,harshil,111111111111111111111111111111111111111111@1111111111111111111111111111a1111111111111111111a111111111
44459,harshil,111
44460,harshil,111111111111111111111111111111111111111111@1111111111111111111111111111a1111111111111111111a111111111
44461,harshil,1
44462,harshil,1
44463,harshil,1
44464,harshil,111111111111111111111111111111111111111111@1111111111111111111111111111a1111111111111111111a111111111
44465,harshil,111
44466,harshil,111111111111111111111111111111111111111111@1111111111111111111111111111a1111111111111111111a111111111
44467,harshil,1
44468,harshil,1
44469,harshil,1
44470,harshil,111111111111111111111111111111111111111111@1111111111111111111111111111a1111111111111111111a111111111
44471,harshil,111
44472,harshil,111111111111111111111111111111111111111111@1111111111111111111111111111a1111111111111111111a111111111
44473,harshil,1
44474,harshil,1
44475,harshil,1
44476,harshil,111111111111111111111111111111111111111111@1111111111111111111111111111a1111111111111111111a111111111
44477,harshil,111
44478,harshil,111111111111111111111111111111111111111111@1111111111111111111111111111a1111111111111111111a111111111
44479,harshil,1
44480,harshil,1
44481,harshil,1
44482,harshil,111111111111111111111111111111111111111111@1111111111111111111111111111a1111111111111111111a111111111
44483,harshil,111
44484,harshil,111111111111111111111111111111111111111111@1111111111111111111111111111a1111111111111111111a111111111
44485,harshil,1
44486,harshil,1
44487,harshil,1
44488,harshil,111111111111111111111111111111111111111111@1111111111111111111111111111a1111111111111111111a111111111
44489,harshil,111
44490,harshil,111111111111111111111111111111111111111111@1111111111111111111111111111a1111111111111111111a111111111
44491,harshil,1
44492,harshil,1
44493,harshil,1
44494,harshil,111111111111111111111111111111111111111111@1111111111111111111111111111a1111111111111111111a111111111
44495,harshil,111
44496,harshil,111111111111111111111111111111111111111111@1111111111111111111111111111a1111111111111111111a111111111
44497,harshil,1
44498,harshil,1
44499,harshil,1
44500,harshil,111111111111111111111111111111111111111111@1111111111111111111111111111a1111111111111111111a111111111
44501,harshil,111
44502,harshil,111111111111111111111111111111111111111111@1111111111111111111111111111a1111111111111111111a111111111
44503,harshil,1
44504,harshil,1
44505,harshil,1
44506,harshil,111111111111111111111111111111111111111111@1111111111111111111111111111a1111111111111111111a111111111
44507,harshil,111
44508,harshil,111111111111111111111111111111111111111111@1111111111111111111111111111a1111111111111111111a111111111
44509,harshil,1
44510,harshil,1
44511,harshil,1
44512,harshil,111111111111111111111111111111111111111111@1111111111111111111111111111a1111111111111111111a111111111
44513,harshil,111
44514,harshil,111111111111111111111111111111111111111111@1111111111111111111111111111a1111111111111111111a111111111
44515,harshil,1
44516,harshil,1
44517,harshil,1
44518,harshil,111111111111111111111111111111111111111111@1111111111111111111111111111a1111111111111111111a111111111
44519,harshil,111
44520,harshil,111111111111111111111111111111111111111111@1111111111111111111111111111a1111111111111111111a111111111
44521,harshil,1
44522,harshil,1
44523,harshil,1
44524,harshil,111111111111111111111111111111111111111111@1111111111111111111111111111a1111111111111111111a111111111
44525,harshil,111
44526,harshil,111111111111111111111111111111111111111111@1111111111111111111111111111a1111111111111111111a111111111
44527,harshil,1
44528,harshil,1
44529,harshil,1
44530,harshil,111111111111111111111111111111111111111111@1111111111111111111111111111a1111111111111111111a111111111
44531,harshil,111
44532,harshil,111111111111111111111111111111111111111111@1111111111111111111111111111a1111111111111111111a111111111
44533,harshil,1
44534,harshil,1
44535,harshil,1
44536,harshil,111111111111111111111111111111111111111111@1111111111111111111111111111a1111111111111111111a111111111
44537,harshil,111
44538,harshil,111111111111111111111111111111111111111111@1111111111111111111111111111a1111111111111111111a111111111
44539,harshil,1
44540,harshil,1
44541,harshil,1
44542,harshil,111111111111111111111111111111111111111111@1111111111111111111111111111a1111111111111111111a111111111
44543,harshil,111
44544,harshil,111111111111111111111111111111111111111111@1111111111111111111111111111a1111111111111111111a111111111
44545,harshil,1
44546,harshil,1
44547,harshil,1
44548,harshil,111111111111111111111111111111111111111111@1111111111111111111111111111a1111111111111111111a111111111
44549,harshil,111
44550,harshil,111111111111111111111111111111111111111111@1111111111111111111111111111a1111111111111111111a111111111
44551,harshil,1
44552,harshil,1
44553,harshil,1
44554,harshil,111111111111111111111111111111111111111111@1111111111111111111111111111a1111111111111111111a111111111
44555,harshil,111
44556,harshil,111111111111111111111111111111111111111111@1111111111111111111111111111a1111111111111111111a111111111
44557,harshil,1
44558,harshil,1
44559,harshil,1
44560,harshil,111111111111111111111111111111111111111111@1111111111111111111111111111a1111111111111111111a111111111
44561,harshil,111
44562,harshil,111111111111111111111111111111111111111111@1111111111111111111111111111a1111111111111111111a111111111
44563,harshil,1
44564,harshil,1
44565,harshil,1
44566,harshil,111111111111111111111111111111111111111111@1111111111111111111111111111a1111111111111111111a111111111
44567,harshil,111
44568,harshil,111111111111111111111111111111111111111111@1111111111111111111111111111a1111111111111111111a111111111
44569,harshil,1
44570,harshil,1
44571,harshil,1
44572,harshil,111111111111111111111111111111111111111111@1111111111111111111111111111a1111111111111111111a111111111
44573,harshil,111
44574,harshil,111111111111111111111111111111111111111111@1111111111111111111111111111a1111111111111111111a111111111
44575,harshil,1
44576,harshil,1
44577,harshil,1
44578,harshil,111111111111111111111111111111111111111111@1111111111111111111111111111a1111111111111111111a111111111
44579,harshil,111
44580,harshil,111111111111111111111111111111111111111111@1111111111111111111111111111a1111111111111111111a111111111
44581,harshil,1
44582,harshil,1
44583,harshil,1
44584,harshil,111111111111111111111111111111111111111111@1111111111111111111111111111a1111111111111111111a111111111
44585,harshil,111
44586,harshil,111111111111111111111111111111111111111111@1111111111111111111111111111a1111111111111111111a111111111
44587,harshil,1
44588,harshil,1
44589,harshil,1
44590,harshil,111111111111111111111111111111111111111111@1111111111111111111111111111a1111111111111111111a111111111
44591,harshil,111
44592,harshil,111111111111111111111111111111111111111111@1111111111111111111111111111a1111111111111111111a111111111
44593,harshil,1
44594,harshil,1
44595,harshil,1
44596,harshil,111111111111111111111111111111111111111111@1111111111111111111111111111a1111111111111111111a111111111
44597,harshil,111
44598,harshil,111111111111111111111111111111111111111111@1111111111111111111111111111a1111111111111111111a111111111
44599,harshil,1
44600,harshil,1
44601,harshil,1
44602,harshil,111111111111111111111111111111111111111111@1111111111111111111111111111a1111111111111111111a111111111
44603,harshil,111
44604,harshil,111111111111111111111111111111111111111111@1111111111111111111111111111a1111111111111111111a111111111
44605,harshil,1
44606,harshil,1
44607,harshil,1
44608,harshil,111111111111111111111111111111111111111111@1111111111111111111111111111a1111111111111111111a111111111
44609,harshil,111
44610,harshil,111111111111111111111111111111111111111111@1111111111111111111111111111a1111111111111111111a111111111
44611,harshil,1
44612,harshil,1
44613,harshil,1
44614,harshil,111111111111111111111111111111111111111111@1111111111111111111111111111a1111111111111111111a111111111
44615,harshil,111
44616,harshil,111111111111111111111111111111111111111111@1111111111111111111111111111a1111111111111111111a111111111
44617,harshil,1
44618,harshil,1
44619,harshil,1
44620,harshil,111111111111111111111111111111111111111111@1111111111111111111111111111a1111111111111111111a111111111
44621,harshil,111
44622,harshil,111111111111111111111111111111111111111111@1111111111111111111111111111a1111111111111111111a111111111
44623,harshil,1
44624,harshil,1
44625,harshil,1
44626,harshil,111111111111111111111111111111111111111111@1111111111111111111111111111a1111111111111111111a111111111
44627,harshil,111
44628,harshil,111111111111111111111111111111111111111111@1111111111111111111111111111a1111111111111111111a111111111
44629,harshil,1
44630,harshil,1
44631,harshil,1
44632,harshil,111111111111111111111111111111111111111111@1111111111111111111111111111a1111111111111111111a111111111
44633,harshil,111
44634,harshil,111111111111111111111111111111111111111111@1111111111111111111111111111a1111111111111111111a111111111
44635,harshil,1
44636,harshil,1
44637,harshil,1
44638,harshil,111111111111111111111111111111111111111111@1111111111111111111111111111a1111111111111111111a111111111
44639,harshil,111
44640,harshil,111111111111111111111111111111111111111111@1111111111111111111111111111a1111111111111111111a111111111
44641,harshil,1
44642,harshil,1
44643,harshil,1
44644,harshil,111111111111111111111111111111111111111111@1111111111111111111111111111a1111111111111111111a111111111
44645,harshil,111
44646,harshil,111111111111111111111111111111111111111111@1111111111111111111111111111a1111111111111111111a111111111
44647,harshil,1
44648,harshil,1
44649,harshil,1
44650,harshil,111111111111111111111111111111111111111111@1111111111111111111111111111a1111111111111111111a111111111
44651,harshil,111
44652,harshil,111111111111111111111111111111111111111111@1111111111111111111111111111a1111111111111111111a111111111
44653,harshil,1
44654,harshil,1
44655,harshil,1
44656,harshil,111111111111111111111111111111111111111111@1111111111111111111111111111a1111111111111111111a111111111
44657,harshil,111
44658,harshil,111111111111111111111111111111111111111111@1111111111111111111111111111a1111111111111111111a111111111
44659,harshil,1
44660,harshil,1
44661,harshil,1
44662,harshil,111111111111111111111111111111111111111111@1111111111111111111111111111a1111111111111111111a111111111
44663,harshil,111
44664,harshil,111111111111111111111111111111111111111111@1111111111111111111111111111a1111111111111111111a111111111
44665,harshil,1
44666,harshil,1
44667,harshil,1
44668,harshil,111111111111111111111111111111111111111111@1111111111111111111111111111a1111111111111111111a111111111
44669,harshil,111
44670,harshil,111111111111111111111111111111111111111111@1111111111111111111111111111a1111111111111111111a111111111
44671,harshil,1
44672,harshil,1
44673,harshil,1
44674,harshil,111111111111111111111111111111111111111111@1111111111111111111111111111a1111111111111111111a111111111
44675,harshil,111
44676,harshil,111111111111111111111111111111111111111111@1111111111111111111111111111a1111111111111111111a111111111
44677,harshil,1
44678,harshil,1
44679,harshil,1
44680,harshil,111111111111111111111111111111111111111111@1111111111111111111111111111a1111111111111111111a111111111
44681,harshil,111
44682,harshil,111111111111111111111111111111111111111111@1111111111111111111111111111a1111111111111111111a111111111
44683,harshil,1
44684,harshil,1
44685,harshil,1
44686,harshil,111111111111111111111111111111111111111111@1111111111111111111111111111a1111111111111111111a111111111
44687,harshil,111
44688,harshil,111111111111111111111111111111111111111111@1111111111111111111111111111a1111111111111111111a111111111
44689,harshil,1
44690,harshil,1
44691,harshil,1
44692,harshil,111111111111111111111111111111111111111111@1111111111111111111111111111a1111111111111111111a111111111
44693,harshil,111
44694,harshil,111111111111111111111111111111111111111111@1111111111111111111111111111a1111111111111111111a111111111
44695,harshil,1
44696,harshil,1
44697,harshil,1
44698,harshil,111111111111111111111111111111111111111111@1111111111111111111111111111a1111111111111111111a111111111
44699,harshil,111
44700,harshil,111111111111111111111111111111111111111111@1111111111111111111111111111a1111111111111111111a111111111
44701,harshil,1
44702,harshil,1
44703,harshil,1
44704,harshil,111111111111111111111111111111111111111111@1111111111111111111111111111a1111111111111111111a111111111
44705,harshil,111
44706,harshil,111111111111111111111111111111111111111111@1111111111111111111111111111a1111111111111111111a111111111
44707,harshil,1
44708,harshil,1
44709,harshil,1
44710,harshil,111111111111111111111111111111111111111111@1111111111111111111111111111a1111111111111111111a111111111
44711,harshil,111
44712,harshil,111111111111111111111111111111111111111111@1111111111111111111111111111a1111111111111111111a111111111
44713,harshil,1
44714,harshil,1
44715,harshil,1
44716,harshil,111111111111111111111111111111111111111111@1111111111111111111111111111a1111111111111111111a111111111
44717,harshil,111
44718,harshil,111111111111111111111111111111111111111111@1111111111111111111111111111a1111111111111111111a111111111
44719,harshil,1
44720,harshil,1
44721,harshil,1
44722,harshil,111111111111111111111111111111111111111111@1111111111111111111111111111a1111111111111111111a111111111
44723,harshil,111
44724,harshil,111111111111111111111111111111111111111111@1111111111111111111111111111a1111111111111111111a111111111
44725,harshil,1
44726,harshil,1
44727,harshil,1
44728,harshil,111111111111111111111111111111111111111111@1111111111111111111111111111a1111111111111111111a111111111
44729,harshil,111
44730,harshil,111111111111111111111111111111111111111111@1111111111111111111111111111a1111111111111111111a111111111
44731,harshil,1
44732,harshil,1
44733,harshil,1
44734,harshil,111111111111111111111111111111111111111111@1111111111111111111111111111a1111111111111111111a111111111
44735,harshil,111
44736,harshil,111111111111111111111111111111111111111111@1111111111111111111111111111a1111111111111111111a111111111
44737,harshil,1
44738,harshil,1
44739,harshil,1
44740,harshil,111111111111111111111111111111111111111111@1111111111111111111111111111a1111111111111111111a111111111
44741,harshil,111
44742,harshil,111111111111111111111111111111111111111111@1111111111111111111111111111a1111111111111111111a111111111
44743,harshil,1
44744,harshil,1
44745,harshil,1
44746,harshil,111111111111111111111111111111111111111111@1111111111111111111111111111a1111111111111111111a111111111
44747,harshil,111
44748,harshil,111111111111111111111111111111111111111111@1111111111111111111111111111a1111111111111111111a111111111
44749,harshil,1
44750,harshil,1
44751,harshil,1
44752,harshil,111111111111111111111111111111111111111111@1111111111111111111111111111a1111111111111111111a111111111
44753,harshil,111
44754,harshil,111111111111111111111111111111111111111111@1111111111111111111111111111a1111111111111111111a111111111
44755,harshil,1
44756,harshil,1
44757,harshil,1
44758,harshil,111111111111111111111111111111111111111111@1111111111111111111111111111a1111111111111111111a111111111
44759,harshil,111
44760,harshil,111111111111111111111111111111111111111111@1111111111111111111111111111a1111111111111111111a111111111
44761,harshil,1
44762,harshil,1
44763,harshil,1
44764,harshil,111111111111111111111111111111111111111111@1111111111111111111111111111a1111111111111111111a111111111
44765,harshil,111
44766,harshil,111111111111111111111111111111111111111111@1111111111111111111111111111a1111111111111111111a111111111
44767,harshil,1
44768,harshil,1
44769,harshil,1
44770,harshil,111111111111111111111111111111111111111111@1111111111111111111111111111a1111111111111111111a111111111
44771,harshil,111
44772,harshil,111111111111111111111111111111111111111111@1111111111111111111111111111a1111111111111111111a111111111
44773,harshil,1
44774,harshil,1
44775,harshil,1
44776,harshil,111111111111111111111111111111111111111111@1111111111111111111111111111a1111111111111111111a111111111
44777,harshil,111
44778,harshil,111111111111111111111111111111111111111111@1111111111111111111111111111a1111111111111111111a111111111
44779,harshil,1
44780,harshil,1
44781,harshil,1
44782,harshil,111111111111111111111111111111111111111111@1111111111111111111111111111a1111111111111111111a111111111
44783,harshil,111
44784,harshil,111111111111111111111111111111111111111111@1111111111111111111111111111a1111111111111111111a111111111
44785,harshil,1
44786,harshil,1
44787,harshil,1
44788,harshil,111111111111111111111111111111111111111111@1111111111111111111111111111a1111111111111111111a111111111
44789,harshil,111
44790,harshil,111111111111111111111111111111111111111111@1111111111111111111111111111a1111111111111111111a111111111
44791,harshil,1
44792,harshil,1
44793,harshil,1
44794,harshil,111111111111111111111111111111111111111111@1111111111111111111111111111a1111111111111111111a111111111
44795,harshil,111
44796,harshil,111111111111111111111111111111111111111111@1111111111111111111111111111a1111111111111111111a111111111
44797,harshil,1
44798,harshil,1
44799,harshil,1
44800,harshil,111111111111111111111111111111111111111111@1111111111111111111111111111a1111111111111111111a111111111
44801,harshil,111
44802,harshil,111111111111111111111111111111111111111111@1111111111111111111111111111a1111111111111111111a111111111
44803,harshil,1
44804,harshil,1
44805,harshil,1
44806,harshil,111111111111111111111111111111111111111111@1111111111111111111111111111a1111111111111111111a111111111
44807,harshil,111
44808,harshil,111111111111111111111111111111111111111111@1111111111111111111111111111a1111111111111111111a111111111
44809,harshil,1
44810,harshil,1
44811,harshil,1
44812,harshil,111111111111111111111111111111111111111111@1111111111111111111111111111a1111111111111111111a111111111
44813,harshil,111
44814,harshil,111111111111111111111111111111111111111111@1111111111111111111111111111a1111111111111111111a111111111
44815,harshil,1
44816,harshil,1
44817,harshil,1
44818,harshil,111111111111111111111111111111111111111111@1111111111111111111111111111a1111111111111111111a111111111
44819,harshil,111
44820,harshil,111111111111111111111111111111111111111111@1111111111111111111111111111a1111111111111111111a111111111
44821,harshil,1
44822,harshil,1
44823,harshil,1
44824,harshil,111111111111111111111111111111111111111111@1111111111111111111111111111a1111111111111111111a111111111
44825,harshil,111
44826,harshil,111111111111111111111111111111111111111111@1111111111111111111111111111a1111111111111111111a111111111
44827,harshil,1
44828,harshil,1
44829,harshil,1
44830,harshil,111111111111111111111111111111111111111111@1111111111111111111111111111a1111111111111111111a111111111
44831,harshil,111
44832,harshil,111111111111111111111111111111111111111111@1111111111111111111111111111a1111111111111111111a111111111
44833,harshil,1
44834,harshil,1
44835,harshil,1
44836,harshil,111111111111111111111111111111111111111111@1111111111111111111111111111a1111111111111111111a111111111
44837,harshil,111
44838,harshil,111111111111111111111111111111111111111111@1111111111111111111111111111a1111111111111111111a111111111
44839,harshil,1
44840,harshil,1
44841,harshil,1
44842,harshil,111111111111111111111111111111111111111111@1111111111111111111111111111a1111111111111111111a111111111
44843,harshil,111
44844,harshil,111111111111111111111111111111111111111111@1111111111111111111111111111a1111111111111111111a111111111
44845,harshil,1
44846,harshil,1
44847,harshil,1
44848,harshil,111111111111111111111111111111111111111111@1111111111111111111111111111a1111111111111111111a111111111
44849,harshil,111
44850,harshil,111111111111111111111111111111111111111111@1111111111111111111111111111a1111111111111111111a111111111
44851,harshil,1
44852,harshil,1
44853,harshil,1
44854,harshil,111111111111111111111111111111111111111111@1111111111111111111111111111a1111111111111111111a111111111
44855,harshil,111
44856,harshil,111111111111111111111111111111111111111111@1111111111111111111111111111a1111111111111111111a111111111
44857,harshil,1
44858,harshil,1
44859,harshil,1
44860,harshil,111111111111111111111111111111111111111111@1111111111111111111111111111a1111111111111111111a111111111
44861,harshil,111
44862,harshil,111111111111111111111111111111111111111111@1111111111111111111111111111a1111111111111111111a111111111
44863,harshil,1
44864,harshil,1
44865,harshil,1
44866,harshil,111111111111111111111111111111111111111111@1111111111111111111111111111a1111111111111111111a111111111
44867,harshil,111
44868,harshil,111111111111111111111111111111111111111111@1111111111111111111111111111a1111111111111111111a111111111
44869,harshil,1
44870,harshil,1
44871,harshil,1
44872,harshil,111111111111111111111111111111111111111111@1111111111111111111111111111a1111111111111111111a111111111
44873,harshil,111
44874,harshil,111111111111111111111111111111111111111111@1111111111111111111111111111a1111111111111111111a111111111
44875,harshil,1
44876,harshil,1
44877,harshil,1
44878,harshil,111111111111111111111111111111111111111111@1111111111111111111111111111a1111111111111111111a111111111
44879,harshil,111
44880,harshil,111111111111111111111111111111111111111111@1111111111111111111111111111a1111111111111111111a111111111
44881,harshil,1
44882,harshil,1
44883,harshil,1
44884,harshil,111111111111111111111111111111111111111111@1111111111111111111111111111a1111111111111111111a111111111
44885,harshil,111
44886,harshil,111111111111111111111111111111111111111111@1111111111111111111111111111a1111111111111111111a111111111
44887,harshil,1
44888,harshil,1
44889,harshil,1
44890,harshil,111111111111111111111111111111111111111111@1111111111111111111111111111a1111111111111111111a111111111
44891,harshil,111
44892,harshil,111111111111111111111111111111111111111111@1111111111111111111111111111a1111111111111111111a111111111
44893,harshil,1
44894,harshil,1
44895,harshil,1
44896,harshil,111111111111111111111111111111111111111111@1111111111111111111111111111a1111111111111111111a111111111
44897,harshil,111
44898,harshil,111111111111111111111111111111111111111111@1111111111111111111111111111a1111111111111111111a111111111
44899,harshil,1
44900,harshil,1
44901,harshil,1
44902,harshil,111111111111111111111111111111111111111111@1111111111111111111111111111a1111111111111111111a111111111
44903,harshil,111
44904,harshil,111111111111111111111111111111111111111111@1111111111111111111111111111a1111111111111111111a111111111
44905,harshil,1
44906,harshil,1
44907,harshil,1
44908,harshil,111111111111111111111111111111111111111111@1111111111111111111111111111a1111111111111111111a111111111
44909,harshil,111
44910,harshil,111111111111111111111111111111111111111111@1111111111111111111111111111a1111111111111111111a111111111
44911,harshil,1
44912,harshil,1
44913,harshil,1
44914,harshil,111111111111111111111111111111111111111111@1111111111111111111111111111a1111111111111111111a111111111
44915,harshil,111
44916,harshil,111111111111111111111111111111111111111111@1111111111111111111111111111a1111111111111111111a111111111
44917,harshil,1
44918,harshil,1
44919,harshil,1
44920,harshil,111111111111111111111111111111111111111111@1111111111111111111111111111a1111111111111111111a111111111
44921,harshil,111
44922,harshil,111111111111111111111111111111111111111111@1111111111111111111111111111a1111111111111111111a111111111
44923,harshil,1
44924,harshil,1
44925,harshil,1
44926,harshil,111111111111111111111111111111111111111111@1111111111111111111111111111a1111111111111111111a111111111
44927,harshil,111
44928,harshil,111111111111111111111111111111111111111111@1111111111111111111111111111a1111111111111111111a111111111
44929,harshil,1
44930,harshil,1
44931,harshil,1
44932,harshil,111111111111111111111111111111111111111111@1111111111111111111111111111a1111111111111111111a111111111
44933,harshil,111
44934,harshil,111111111111111111111111111111111111111111@1111111111111111111111111111a1111111111111111111a111111111
44935,harshil,1
44936,harshil,1
44937,harshil,1
44938,harshil,111111111111111111111111111111111111111111@1111111111111111111111111111a1111111111111111111a111111111
44939,harshil,111
44940,harshil,111111111111111111111111111111111111111111@1111111111111111111111111111a1111111111111111111a111111111
44941,harshil,1
44942,harshil,1
44943,harshil,1
44944,harshil,111111111111111111111111111111111111111111@1111111111111111111111111111a1111111111111111111a111111111
44945,harshil,111
44946,harshil,111111111111111111111111111111111111111111@1111111111111111111111111111a1111111111111111111a111111111
44947,harshil,1
44948,harshil,1
44949,harshil,1
44950,harshil,111111111111111111111111111111111111111111@1111111111111111111111111111a1111111111111111111a111111111
44951,harshil,111
44952,harshil,111111111111111111111111111111111111111111@1111111111111111111111111111a1111111111111111111a111111111
44953,harshil,1
44954,harshil,1
44955,harshil,1
44956,harshil,111111111111111111111111111111111111111111@1111111111111111111111111111a1111111111111111111a111111111
44957,harshil,111
44958,harshil,111111111111111111111111111111111111111111@1111111111111111111111111111a1111111111111111111a111111111
44959,harshil,1
44960,harshil,1
44961,harshil,1
44962,harshil,111111111111111111111111111111111111111111@1111111111111111111111111111a1111111111111111111a111111111
44963,harshil,111
44964,harshil,111111111111111111111111111111111111111111@1111111111111111111111111111a1111111111111111111a111111111
44965,harshil,1
44966,harshil,1
44967,harshil,1
44968,harshil,111111111111111111111111111111111111111111@1111111111111111111111111111a1111111111111111111a111111111
44969,harshil,111
44970,harshil,111111111111111111111111111111111111111111@1111111111111111111111111111a1111111111111111111a111111111
44971,harshil,1
44972,harshil,1
44973,harshil,1
44974,harshil,111111111111111111111111111111111111111111@1111111111111111111111111111a1111111111111111111a111111111
44975,harshil,111
44976,harshil,111111111111111111111111111111111111111111@1111111111111111111111111111a1111111111111111111a111111111
44977,harshil,1
44978,harshil,1
44979,harshil,1
44980,harshil,111111111111111111111111111111111111111111@1111111111111111111111111111a1111111111111111111a111111111
44981,harshil,111
44982,harshil,111111111111111111111111111111111111111111@1111111111111111111111111111a1111111111111111111a111111111
44983,harshil,1
44984,harshil,1
44985,harshil,1
44986,harshil,111111111111111111111111111111111111111111@1111111111111111111111111111a1111111111111111111a111111111
44987,harshil,111
44988,harshil,111111111111111111111111111111111111111111@1111111111111111111111111111a1111111111111111111a111111111
44989,harshil,1
44990,harshil,1
44991,harshil,1
44992,harshil,111111111111111111111111111111111111111111@1111111111111111111111111111a1111111111111111111a111111111
44993,harshil,111
44994,harshil,111111111111111111111111111111111111111111@1111111111111111111111111111a1111111111111111111a111111111
44995,harshil,1
44996,harshil,1
44997,harshil,1
44998,harshil,111111111111111111111111111111111111111111@1111111111111111111111111111a1111111111111111111a111111111
44999,harshil,111
45000,harshil,111111111111111111111111111111111111111111@1111111111111111111111111111a1111111111111111111a111111111
45001,harshil,1
45002,harshil,1
45003,harshil,1
45004,harshil,111111111111111111111111111111111111111111@1111111111111111111111111111a1111111111111111111a111111111
45005,harshil,111
45006,harshil,111111111111111111111111111111111111111111@1111111111111111111111111111a1111111111111111111a111111111
45007,harshil,1
45008,harshil,1
45009,harshil,1
45010,harshil,111111111111111111111111111111111111111111@1111111111111111111111111111a1111111111111111111a111111111
45011,harshil,111
45012,harshil,111111111111111111111111111111111111111111@1111111111111111111111111111a1111111111111111111a111111111
45013,harshil,1
45014,harshil,1
45015,harshil,1
45016,harshil,111111111111111111111111111111111111111111@1111111111111111111111111111a1111111111111111111a111111111
45017,harshil,111
45018,harshil,111111111111111111111111111111111111111111@1111111111111111111111111111a1111111111111111111a111111111
45019,harshil,1
45020,harshil,1
45021,harshil,1
45022,harshil,111111111111111111111111111111111111111111@1111111111111111111111111111a1111111111111111111a111111111
45023,harshil,111
45024,harshil,111111111111111111111111111111111111111111@1111111111111111111111111111a1111111111111111111a111111111
45025,harshil,1
45026,harshil,1
45027,harshil,1
45028,harshil,111111111111111111111111111111111111111111@1111111111111111111111111111a1111111111111111111a111111111
45029,harshil,111
45030,harshil,111111111111111111111111111111111111111111@1111111111111111111111111111a1111111111111111111a111111111
45031,harshil,1
45032,harshil,1
45033,harshil,1
45034,harshil,111111111111111111111111111111111111111111@1111111111111111111111111111a1111111111111111111a111111111
45035,harshil,111
45036,harshil,111111111111111111111111111111111111111111@1111111111111111111111111111a1111111111111111111a111111111
45037,harshil,1
45038,harshil,1
45039,harshil,1
45040,harshil,111111111111111111111111111111111111111111@1111111111111111111111111111a1111111111111111111a111111111
45041,harshil,111
45042,harshil,111111111111111111111111111111111111111111@1111111111111111111111111111a1111111111111111111a111111111
45043,harshil,1
45044,harshil,1
45045,harshil,1
45046,harshil,111111111111111111111111111111111111111111@1111111111111111111111111111a1111111111111111111a111111111
45047,harshil,111
45048,harshil,111111111111111111111111111111111111111111@1111111111111111111111111111a1111111111111111111a111111111
45049,harshil,1
45050,harshil,1
45051,harshil,1
45052,harshil,111111111111111111111111111111111111111111@1111111111111111111111111111a1111111111111111111a111111111
45053,harshil,111
45054,harshil,111111111111111111111111111111111111111111@1111111111111111111111111111a1111111111111111111a111111111
45055,harshil,1
45056,harshil,1
45057,harshil,1
45058,harshil,111111111111111111111111111111111111111111@1111111111111111111111111111a1111111111111111111a111111111
45059,harshil,111
45060,harshil,111111111111111111111111111111111111111111@1111111111111111111111111111a1111111111111111111a111111111
45061,harshil,1
45062,harshil,1
45063,harshil,1
45064,harshil,111111111111111111111111111111111111111111@1111111111111111111111111111a1111111111111111111a111111111
45065,harshil,111
45066,harshil,111111111111111111111111111111111111111111@1111111111111111111111111111a1111111111111111111a111111111
45067,harshil,1
45068,harshil,1
45069,harshil,1
45070,harshil,111111111111111111111111111111111111111111@1111111111111111111111111111a1111111111111111111a111111111
45071,harshil,111
45072,harshil,111111111111111111111111111111111111111111@1111111111111111111111111111a1111111111111111111a111111111
45073,harshil,1
45074,harshil,1
45075,harshil,1
45076,harshil,111111111111111111111111111111111111111111@1111111111111111111111111111a1111111111111111111a111111111
45077,harshil,111
45078,harshil,111111111111111111111111111111111111111111@1111111111111111111111111111a1111111111111111111a111111111
45079,harshil,1
45080,harshil,1
45081,harshil,1
45082,harshil,111111111111111111111111111111111111111111@1111111111111111111111111111a1111111111111111111a111111111
45083,harshil,111
45084,harshil,111111111111111111111111111111111111111111@1111111111111111111111111111a1111111111111111111a111111111
45085,harshil,1
45086,harshil,1
45087,harshil,1
45088,harshil,111111111111111111111111111111111111111111@1111111111111111111111111111a1111111111111111111a111111111
45089,harshil,111
45090,harshil,111111111111111111111111111111111111111111@1111111111111111111111111111a1111111111111111111a111111111
45091,harshil,1
45092,harshil,1
45093,harshil,1
45094,harshil,111111111111111111111111111111111111111111@1111111111111111111111111111a1111111111111111111a111111111
45095,harshil,111
45096,harshil,111111111111111111111111111111111111111111@1111111111111111111111111111a1111111111111111111a111111111
45097,harshil,1
45098,harshil,1
45099,harshil,1
45100,harshil,111111111111111111111111111111111111111111@1111111111111111111111111111a1111111111111111111a111111111
45101,harshil,111
45102,harshil,111111111111111111111111111111111111111111@1111111111111111111111111111a1111111111111111111a111111111
45103,harshil,1
45104,harshil,1
45105,harshil,1
45106,harshil,111111111111111111111111111111111111111111@1111111111111111111111111111a1111111111111111111a111111111
45107,harshil,111
45108,harshil,111111111111111111111111111111111111111111@1111111111111111111111111111a1111111111111111111a111111111
45109,harshil,1
45110,harshil,1
45111,harshil,1
45112,harshil,111111111111111111111111111111111111111111@1111111111111111111111111111a1111111111111111111a111111111
45113,harshil,111
45114,harshil,111111111111111111111111111111111111111111@1111111111111111111111111111a1111111111111111111a111111111
45115,harshil,1
45116,harshil,1
45117,harshil,1
45118,harshil,111111111111111111111111111111111111111111@1111111111111111111111111111a1111111111111111111a111111111
45119,harshil,111
45120,harshil,111111111111111111111111111111111111111111@1111111111111111111111111111a1111111111111111111a111111111
45121,harshil,1
45122,harshil,1
45123,harshil,1
45124,harshil,111111111111111111111111111111111111111111@1111111111111111111111111111a1111111111111111111a111111111
45125,harshil,111
45126,harshil,111111111111111111111111111111111111111111@1111111111111111111111111111a1111111111111111111a111111111
45127,harshil,1
45128,harshil,1
45129,harshil,1
45130,harshil,111111111111111111111111111111111111111111@1111111111111111111111111111a1111111111111111111a111111111
45131,harshil,111
45132,harshil,111111111111111111111111111111111111111111@1111111111111111111111111111a1111111111111111111a111111111
45133,harshil,1
45134,harshil,1
45135,harshil,1
45136,harshil,111111111111111111111111111111111111111111@1111111111111111111111111111a1111111111111111111a111111111
45137,harshil,111
45138,harshil,111111111111111111111111111111111111111111@1111111111111111111111111111a1111111111111111111a111111111
45139,harshil,1
45140,harshil,1
45141,harshil,1
45142,harshil,111111111111111111111111111111111111111111@1111111111111111111111111111a1111111111111111111a111111111
45143,harshil,111
45144,harshil,111111111111111111111111111111111111111111@1111111111111111111111111111a1111111111111111111a111111111
45145,harshil,1
45146,harshil,1
45147,harshil,1
45148,harshil,111111111111111111111111111111111111111111@1111111111111111111111111111a1111111111111111111a111111111
45149,harshil,111
45150,harshil,111111111111111111111111111111111111111111@1111111111111111111111111111a1111111111111111111a111111111
45151,harshil,1
45152,harshil,1
45153,harshil,1
45154,harshil,111111111111111111111111111111111111111111@1111111111111111111111111111a1111111111111111111a111111111
45155,harshil,111
45156,harshil,111111111111111111111111111111111111111111@1111111111111111111111111111a1111111111111111111a111111111
45157,harshil,1
45158,harshil,1
45159,harshil,1
45160,harshil,111111111111111111111111111111111111111111@1111111111111111111111111111a1111111111111111111a111111111
45161,harshil,111
45162,harshil,111111111111111111111111111111111111111111@1111111111111111111111111111a1111111111111111111a111111111
45163,harshil,1
45164,harshil,1
45165,harshil,1
45166,harshil,111111111111111111111111111111111111111111@1111111111111111111111111111a1111111111111111111a111111111
45167,harshil,111
45168,harshil,111111111111111111111111111111111111111111@1111111111111111111111111111a1111111111111111111a111111111
45169,harshil,1
45170,harshil,1
45171,harshil,1
45172,harshil,111111111111111111111111111111111111111111@1111111111111111111111111111a1111111111111111111a111111111
45173,harshil,111
45174,harshil,111111111111111111111111111111111111111111@1111111111111111111111111111a1111111111111111111a111111111
45175,harshil,1
45176,harshil,1
45177,harshil,1
45178,harshil,111111111111111111111111111111111111111111@1111111111111111111111111111a1111111111111111111a111111111
45179,harshil,111
45180,harshil,111111111111111111111111111111111111111111@1111111111111111111111111111a1111111111111111111a111111111
45181,harshil,1
45182,harshil,1
45183,harshil,1
45184,harshil,111111111111111111111111111111111111111111@1111111111111111111111111111a1111111111111111111a111111111
45185,harshil,111
45186,harshil,111111111111111111111111111111111111111111@1111111111111111111111111111a1111111111111111111a111111111
45187,harshil,1
45188,harshil,1
45189,harshil,1
45190,harshil,111111111111111111111111111111111111111111@1111111111111111111111111111a1111111111111111111a111111111
45191,harshil,111
45192,harshil,111111111111111111111111111111111111111111@1111111111111111111111111111a1111111111111111111a111111111
45193,harshil,1
45194,harshil,1
45195,harshil,1
45196,harshil,111111111111111111111111111111111111111111@1111111111111111111111111111a1111111111111111111a111111111
45197,harshil,111
45198,harshil,111111111111111111111111111111111111111111@1111111111111111111111111111a1111111111111111111a111111111
45199,harshil,1
45200,harshil,1
45201,harshil,1
45202,harshil,111111111111111111111111111111111111111111@1111111111111111111111111111a1111111111111111111a111111111
45203,harshil,111
45204,harshil,111111111111111111111111111111111111111111@1111111111111111111111111111a1111111111111111111a111111111
45205,harshil,1
45206,harshil,1
45207,harshil,1
45208,harshil,111111111111111111111111111111111111111111@1111111111111111111111111111a1111111111111111111a111111111
45209,harshil,111
45210,harshil,111111111111111111111111111111111111111111@1111111111111111111111111111a1111111111111111111a111111111
45211,harshil,1
45212,harshil,1
45213,harshil,1
45214,harshil,111111111111111111111111111111111111111111@1111111111111111111111111111a1111111111111111111a111111111
45215,harshil,111
45216,harshil,111111111111111111111111111111111111111111@1111111111111111111111111111a1111111111111111111a111111111
45217,harshil,1
45218,harshil,1
45219,harshil,1
45220,harshil,111111111111111111111111111111111111111111@1111111111111111111111111111a1111111111111111111a111111111
45221,harshil,111
45222,harshil,111111111111111111111111111111111111111111@1111111111111111111111111111a1111111111111111111a111111111
45223,harshil,1
45224,harshil,1
45225,harshil,1
45226,harshil,111111111111111111111111111111111111111111@1111111111111111111111111111a1111111111111111111a111111111
45227,harshil,111
45228,harshil,111111111111111111111111111111111111111111@1111111111111111111111111111a1111111111111111111a111111111
45229,harshil,1
45230,harshil,1
45231,harshil,1
45232,harshil,111111111111111111111111111111111111111111@1111111111111111111111111111a1111111111111111111a111111111
45233,harshil,111
45234,harshil,111111111111111111111111111111111111111111@1111111111111111111111111111a1111111111111111111a111111111
45235,harshil,1
45236,harshil,1
45237,harshil,1
45238,harshil,111111111111111111111111111111111111111111@1111111111111111111111111111a1111111111111111111a111111111
45239,harshil,111
45240,harshil,111111111111111111111111111111111111111111@1111111111111111111111111111a1111111111111111111a111111111
45241,harshil,1
45242,harshil,1
45243,harshil,1
45244,harshil,111111111111111111111111111111111111111111@1111111111111111111111111111a1111111111111111111a111111111
45245,harshil,111
45246,harshil,111111111111111111111111111111111111111111@1111111111111111111111111111a1111111111111111111a111111111
45247,harshil,1
45248,harshil,1
45249,harshil,1
45250,harshil,111111111111111111111111111111111111111111@1111111111111111111111111111a1111111111111111111a111111111
45251,harshil,111
45252,harshil,111111111111111111111111111111111111111111@1111111111111111111111111111a1111111111111111111a111111111
45253,harshil,1
45254,harshil,1
45255,harshil,1
45256,harshil,111111111111111111111111111111111111111111@1111111111111111111111111111a1111111111111111111a111111111
45257,harshil,111
45258,harshil,111111111111111111111111111111111111111111@1111111111111111111111111111a1111111111111111111a111111111
45259,harshil,1
45260,harshil,1
45261,harshil,1
45262,harshil,111111111111111111111111111111111111111111@1111111111111111111111111111a1111111111111111111a111111111
45263,harshil,111
45264,harshil,111111111111111111111111111111111111111111@1111111111111111111111111111a1111111111111111111a111111111
45265,harshil,1
45266,harshil,1
45267,harshil,1
45268,harshil,111111111111111111111111111111111111111111@1111111111111111111111111111a1111111111111111111a111111111
45269,harshil,111
45270,harshil,111111111111111111111111111111111111111111@1111111111111111111111111111a1111111111111111111a111111111
45271,harshil,1
45272,harshil,1
45273,harshil,1
45274,harshil,111111111111111111111111111111111111111111@1111111111111111111111111111a1111111111111111111a111111111
45275,harshil,111
45276,harshil,111111111111111111111111111111111111111111@1111111111111111111111111111a1111111111111111111a111111111
45277,harshil,1
45278,harshil,1
45279,harshil,1
45280,harshil,111111111111111111111111111111111111111111@1111111111111111111111111111a1111111111111111111a111111111
45281,harshil,111
45282,harshil,111111111111111111111111111111111111111111@1111111111111111111111111111a1111111111111111111a111111111
45283,harshil,1
45284,harshil,1
45285,harshil,1
45286,harshil,111111111111111111111111111111111111111111@1111111111111111111111111111a1111111111111111111a111111111
45287,harshil,111
45288,harshil,111111111111111111111111111111111111111111@1111111111111111111111111111a1111111111111111111a111111111
45289,harshil,1
45290,harshil,1
45291,harshil,1
45292,harshil,111111111111111111111111111111111111111111@1111111111111111111111111111a1111111111111111111a111111111
45293,harshil,111
45294,harshil,111111111111111111111111111111111111111111@1111111111111111111111111111a1111111111111111111a111111111
45295,harshil,1
45296,harshil,1
45297,harshil,1
45298,harshil,111111111111111111111111111111111111111111@1111111111111111111111111111a1111111111111111111a111111111
45299,harshil,111
45300,harshil,111111111111111111111111111111111111111111@1111111111111111111111111111a1111111111111111111a111111111
45301,harshil,1
45302,harshil,1
45303,harshil,1
45304,harshil,111111111111111111111111111111111111111111@1111111111111111111111111111a1111111111111111111a111111111
45305,harshil,111
45306,harshil,111111111111111111111111111111111111111111@1111111111111111111111111111a1111111111111111111a111111111
45307,harshil,1
45308,harshil,1
45309,harshil,1
45310,harshil,111111111111111111111111111111111111111111@1111111111111111111111111111a1111111111111111111a111111111
45311,harshil,111
45312,harshil,111111111111111111111111111111111111111111@1111111111111111111111111111a1111111111111111111a111111111
45313,harshil,1
45314,harshil,1
45315,harshil,1
45316,harshil,111111111111111111111111111111111111111111@1111111111111111111111111111a1111111111111111111a111111111
45317,harshil,111
45318,harshil,111111111111111111111111111111111111111111@1111111111111111111111111111a1111111111111111111a111111111
45319,harshil,1
45320,harshil,1
45321,harshil,1
45322,harshil,111111111111111111111111111111111111111111@1111111111111111111111111111a1111111111111111111a111111111
45323,harshil,111
45324,harshil,111111111111111111111111111111111111111111@1111111111111111111111111111a1111111111111111111a111111111
45325,harshil,1
45326,harshil,1
45327,harshil,1
45328,harshil,111111111111111111111111111111111111111111@1111111111111111111111111111a1111111111111111111a111111111
45329,harshil,111
45330,harshil,111111111111111111111111111111111111111111@1111111111111111111111111111a1111111111111111111a111111111
45331,harshil,1
45332,harshil,1
45333,harshil,1
45334,harshil,111111111111111111111111111111111111111111@1111111111111111111111111111a1111111111111111111a111111111
45335,harshil,111
45336,harshil,111111111111111111111111111111111111111111@1111111111111111111111111111a1111111111111111111a111111111
45337,harshil,1
45338,harshil,1
45339,harshil,1
45340,harshil,111111111111111111111111111111111111111111@1111111111111111111111111111a1111111111111111111a111111111
45341,harshil,111
45342,harshil,111111111111111111111111111111111111111111@1111111111111111111111111111a1111111111111111111a111111111
45343,harshil,1
45344,harshil,1
45345,harshil,1
45346,harshil,111111111111111111111111111111111111111111@1111111111111111111111111111a1111111111111111111a111111111
45347,harshil,111
45348,harshil,111111111111111111111111111111111111111111@1111111111111111111111111111a1111111111111111111a111111111
45349,harshil,1
45350,harshil,1
45351,harshil,1
45352,harshil,111111111111111111111111111111111111111111@1111111111111111111111111111a1111111111111111111a111111111
45353,harshil,111
45354,harshil,111111111111111111111111111111111111111111@1111111111111111111111111111a1111111111111111111a111111111
45355,harshil,1
45356,harshil,1
45357,harshil,1
45358,harshil,111111111111111111111111111111111111111111@1111111111111111111111111111a1111111111111111111a111111111
45359,harshil,111
45360,harshil,111111111111111111111111111111111111111111@1111111111111111111111111111a1111111111111111111a111111111
45361,harshil,1
45362,harshil,1
45363,harshil,1
45364,harshil,111111111111111111111111111111111111111111@1111111111111111111111111111a1111111111111111111a111111111
45365,harshil,111
45366,harshil,111111111111111111111111111111111111111111@1111111111111111111111111111a1111111111111111111a111111111
45367,harshil,1
45368,harshil,1
45369,harshil,1
45370,harshil,111111111111111111111111111111111111111111@1111111111111111111111111111a1111111111111111111a111111111
45371,harshil,111
45372,harshil,111111111111111111111111111111111111111111@1111111111111111111111111111a1111111111111111111a111111111
45373,harshil,1
45374,harshil,1
45375,harshil,1
45376,harshil,111111111111111111111111111111111111111111@1111111111111111111111111111a1111111111111111111a111111111
45377,harshil,111
45378,harshil,111111111111111111111111111111111111111111@1111111111111111111111111111a1111111111111111111a111111111
45379,harshil,1
45380,harshil,1
45381,harshil,1
45382,harshil,111111111111111111111111111111111111111111@1111111111111111111111111111a1111111111111111111a111111111
45383,harshil,111
45384,harshil,111111111111111111111111111111111111111111@1111111111111111111111111111a1111111111111111111a111111111
45385,harshil,1
45386,harshil,1
45387,harshil,1
45388,harshil,111111111111111111111111111111111111111111@1111111111111111111111111111a1111111111111111111a111111111
45389,harshil,111
45390,harshil,111111111111111111111111111111111111111111@1111111111111111111111111111a1111111111111111111a111111111
45391,harshil,1
45392,harshil,1
45393,harshil,1
45394,harshil,111111111111111111111111111111111111111111@1111111111111111111111111111a1111111111111111111a111111111
45395,harshil,111
45396,harshil,111111111111111111111111111111111111111111@1111111111111111111111111111a1111111111111111111a111111111
45397,harshil,1
45398,harshil,1
45399,harshil,1
45400,harshil,111111111111111111111111111111111111111111@1111111111111111111111111111a1111111111111111111a111111111
45401,harshil,111
45402,harshil,111111111111111111111111111111111111111111@1111111111111111111111111111a1111111111111111111a111111111
45403,harshil,1
45404,harshil,1
45405,harshil,1
45406,harshil,111111111111111111111111111111111111111111@1111111111111111111111111111a1111111111111111111a111111111
45407,harshil,111
45408,harshil,111111111111111111111111111111111111111111@1111111111111111111111111111a1111111111111111111a111111111
45409,harshil,1
45410,harshil,1
45411,harshil,1
45412,harshil,111111111111111111111111111111111111111111@1111111111111111111111111111a1111111111111111111a111111111
45413,harshil,111
45414,harshil,111111111111111111111111111111111111111111@1111111111111111111111111111a1111111111111111111a111111111
45415,harshil,1
45416,harshil,1
45417,harshil,1
45418,harshil,111111111111111111111111111111111111111111@1111111111111111111111111111a1111111111111111111a111111111
45419,harshil,111
45420,harshil,111111111111111111111111111111111111111111@1111111111111111111111111111a1111111111111111111a111111111
45421,harshil,1
45422,harshil,1
45423,harshil,1
45424,harshil,111111111111111111111111111111111111111111@1111111111111111111111111111a1111111111111111111a111111111
45425,harshil,111
45426,harshil,111111111111111111111111111111111111111111@1111111111111111111111111111a1111111111111111111a111111111
45427,harshil,1
45428,harshil,1
45429,harshil,1
45430,harshil,111111111111111111111111111111111111111111@1111111111111111111111111111a1111111111111111111a111111111
45431,harshil,111
45432,harshil,111111111111111111111111111111111111111111@1111111111111111111111111111a1111111111111111111a111111111
45433,harshil,1
45434,harshil,1
45435,harshil,1
45436,harshil,111111111111111111111111111111111111111111@1111111111111111111111111111a1111111111111111111a111111111
45437,harshil,111
45438,harshil,111111111111111111111111111111111111111111@1111111111111111111111111111a1111111111111111111a111111111
45439,harshil,1
45440,harshil,1
45441,harshil,1
45442,harshil,111111111111111111111111111111111111111111@1111111111111111111111111111a1111111111111111111a111111111
45443,harshil,111
45444,harshil,111111111111111111111111111111111111111111@1111111111111111111111111111a1111111111111111111a111111111
45445,harshil,1
45446,harshil,1
45447,harshil,1
45448,harshil,111111111111111111111111111111111111111111@1111111111111111111111111111a1111111111111111111a111111111
45449,harshil,111
45450,harshil,111111111111111111111111111111111111111111@1111111111111111111111111111a1111111111111111111a111111111
45451,harshil,1
45452,harshil,1
45453,harshil,1
45454,harshil,111111111111111111111111111111111111111111@1111111111111111111111111111a1111111111111111111a111111111
45455,harshil,111
45456,harshil,111111111111111111111111111111111111111111@1111111111111111111111111111a1111111111111111111a111111111
45457,harshil,1
45458,harshil,1
45459,harshil,1
45460,harshil,111111111111111111111111111111111111111111@1111111111111111111111111111a1111111111111111111a111111111
45461,harshil,111
45462,harshil,111111111111111111111111111111111111111111@1111111111111111111111111111a1111111111111111111a111111111
45463,harshil,1
45464,harshil,1
45465,harshil,1
45466,harshil,111111111111111111111111111111111111111111@1111111111111111111111111111a1111111111111111111a111111111
45467,harshil,111
45468,harshil,111111111111111111111111111111111111111111@1111111111111111111111111111a1111111111111111111a111111111
45469,harshil,1
45470,harshil,1
45471,harshil,1
45472,harshil,111111111111111111111111111111111111111111@1111111111111111111111111111a1111111111111111111a111111111
45473,harshil,111
45474,harshil,111111111111111111111111111111111111111111@1111111111111111111111111111a1111111111111111111a111111111
45475,harshil,1
45476,harshil,1
45477,harshil,1
45478,harshil,111111111111111111111111111111111111111111@1111111111111111111111111111a1111111111111111111a111111111
45479,harshil,111
45480,harshil,111111111111111111111111111111111111111111@1111111111111111111111111111a1111111111111111111a111111111
45481,harshil,1
45482,harshil,1
45483,harshil,1
45484,harshil,111111111111111111111111111111111111111111@1111111111111111111111111111a1111111111111111111a111111111
45485,harshil,111
45486,harshil,111111111111111111111111111111111111111111@1111111111111111111111111111a1111111111111111111a111111111
45487,harshil,1
45488,harshil,1
45489,harshil,1
45490,harshil,111111111111111111111111111111111111111111@1111111111111111111111111111a1111111111111111111a111111111
45491,harshil,111
45492,harshil,111111111111111111111111111111111111111111@1111111111111111111111111111a1111111111111111111a111111111
45493,harshil,1
45494,harshil,1
45495,harshil,1
45496,harshil,111111111111111111111111111111111111111111@1111111111111111111111111111a1111111111111111111a111111111
45497,harshil,111
45498,harshil,111111111111111111111111111111111111111111@1111111111111111111111111111a1111111111111111111a111111111
45499,harshil,1
45500,harshil,1
45501,harshil,1
45502,harshil,111111111111111111111111111111111111111111@1111111111111111111111111111a1111111111111111111a111111111
45503,harshil,111
45504,harshil,111111111111111111111111111111111111111111@1111111111111111111111111111a1111111111111111111a111111111
45505,harshil,1
45506,harshil,1
45507,harshil,1
45508,harshil,111111111111111111111111111111111111111111@1111111111111111111111111111a1111111111111111111a111111111
45509,harshil,111
45510,harshil,111111111111111111111111111111111111111111@1111111111111111111111111111a1111111111111111111a111111111
45511,harshil,1
45512,harshil,1
45513,harshil,1
45514,harshil,111111111111111111111111111111111111111111@1111111111111111111111111111a1111111111111111111a111111111
45515,harshil,111
45516,harshil,111111111111111111111111111111111111111111@1111111111111111111111111111a1111111111111111111a111111111
45517,harshil,1
45518,harshil,1
45519,harshil,1
45520,harshil,111111111111111111111111111111111111111111@1111111111111111111111111111a1111111111111111111a111111111
45521,harshil,111
45522,harshil,111111111111111111111111111111111111111111@1111111111111111111111111111a1111111111111111111a111111111
45523,harshil,1
45524,harshil,1
45525,harshil,1
45526,harshil,111111111111111111111111111111111111111111@1111111111111111111111111111a1111111111111111111a111111111
45527,harshil,111
45528,harshil,111111111111111111111111111111111111111111@1111111111111111111111111111a1111111111111111111a111111111
45529,harshil,1
45530,harshil,1
45531,harshil,1
45532,harshil,111111111111111111111111111111111111111111@1111111111111111111111111111a1111111111111111111a111111111
45533,harshil,111
45534,harshil,111111111111111111111111111111111111111111@1111111111111111111111111111a1111111111111111111a111111111
45535,harshil,1
45536,harshil,1
45537,harshil,1
45538,harshil,111111111111111111111111111111111111111111@1111111111111111111111111111a1111111111111111111a111111111
45539,harshil,111
45540,harshil,111111111111111111111111111111111111111111@1111111111111111111111111111a1111111111111111111a111111111
45541,harshil,1
45542,harshil,1
45543,harshil,1
45544,harshil,111111111111111111111111111111111111111111@1111111111111111111111111111a1111111111111111111a111111111
45545,harshil,111
45546,harshil,111111111111111111111111111111111111111111@1111111111111111111111111111a1111111111111111111a111111111
45547,harshil,1
45548,harshil,1
45549,harshil,1
45550,harshil,111111111111111111111111111111111111111111@1111111111111111111111111111a1111111111111111111a111111111
45551,harshil,111
45552,harshil,111111111111111111111111111111111111111111@1111111111111111111111111111a1111111111111111111a111111111
45553,harshil,1
45554,harshil,1
45555,harshil,1
45556,harshil,111111111111111111111111111111111111111111@1111111111111111111111111111a1111111111111111111a111111111
45557,harshil,111
45558,harshil,111111111111111111111111111111111111111111@1111111111111111111111111111a1111111111111111111a111111111
45559,harshil,1
45560,harshil,1
45561,harshil,1
45562,harshil,111111111111111111111111111111111111111111@1111111111111111111111111111a1111111111111111111a111111111
45563,harshil,111
45564,harshil,111111111111111111111111111111111111111111@1111111111111111111111111111a1111111111111111111a111111111
45565,harshil,1
45566,harshil,1
45567,harshil,1
45568,harshil,111111111111111111111111111111111111111111@1111111111111111111111111111a1111111111111111111a111111111
45569,harshil,111
45570,harshil,111111111111111111111111111111111111111111@1111111111111111111111111111a1111111111111111111a111111111
45571,harshil,1
45572,harshil,1
45573,harshil,1
45574,harshil,111111111111111111111111111111111111111111@1111111111111111111111111111a1111111111111111111a111111111
45575,harshil,111
45576,harshil,111111111111111111111111111111111111111111@1111111111111111111111111111a1111111111111111111a111111111
45577,harshil,1
45578,harshil,1
45579,harshil,1
45580,harshil,111111111111111111111111111111111111111111@1111111111111111111111111111a1111111111111111111a111111111
45581,harshil,111
45582,harshil,111111111111111111111111111111111111111111@1111111111111111111111111111a1111111111111111111a111111111
45583,harshil,1
45584,harshil,1
45585,harshil,1
45586,harshil,111111111111111111111111111111111111111111@1111111111111111111111111111a1111111111111111111a111111111
45587,harshil,111
45588,harshil,111111111111111111111111111111111111111111@1111111111111111111111111111a1111111111111111111a111111111
45589,harshil,1
45590,harshil,1
45591,harshil,1
45592,harshil,111111111111111111111111111111111111111111@1111111111111111111111111111a1111111111111111111a111111111
45593,harshil,111
45594,harshil,111111111111111111111111111111111111111111@1111111111111111111111111111a1111111111111111111a111111111
45595,harshil,1
45596,harshil,1
45597,harshil,1
45598,harshil,111111111111111111111111111111111111111111@1111111111111111111111111111a1111111111111111111a111111111
45599,harshil,111
45600,harshil,111111111111111111111111111111111111111111@1111111111111111111111111111a1111111111111111111a111111111
45601,harshil,1
45602,harshil,1
45603,harshil,1
45604,harshil,111111111111111111111111111111111111111111@1111111111111111111111111111a1111111111111111111a111111111
45605,harshil,111
45606,harshil,111111111111111111111111111111111111111111@1111111111111111111111111111a1111111111111111111a111111111
45607,harshil,1
45608,harshil,1
45609,harshil,1
45610,harshil,111111111111111111111111111111111111111111@1111111111111111111111111111a1111111111111111111a111111111
45611,harshil,111
45612,harshil,111111111111111111111111111111111111111111@1111111111111111111111111111a1111111111111111111a111111111
45613,harshil,1
45614,harshil,1
45615,harshil,1
45616,harshil,111111111111111111111111111111111111111111@1111111111111111111111111111a1111111111111111111a111111111
45617,harshil,111
45618,harshil,111111111111111111111111111111111111111111@1111111111111111111111111111a1111111111111111111a111111111
45619,harshil,1
45620,harshil,1
45621,harshil,1
45622,harshil,111111111111111111111111111111111111111111@1111111111111111111111111111a1111111111111111111a111111111
45623,harshil,111
45624,harshil,111111111111111111111111111111111111111111@1111111111111111111111111111a1111111111111111111a111111111
45625,harshil,1
45626,harshil,1
45627,harshil,1
45628,harshil,111111111111111111111111111111111111111111@1111111111111111111111111111a1111111111111111111a111111111
45629,harshil,111
45630,harshil,111111111111111111111111111111111111111111@1111111111111111111111111111a1111111111111111111a111111111
45631,harshil,1
45632,harshil,1
45633,harshil,1
45634,harshil,111111111111111111111111111111111111111111@1111111111111111111111111111a1111111111111111111a111111111
45635,harshil,111
45636,harshil,111111111111111111111111111111111111111111@1111111111111111111111111111a1111111111111111111a111111111
45637,harshil,1
45638,harshil,1
45639,harshil,1
45640,harshil,111111111111111111111111111111111111111111@1111111111111111111111111111a1111111111111111111a111111111
45641,harshil,111
45642,harshil,111111111111111111111111111111111111111111@1111111111111111111111111111a1111111111111111111a111111111
45643,harshil,1
45644,harshil,1
45645,harshil,1
45646,harshil,111111111111111111111111111111111111111111@1111111111111111111111111111a1111111111111111111a111111111
45647,harshil,111
45648,harshil,111111111111111111111111111111111111111111@1111111111111111111111111111a1111111111111111111a111111111
45649,harshil,1
45650,harshil,1
45651,harshil,1
45652,harshil,111111111111111111111111111111111111111111@1111111111111111111111111111a1111111111111111111a111111111
45653,harshil,111
45654,harshil,111111111111111111111111111111111111111111@1111111111111111111111111111a1111111111111111111a111111111
45655,harshil,1
45656,harshil,1
45657,harshil,1
45658,harshil,111111111111111111111111111111111111111111@1111111111111111111111111111a1111111111111111111a111111111
45659,harshil,111
45660,harshil,111111111111111111111111111111111111111111@1111111111111111111111111111a1111111111111111111a111111111
45661,harshil,1
45662,harshil,1
45663,harshil,1
45664,harshil,111111111111111111111111111111111111111111@1111111111111111111111111111a1111111111111111111a111111111
45665,harshil,111
45666,harshil,111111111111111111111111111111111111111111@1111111111111111111111111111a1111111111111111111a111111111
45667,harshil,1
45668,harshil,1
45669,harshil,1
45670,harshil,111111111111111111111111111111111111111111@1111111111111111111111111111a1111111111111111111a111111111
45671,harshil,111
45672,harshil,111111111111111111111111111111111111111111@1111111111111111111111111111a1111111111111111111a111111111
45673,harshil,1
45674,harshil,1
45675,harshil,1
45676,harshil,111111111111111111111111111111111111111111@1111111111111111111111111111a1111111111111111111a111111111
45677,harshil,111
45678,harshil,111111111111111111111111111111111111111111@1111111111111111111111111111a1111111111111111111a111111111
45679,harshil,1
45680,harshil,1
45681,harshil,1
45682,harshil,111111111111111111111111111111111111111111@1111111111111111111111111111a1111111111111111111a111111111
45683,harshil,111
45684,harshil,111111111111111111111111111111111111111111@1111111111111111111111111111a1111111111111111111a111111111
45685,harshil,1
45686,harshil,1
45687,harshil,1
45688,harshil,111111111111111111111111111111111111111111@1111111111111111111111111111a1111111111111111111a111111111
45689,harshil,111
45690,harshil,111111111111111111111111111111111111111111@1111111111111111111111111111a1111111111111111111a111111111
45691,harshil,1
45692,harshil,1
45693,harshil,1
45694,harshil,111111111111111111111111111111111111111111@1111111111111111111111111111a1111111111111111111a111111111
45695,harshil,111
45696,harshil,111111111111111111111111111111111111111111@1111111111111111111111111111a1111111111111111111a111111111
45697,harshil,1
45698,harshil,1
45699,harshil,1
45700,harshil,111111111111111111111111111111111111111111@1111111111111111111111111111a1111111111111111111a111111111
45701,harshil,111
45702,harshil,111111111111111111111111111111111111111111@1111111111111111111111111111a1111111111111111111a111111111
45703,harshil,1
45704,harshil,1
45705,harshil,1
45706,harshil,111111111111111111111111111111111111111111@1111111111111111111111111111a1111111111111111111a111111111
45707,harshil,111
45708,harshil,111111111111111111111111111111111111111111@1111111111111111111111111111a1111111111111111111a111111111
45709,harshil,1
45710,harshil,1
45711,harshil,1
45712,harshil,111111111111111111111111111111111111111111@1111111111111111111111111111a1111111111111111111a111111111
45713,harshil,111
45714,harshil,111111111111111111111111111111111111111111@1111111111111111111111111111a1111111111111111111a111111111
45715,harshil,1
45716,harshil,1
45717,harshil,1
45718,harshil,111111111111111111111111111111111111111111@1111111111111111111111111111a1111111111111111111a111111111
45719,harshil,111
45720,harshil,111111111111111111111111111111111111111111@1111111111111111111111111111a1111111111111111111a111111111
45721,harshil,1
45722,harshil,1
45723,harshil,1
45724,harshil,111111111111111111111111111111111111111111@1111111111111111111111111111a1111111111111111111a111111111
45725,harshil,111
45726,harshil,111111111111111111111111111111111111111111@1111111111111111111111111111a1111111111111111111a111111111
45727,harshil,1
45728,harshil,1
45729,harshil,1
45730,harshil,111111111111111111111111111111111111111111@1111111111111111111111111111a1111111111111111111a111111111
45731,harshil,111
45732,harshil,111111111111111111111111111111111111111111@1111111111111111111111111111a1111111111111111111a111111111
45733,harshil,1
45734,harshil,1
45735,harshil,1
45736,harshil,111111111111111111111111111111111111111111@1111111111111111111111111111a1111111111111111111a111111111
45737,harshil,111
45738,harshil,111111111111111111111111111111111111111111@1111111111111111111111111111a1111111111111111111a111111111
45739,harshil,1
45740,harshil,1
45741,harshil,1
45742,harshil,111111111111111111111111111111111111111111@1111111111111111111111111111a1111111111111111111a111111111
45743,harshil,111
45744,harshil,111111111111111111111111111111111111111111@1111111111111111111111111111a1111111111111111111a111111111
45745,harshil,1
45746,harshil,1
45747,harshil,1
45748,harshil,111111111111111111111111111111111111111111@1111111111111111111111111111a1111111111111111111a111111111
45749,harshil,111
45750,harshil,111111111111111111111111111111111111111111@1111111111111111111111111111a1111111111111111111a111111111
45751,harshil,1
45752,harshil,1
45753,harshil,1
45754,harshil,111111111111111111111111111111111111111111@1111111111111111111111111111a1111111111111111111a111111111
45755,harshil,111
45756,harshil,111111111111111111111111111111111111111111@1111111111111111111111111111a1111111111111111111a111111111
45757,harshil,1
45758,harshil,1
45759,harshil,1
45760,harshil,111111111111111111111111111111111111111111@1111111111111111111111111111a1111111111111111111a111111111
45761,harshil,111
45762,harshil,111111111111111111111111111111111111111111@1111111111111111111111111111a1111111111111111111a111111111
45763,harshil,1
45764,harshil,1
45765,harshil,1
45766,harshil,111111111111111111111111111111111111111111@1111111111111111111111111111a1111111111111111111a111111111
45767,harshil,111
45768,harshil,111111111111111111111111111111111111111111@1111111111111111111111111111a1111111111111111111a111111111
45769,harshil,1
45770,harshil,1
45771,harshil,1
45772,harshil,111111111111111111111111111111111111111111@1111111111111111111111111111a1111111111111111111a111111111
45773,harshil,111
45774,harshil,111111111111111111111111111111111111111111@1111111111111111111111111111a1111111111111111111a111111111
45775,harshil,1
45776,harshil,1
45777,harshil,1
45778,harshil,111111111111111111111111111111111111111111@1111111111111111111111111111a1111111111111111111a111111111
45779,harshil,111
45780,harshil,111111111111111111111111111111111111111111@1111111111111111111111111111a1111111111111111111a111111111
45781,harshil,1
45782,harshil,1
45783,harshil,1
45784,harshil,111111111111111111111111111111111111111111@1111111111111111111111111111a1111111111111111111a111111111
45785,harshil,111
45786,harshil,111111111111111111111111111111111111111111@1111111111111111111111111111a1111111111111111111a111111111
45787,harshil,1
45788,harshil,1
45789,harshil,1
45790,harshil,111111111111111111111111111111111111111111@1111111111111111111111111111a1111111111111111111a111111111
45791,harshil,111
45792,harshil,111111111111111111111111111111111111111111@1111111111111111111111111111a1111111111111111111a111111111
45793,harshil,1
45794,harshil,1
45795,harshil,1
45796,harshil,111111111111111111111111111111111111111111@1111111111111111111111111111a1111111111111111111a111111111
45797,harshil,111
45798,harshil,111111111111111111111111111111111111111111@1111111111111111111111111111a1111111111111111111a111111111
45799,harshil,1
45800,harshil,1
45801,harshil,1
45802,harshil,111111111111111111111111111111111111111111@1111111111111111111111111111a1111111111111111111a111111111
45803,harshil,111
45804,harshil,111111111111111111111111111111111111111111@1111111111111111111111111111a1111111111111111111a111111111
45805,harshil,1
45806,harshil,1
45807,harshil,1
45808,harshil,111111111111111111111111111111111111111111@1111111111111111111111111111a1111111111111111111a111111111
45809,harshil,111
45810,harshil,111111111111111111111111111111111111111111@1111111111111111111111111111a1111111111111111111a111111111
45811,harshil,1
45812,harshil,1
45813,harshil,1
45814,harshil,111111111111111111111111111111111111111111@1111111111111111111111111111a1111111111111111111a111111111
45815,harshil,111
45816,harshil,111111111111111111111111111111111111111111@1111111111111111111111111111a1111111111111111111a111111111
45817,harshil,1
45818,harshil,1
45819,harshil,1
45820,harshil,111111111111111111111111111111111111111111@1111111111111111111111111111a1111111111111111111a111111111
45821,harshil,111
45822,harshil,111111111111111111111111111111111111111111@1111111111111111111111111111a1111111111111111111a111111111
45823,harshil,1
45824,harshil,1
45825,harshil,1
45826,harshil,111111111111111111111111111111111111111111@1111111111111111111111111111a1111111111111111111a111111111
45827,harshil,111
45828,harshil,111111111111111111111111111111111111111111@1111111111111111111111111111a1111111111111111111a111111111
45829,harshil,1
45830,harshil,1
45831,harshil,1
45832,harshil,111111111111111111111111111111111111111111@1111111111111111111111111111a1111111111111111111a111111111
45833,harshil,111
45834,harshil,111111111111111111111111111111111111111111@1111111111111111111111111111a1111111111111111111a111111111
45835,harshil,1
45836,harshil,1
45837,harshil,1
45838,harshil,111111111111111111111111111111111111111111@1111111111111111111111111111a1111111111111111111a111111111
45839,harshil,111
45840,harshil,111111111111111111111111111111111111111111@1111111111111111111111111111a1111111111111111111a111111111
45841,harshil,1
45842,harshil,1
45843,harshil,1
45844,harshil,111111111111111111111111111111111111111111@1111111111111111111111111111a1111111111111111111a111111111
45845,harshil,111
45846,harshil,111111111111111111111111111111111111111111@1111111111111111111111111111a1111111111111111111a111111111
45847,harshil,1
45848,harshil,1
45849,harshil,1
45850,harshil,111111111111111111111111111111111111111111@1111111111111111111111111111a1111111111111111111a111111111
45851,harshil,111
45852,harshil,111111111111111111111111111111111111111111@1111111111111111111111111111a1111111111111111111a111111111
45853,harshil,1
45854,harshil,1
45855,harshil,1
45856,harshil,111111111111111111111111111111111111111111@1111111111111111111111111111a1111111111111111111a111111111
45857,harshil,111
45858,harshil,111111111111111111111111111111111111111111@1111111111111111111111111111a1111111111111111111a111111111
45859,harshil,1
45860,harshil,1
45861,harshil,1
45862,harshil,111111111111111111111111111111111111111111@1111111111111111111111111111a1111111111111111111a111111111
45863,harshil,111
45864,harshil,111111111111111111111111111111111111111111@1111111111111111111111111111a1111111111111111111a111111111
45865,harshil,1
45866,harshil,1
45867,harshil,1
45868,harshil,111111111111111111111111111111111111111111@1111111111111111111111111111a1111111111111111111a111111111
45869,harshil,111
45870,harshil,111111111111111111111111111111111111111111@1111111111111111111111111111a1111111111111111111a111111111
45871,harshil,1
45872,harshil,1
45873,harshil,1
45874,harshil,111111111111111111111111111111111111111111@1111111111111111111111111111a1111111111111111111a111111111
45875,harshil,111
45876,harshil,111111111111111111111111111111111111111111@1111111111111111111111111111a1111111111111111111a111111111
45877,harshil,1
45878,harshil,1
45879,harshil,1
45880,harshil,111111111111111111111111111111111111111111@1111111111111111111111111111a1111111111111111111a111111111
45881,harshil,111
45882,harshil,111111111111111111111111111111111111111111@1111111111111111111111111111a1111111111111111111a111111111
45883,harshil,1
45884,harshil,1
45885,harshil,1
45886,harshil,111111111111111111111111111111111111111111@1111111111111111111111111111a1111111111111111111a111111111
45887,harshil,111
45888,harshil,111111111111111111111111111111111111111111@1111111111111111111111111111a1111111111111111111a111111111
45889,harshil,1
45890,harshil,1
45891,harshil,1
45892,harshil,111111111111111111111111111111111111111111@1111111111111111111111111111a1111111111111111111a111111111
45893,harshil,111
45894,harshil,111111111111111111111111111111111111111111@1111111111111111111111111111a1111111111111111111a111111111
45895,harshil,1
45896,harshil,1
45897,harshil,1
45898,harshil,111111111111111111111111111111111111111111@1111111111111111111111111111a1111111111111111111a111111111
45899,harshil,111
45900,harshil,111111111111111111111111111111111111111111@1111111111111111111111111111a1111111111111111111a111111111
45901,harshil,1
45902,harshil,1
45903,harshil,1
45904,harshil,111111111111111111111111111111111111111111@1111111111111111111111111111a1111111111111111111a111111111
45905,harshil,111
45906,harshil,111111111111111111111111111111111111111111@1111111111111111111111111111a1111111111111111111a111111111
45907,harshil,1
45908,harshil,1
45909,harshil,1
45910,harshil,111111111111111111111111111111111111111111@1111111111111111111111111111a1111111111111111111a111111111
45911,harshil,111
45912,harshil,111111111111111111111111111111111111111111@1111111111111111111111111111a1111111111111111111a111111111
45913,harshil,1
45914,harshil,1
45915,harshil,1
45916,harshil,111111111111111111111111111111111111111111@1111111111111111111111111111a1111111111111111111a111111111
45917,harshil,111
45918,harshil,111111111111111111111111111111111111111111@1111111111111111111111111111a1111111111111111111a111111111
45919,harshil,1
45920,harshil,1
45921,harshil,1
45922,harshil,111111111111111111111111111111111111111111@1111111111111111111111111111a1111111111111111111a111111111
45923,harshil,111
45924,harshil,111111111111111111111111111111111111111111@1111111111111111111111111111a1111111111111111111a111111111
45925,harshil,1
45926,harshil,1
45927,harshil,1
45928,harshil,111111111111111111111111111111111111111111@1111111111111111111111111111a1111111111111111111a111111111
45929,harshil,111
45930,harshil,111111111111111111111111111111111111111111@1111111111111111111111111111a1111111111111111111a111111111
45931,harshil,1
45932,harshil,1
45933,harshil,1
45934,harshil,111111111111111111111111111111111111111111@1111111111111111111111111111a1111111111111111111a111111111
45935,harshil,111
45936,harshil,111111111111111111111111111111111111111111@1111111111111111111111111111a1111111111111111111a111111111
45937,harshil,1
45938,harshil,1
45939,harshil,1
45940,harshil,111111111111111111111111111111111111111111@1111111111111111111111111111a1111111111111111111a111111111
45941,harshil,111
45942,harshil,111111111111111111111111111111111111111111@1111111111111111111111111111a1111111111111111111a111111111
45943,harshil,1
45944,harshil,1
45945,harshil,1
45946,harshil,111111111111111111111111111111111111111111@1111111111111111111111111111a1111111111111111111a111111111
45947,harshil,111
45948,harshil,111111111111111111111111111111111111111111@1111111111111111111111111111a1111111111111111111a111111111
45949,harshil,1
45950,harshil,1
45951,harshil,1
45952,harshil,111111111111111111111111111111111111111111@1111111111111111111111111111a1111111111111111111a111111111
45953,harshil,111
45954,harshil,111111111111111111111111111111111111111111@1111111111111111111111111111a1111111111111111111a111111111
45955,harshil,1
45956,harshil,1
45957,harshil,1
45958,harshil,111111111111111111111111111111111111111111@1111111111111111111111111111a1111111111111111111a111111111
45959,harshil,111
45960,harshil,111111111111111111111111111111111111111111@1111111111111111111111111111a1111111111111111111a111111111
45961,harshil,1
45962,harshil,1
45963,harshil,1
45964,harshil,111111111111111111111111111111111111111111@1111111111111111111111111111a1111111111111111111a111111111
45965,harshil,111
45966,harshil,111111111111111111111111111111111111111111@1111111111111111111111111111a1111111111111111111a111111111
45967,harshil,1
45968,harshil,1
45969,harshil,1
45970,harshil,111111111111111111111111111111111111111111@1111111111111111111111111111a1111111111111111111a111111111
45971,harshil,111
45972,harshil,111111111111111111111111111111111111111111@1111111111111111111111111111a1111111111111111111a111111111
45973,harshil,1
45974,harshil,1
45975,harshil,1
45976,harshil,111111111111111111111111111111111111111111@1111111111111111111111111111a1111111111111111111a111111111
45977,harshil,111
45978,harshil,111111111111111111111111111111111111111111@1111111111111111111111111111a1111111111111111111a111111111
45979,harshil,1
45980,harshil,1
45981,harshil,1
45982,harshil,111111111111111111111111111111111111111111@1111111111111111111111111111a1111111111111111111a111111111
45983,harshil,111
45984,harshil,111111111111111111111111111111111111111111@1111111111111111111111111111a1111111111111111111a111111111
45985,harshil,1
45986,harshil,1
45987,harshil,1
45988,harshil,111111111111111111111111111111111111111111@1111111111111111111111111111a1111111111111111111a111111111
45989,harshil,111
45990,harshil,111111111111111111111111111111111111111111@1111111111111111111111111111a1111111111111111111a111111111
45991,harshil,1
45992,harshil,1
45993,harshil,1
45994,harshil,111111111111111111111111111111111111111111@1111111111111111111111111111a1111111111111111111a111111111
45995,harshil,111
45996,harshil,111111111111111111111111111111111111111111@1111111111111111111111111111a1111111111111111111a111111111
45997,harshil,1
45998,harshil,1
45999,harshil,1
46000,harshil,111111111111111111111111111111111111111111@1111111111111111111111111111a1111111111111111111a111111111
46001,harshil,111
46002,harshil,111111111111111111111111111111111111111111@1111111111111111111111111111a1111111111111111111a111111111
46003,harshil,1
46004,harshil,1
46005,harshil,1
46006,harshil,111111111111111111111111111111111111111111@1111111111111111111111111111a1111111111111111111a111111111
46007,harshil,111
46008,harshil,111111111111111111111111111111111111111111@1111111111111111111111111111a1111111111111111111a111111111
46009,harshil,1
46010,harshil,1
46011,harshil,1
46012,harshil,111111111111111111111111111111111111111111@1111111111111111111111111111a1111111111111111111a111111111
46013,harshil,111
46014,harshil,111111111111111111111111111111111111111111@1111111111111111111111111111a1111111111111111111a111111111
46015,harshil,1
46016,harshil,1
46017,harshil,1
46018,harshil,111111111111111111111111111111111111111111@1111111111111111111111111111a1111111111111111111a111111111
46019,harshil,111
46020,harshil,111111111111111111111111111111111111111111@1111111111111111111111111111a1111111111111111111a111111111
46021,harshil,1
46022,harshil,1
46023,harshil,1
46024,harshil,111111111111111111111111111111111111111111@1111111111111111111111111111a1111111111111111111a111111111
46025,harshil,111
46026,harshil,111111111111111111111111111111111111111111@1111111111111111111111111111a1111111111111111111a111111111
46027,harshil,1
46028,harshil,1
46029,harshil,1
46030,harshil,111111111111111111111111111111111111111111@1111111111111111111111111111a1111111111111111111a111111111
46031,harshil,111
46032,harshil,111111111111111111111111111111111111111111@1111111111111111111111111111a1111111111111111111a111111111
46033,harshil,1
46034,harshil,1
46035,harshil,1
46036,harshil,111111111111111111111111111111111111111111@1111111111111111111111111111a1111111111111111111a111111111
46037,harshil,111
46038,harshil,111111111111111111111111111111111111111111@1111111111111111111111111111a1111111111111111111a111111111
46039,harshil,1
46040,harshil,1
46041,harshil,1
46042,harshil,111111111111111111111111111111111111111111@1111111111111111111111111111a1111111111111111111a111111111
46043,harshil,111
46044,harshil,111111111111111111111111111111111111111111@1111111111111111111111111111a1111111111111111111a111111111
46045,harshil,1
46046,harshil,1
46047,harshil,1
46048,harshil,111111111111111111111111111111111111111111@1111111111111111111111111111a1111111111111111111a111111111
46049,harshil,111
46050,harshil,111111111111111111111111111111111111111111@1111111111111111111111111111a1111111111111111111a111111111
46051,harshil,1
46052,harshil,1
46053,harshil,1
46054,harshil,111111111111111111111111111111111111111111@1111111111111111111111111111a1111111111111111111a111111111
46055,harshil,111
46056,harshil,111111111111111111111111111111111111111111@1111111111111111111111111111a1111111111111111111a111111111
46057,harshil,1
46058,harshil,1
46059,harshil,1
46060,harshil,111111111111111111111111111111111111111111@1111111111111111111111111111a1111111111111111111a111111111
46061,harshil,111
46062,harshil,111111111111111111111111111111111111111111@1111111111111111111111111111a1111111111111111111a111111111
46063,harshil,1
46064,harshil,1
46065,harshil,1
46066,harshil,111111111111111111111111111111111111111111@1111111111111111111111111111a1111111111111111111a111111111
46067,harshil,111
46068,harshil,111111111111111111111111111111111111111111@1111111111111111111111111111a1111111111111111111a111111111
46069,harshil,1
46070,harshil,1
46071,harshil,1
46072,harshil,111111111111111111111111111111111111111111@1111111111111111111111111111a1111111111111111111a111111111
46073,harshil,111
46074,harshil,111111111111111111111111111111111111111111@1111111111111111111111111111a1111111111111111111a111111111
46075,harshil,1
46076,harshil,1
46077,harshil,1
46078,harshil,111111111111111111111111111111111111111111@1111111111111111111111111111a1111111111111111111a111111111
46079,harshil,111
46080,harshil,111111111111111111111111111111111111111111@1111111111111111111111111111a1111111111111111111a111111111
46081,harshil,1
46082,harshil,1
46083,harshil,1
46084,harshil,111111111111111111111111111111111111111111@1111111111111111111111111111a1111111111111111111a111111111
46085,harshil,111
46086,harshil,111111111111111111111111111111111111111111@1111111111111111111111111111a1111111111111111111a111111111
46087,harshil,1
46088,harshil,1
46089,harshil,1
46090,harshil,111111111111111111111111111111111111111111@1111111111111111111111111111a1111111111111111111a111111111
46091,harshil,111
46092,harshil,111111111111111111111111111111111111111111@1111111111111111111111111111a1111111111111111111a111111111
46093,harshil,1
46094,harshil,1
46095,harshil,1
46096,harshil,111111111111111111111111111111111111111111@1111111111111111111111111111a1111111111111111111a111111111
46097,harshil,111
46098,harshil,111111111111111111111111111111111111111111@1111111111111111111111111111a1111111111111111111a111111111
46099,harshil,1
46100,harshil,1
46101,harshil,1
46102,harshil,111111111111111111111111111111111111111111@1111111111111111111111111111a1111111111111111111a111111111
46103,harshil,111
46104,harshil,111111111111111111111111111111111111111111@1111111111111111111111111111a1111111111111111111a111111111
46105,harshil,1
46106,harshil,1
46107,harshil,1
46108,harshil,111111111111111111111111111111111111111111@1111111111111111111111111111a1111111111111111111a111111111
46109,harshil,111
46110,harshil,111111111111111111111111111111111111111111@1111111111111111111111111111a1111111111111111111a111111111
46111,harshil,1
46112,harshil,1
46113,harshil,1
46114,harshil,111111111111111111111111111111111111111111@1111111111111111111111111111a1111111111111111111a111111111
46115,harshil,111
46116,harshil,111111111111111111111111111111111111111111@1111111111111111111111111111a1111111111111111111a111111111
46117,harshil,1
46118,harshil,1
46119,harshil,1
46120,harshil,111111111111111111111111111111111111111111@1111111111111111111111111111a1111111111111111111a111111111
46121,harshil,111
46122,harshil,111111111111111111111111111111111111111111@1111111111111111111111111111a1111111111111111111a111111111
46123,harshil,1
46124,harshil,1
46125,harshil,1
46126,harshil,111111111111111111111111111111111111111111@1111111111111111111111111111a1111111111111111111a111111111
46127,harshil,111
46128,harshil,111111111111111111111111111111111111111111@1111111111111111111111111111a1111111111111111111a111111111
46129,harshil,1
46130,harshil,1
46131,harshil,1
46132,harshil,111111111111111111111111111111111111111111@1111111111111111111111111111a1111111111111111111a111111111
46133,harshil,111
46134,harshil,111111111111111111111111111111111111111111@1111111111111111111111111111a1111111111111111111a111111111
46135,harshil,1
46136,harshil,1
46137,harshil,1
46138,harshil,111111111111111111111111111111111111111111@1111111111111111111111111111a1111111111111111111a111111111
46139,harshil,111
46140,harshil,111111111111111111111111111111111111111111@1111111111111111111111111111a1111111111111111111a111111111
46141,harshil,1
46142,harshil,1
46143,harshil,1
46144,harshil,111111111111111111111111111111111111111111@1111111111111111111111111111a1111111111111111111a111111111
46145,harshil,111
46146,harshil,111111111111111111111111111111111111111111@1111111111111111111111111111a1111111111111111111a111111111
46147,harshil,1
46148,harshil,1
46149,harshil,1
46150,harshil,111111111111111111111111111111111111111111@1111111111111111111111111111a1111111111111111111a111111111
46151,harshil,111
46152,harshil,111111111111111111111111111111111111111111@1111111111111111111111111111a1111111111111111111a111111111
46153,harshil,1
46154,harshil,1
46155,harshil,1
46156,harshil,111111111111111111111111111111111111111111@1111111111111111111111111111a1111111111111111111a111111111
46157,harshil,111
46158,harshil,111111111111111111111111111111111111111111@1111111111111111111111111111a1111111111111111111a111111111
46159,harshil,1
46160,harshil,1
46161,harshil,1
46162,harshil,111111111111111111111111111111111111111111@1111111111111111111111111111a1111111111111111111a111111111
46163,harshil,111
46164,harshil,111111111111111111111111111111111111111111@1111111111111111111111111111a1111111111111111111a111111111
46165,harshil,1
46166,harshil,1
46167,harshil,1
46168,harshil,111111111111111111111111111111111111111111@1111111111111111111111111111a1111111111111111111a111111111
46169,harshil,111
46170,harshil,111111111111111111111111111111111111111111@1111111111111111111111111111a1111111111111111111a111111111
46171,harshil,1
46172,harshil,1
46173,harshil,1
46174,harshil,111111111111111111111111111111111111111111@1111111111111111111111111111a1111111111111111111a111111111
46175,harshil,111
46176,harshil,111111111111111111111111111111111111111111@1111111111111111111111111111a1111111111111111111a111111111
46177,harshil,1
46178,harshil,1
46179,harshil,1
46180,harshil,111111111111111111111111111111111111111111@1111111111111111111111111111a1111111111111111111a111111111
46181,harshil,111
46182,harshil,111111111111111111111111111111111111111111@1111111111111111111111111111a1111111111111111111a111111111
46183,harshil,1
46184,harshil,1
46185,harshil,1
46186,harshil,111111111111111111111111111111111111111111@1111111111111111111111111111a1111111111111111111a111111111
46187,harshil,111
46188,harshil,111111111111111111111111111111111111111111@1111111111111111111111111111a1111111111111111111a111111111
46189,harshil,1
46190,harshil,1
46191,harshil,1
46192,harshil,111111111111111111111111111111111111111111@1111111111111111111111111111a1111111111111111111a111111111
46193,harshil,111
46194,harshil,111111111111111111111111111111111111111111@1111111111111111111111111111a1111111111111111111a111111111
46195,harshil,1
46196,harshil,1
46197,harshil,1
46198,harshil,111111111111111111111111111111111111111111@1111111111111111111111111111a1111111111111111111a111111111
46199,harshil,111
46200,harshil,111111111111111111111111111111111111111111@1111111111111111111111111111a1111111111111111111a111111111
46201,harshil,1
46202,harshil,1
46203,harshil,1
46204,harshil,111111111111111111111111111111111111111111@1111111111111111111111111111a1111111111111111111a111111111
46205,harshil,111
46206,harshil,111111111111111111111111111111111111111111@1111111111111111111111111111a1111111111111111111a111111111
46207,harshil,1
46208,harshil,1
46209,harshil,1
46210,harshil,111111111111111111111111111111111111111111@1111111111111111111111111111a1111111111111111111a111111111
46211,harshil,111
46212,harshil,111111111111111111111111111111111111111111@1111111111111111111111111111a1111111111111111111a111111111
46213,harshil,1
46214,harshil,1
46215,harshil,1
46216,harshil,111111111111111111111111111111111111111111@1111111111111111111111111111a1111111111111111111a111111111
46217,harshil,111
46218,harshil,111111111111111111111111111111111111111111@1111111111111111111111111111a1111111111111111111a111111111
46219,harshil,1
46220,harshil,1
46221,harshil,1
46222,harshil,111111111111111111111111111111111111111111@1111111111111111111111111111a1111111111111111111a111111111
46223,harshil,111
46224,harshil,111111111111111111111111111111111111111111@1111111111111111111111111111a1111111111111111111a111111111
46225,harshil,1
46226,harshil,1
46227,harshil,1
46228,harshil,111111111111111111111111111111111111111111@1111111111111111111111111111a1111111111111111111a111111111
46229,harshil,111
46230,harshil,111111111111111111111111111111111111111111@1111111111111111111111111111a1111111111111111111a111111111
46231,harshil,1
46232,harshil,1
46233,harshil,1
46234,harshil,111111111111111111111111111111111111111111@1111111111111111111111111111a1111111111111111111a111111111
46235,harshil,111
46236,harshil,111111111111111111111111111111111111111111@1111111111111111111111111111a1111111111111111111a111111111
46237,harshil,1
46238,harshil,1
46239,harshil,1
46240,harshil,111111111111111111111111111111111111111111@1111111111111111111111111111a1111111111111111111a111111111
46241,harshil,111
46242,harshil,111111111111111111111111111111111111111111@1111111111111111111111111111a1111111111111111111a111111111
46243,harshil,1
46244,harshil,1
46245,harshil,1
46246,harshil,111111111111111111111111111111111111111111@1111111111111111111111111111a1111111111111111111a111111111
46247,harshil,111
46248,harshil,111111111111111111111111111111111111111111@1111111111111111111111111111a1111111111111111111a111111111
46249,harshil,1
46250,harshil,1
46251,harshil,1
46252,harshil,111111111111111111111111111111111111111111@1111111111111111111111111111a1111111111111111111a111111111
46253,harshil,111
46254,harshil,111111111111111111111111111111111111111111@1111111111111111111111111111a1111111111111111111a111111111
46255,harshil,1
46256,harshil,1
46257,harshil,1
46258,harshil,111111111111111111111111111111111111111111@1111111111111111111111111111a1111111111111111111a111111111
46259,harshil,111
46260,harshil,111111111111111111111111111111111111111111@1111111111111111111111111111a1111111111111111111a111111111
46261,harshil,1
46262,harshil,1
46263,harshil,1
46264,harshil,111111111111111111111111111111111111111111@1111111111111111111111111111a1111111111111111111a111111111
46265,harshil,111
46266,harshil,111111111111111111111111111111111111111111@1111111111111111111111111111a1111111111111111111a111111111
46267,harshil,1
46268,harshil,1
46269,harshil,1
46270,harshil,111111111111111111111111111111111111111111@1111111111111111111111111111a1111111111111111111a111111111
46271,harshil,111
46272,harshil,111111111111111111111111111111111111111111@1111111111111111111111111111a1111111111111111111a111111111
46273,harshil,1
46274,harshil,1
46275,harshil,1
46276,harshil,111111111111111111111111111111111111111111@1111111111111111111111111111a1111111111111111111a111111111
46277,harshil,111
46278,harshil,111111111111111111111111111111111111111111@1111111111111111111111111111a1111111111111111111a111111111
46279,harshil,1
46280,harshil,1
46281,harshil,1
46282,harshil,111111111111111111111111111111111111111111@1111111111111111111111111111a1111111111111111111a111111111
46283,harshil,111
46284,harshil,111111111111111111111111111111111111111111@1111111111111111111111111111a1111111111111111111a111111111
46285,harshil,1
46286,harshil,1
46287,harshil,1
46288,harshil,111111111111111111111111111111111111111111@1111111111111111111111111111a1111111111111111111a111111111
46289,harshil,111
46290,harshil,111111111111111111111111111111111111111111@1111111111111111111111111111a1111111111111111111a111111111
46291,harshil,1
46292,harshil,1
46293,harshil,1
46294,harshil,111111111111111111111111111111111111111111@1111111111111111111111111111a1111111111111111111a111111111
46295,harshil,111
46296,harshil,111111111111111111111111111111111111111111@1111111111111111111111111111a1111111111111111111a111111111
46297,harshil,1
46298,harshil,1
46299,harshil,1
46300,harshil,111111111111111111111111111111111111111111@1111111111111111111111111111a1111111111111111111a111111111
46301,harshil,111
46302,harshil,111111111111111111111111111111111111111111@1111111111111111111111111111a1111111111111111111a111111111
46303,harshil,1
46304,harshil,1
46305,harshil,1
46306,harshil,111111111111111111111111111111111111111111@1111111111111111111111111111a1111111111111111111a111111111
46307,harshil,111
46308,harshil,111111111111111111111111111111111111111111@1111111111111111111111111111a1111111111111111111a111111111
46309,harshil,1
46310,harshil,1
46311,harshil,1
46312,harshil,111111111111111111111111111111111111111111@1111111111111111111111111111a1111111111111111111a111111111
46313,harshil,111
46314,harshil,111111111111111111111111111111111111111111@1111111111111111111111111111a1111111111111111111a111111111
46315,harshil,1
46316,harshil,1
46317,harshil,1
46318,harshil,111111111111111111111111111111111111111111@1111111111111111111111111111a1111111111111111111a111111111
46319,harshil,111
46320,harshil,111111111111111111111111111111111111111111@1111111111111111111111111111a1111111111111111111a111111111
46321,harshil,1
46322,harshil,1
46323,harshil,1
46324,harshil,111111111111111111111111111111111111111111@1111111111111111111111111111a1111111111111111111a111111111
46325,harshil,111
46326,harshil,111111111111111111111111111111111111111111@1111111111111111111111111111a1111111111111111111a111111111
46327,harshil,1
46328,harshil,1
46329,harshil,1
46330,harshil,111111111111111111111111111111111111111111@1111111111111111111111111111a1111111111111111111a111111111
46331,harshil,111
46332,harshil,111111111111111111111111111111111111111111@1111111111111111111111111111a1111111111111111111a111111111
46333,harshil,1
46334,harshil,1
46335,harshil,1
46336,harshil,111111111111111111111111111111111111111111@1111111111111111111111111111a1111111111111111111a111111111
46337,harshil,111
46338,harshil,111111111111111111111111111111111111111111@1111111111111111111111111111a1111111111111111111a111111111
46339,harshil,1
46340,harshil,1
46341,harshil,1
46342,harshil,111111111111111111111111111111111111111111@1111111111111111111111111111a1111111111111111111a111111111
46343,harshil,111
46344,harshil,111111111111111111111111111111111111111111@1111111111111111111111111111a1111111111111111111a111111111
46345,harshil,1
46346,harshil,1
46347,harshil,1
46348,harshil,111111111111111111111111111111111111111111@1111111111111111111111111111a1111111111111111111a111111111
46349,harshil,111
46350,harshil,111111111111111111111111111111111111111111@1111111111111111111111111111a1111111111111111111a111111111
46351,harshil,1
46352,harshil,1
46353,harshil,1
46354,harshil,111111111111111111111111111111111111111111@1111111111111111111111111111a1111111111111111111a111111111
46355,harshil,111
46356,harshil,111111111111111111111111111111111111111111@1111111111111111111111111111a1111111111111111111a111111111
46357,harshil,1
46358,harshil,1
46359,harshil,1
46360,harshil,111111111111111111111111111111111111111111@1111111111111111111111111111a1111111111111111111a111111111
46361,harshil,111
46362,harshil,111111111111111111111111111111111111111111@1111111111111111111111111111a1111111111111111111a111111111
46363,harshil,1
46364,harshil,1
46365,harshil,1
46366,harshil,111111111111111111111111111111111111111111@1111111111111111111111111111a1111111111111111111a111111111
46367,harshil,111
46368,harshil,111111111111111111111111111111111111111111@1111111111111111111111111111a1111111111111111111a111111111
46369,harshil,1
46370,harshil,1
46371,harshil,1
46372,harshil,111111111111111111111111111111111111111111@1111111111111111111111111111a1111111111111111111a111111111
46373,harshil,111
46374,harshil,111111111111111111111111111111111111111111@1111111111111111111111111111a1111111111111111111a111111111
46375,harshil,1
46376,harshil,1
46377,harshil,1
46378,harshil,111111111111111111111111111111111111111111@1111111111111111111111111111a1111111111111111111a111111111
46379,harshil,111
46380,harshil,111111111111111111111111111111111111111111@1111111111111111111111111111a1111111111111111111a111111111
46381,harshil,1
46382,harshil,1
46383,harshil,1
46384,harshil,111111111111111111111111111111111111111111@1111111111111111111111111111a1111111111111111111a111111111
46385,harshil,111
46386,harshil,111111111111111111111111111111111111111111@1111111111111111111111111111a1111111111111111111a111111111
46387,harshil,1
46388,harshil,1
46389,harshil,1
46390,harshil,111111111111111111111111111111111111111111@1111111111111111111111111111a1111111111111111111a111111111
46391,harshil,111
46392,harshil,111111111111111111111111111111111111111111@1111111111111111111111111111a1111111111111111111a111111111
46393,harshil,1
46394,harshil,1
46395,harshil,1
46396,harshil,111111111111111111111111111111111111111111@1111111111111111111111111111a1111111111111111111a111111111
46397,harshil,111
46398,harshil,111111111111111111111111111111111111111111@1111111111111111111111111111a1111111111111111111a111111111
46399,harshil,1
46400,harshil,1
46401,harshil,1
46402,harshil,111111111111111111111111111111111111111111@1111111111111111111111111111a1111111111111111111a111111111
46403,harshil,111
46404,harshil,111111111111111111111111111111111111111111@1111111111111111111111111111a1111111111111111111a111111111
46405,harshil,1
46406,harshil,1
46407,harshil,1
46408,harshil,111111111111111111111111111111111111111111@1111111111111111111111111111a1111111111111111111a111111111
46409,harshil,111
46410,harshil,111111111111111111111111111111111111111111@1111111111111111111111111111a1111111111111111111a111111111
46411,harshil,1
46412,harshil,1
46413,harshil,1
46414,harshil,111111111111111111111111111111111111111111@1111111111111111111111111111a1111111111111111111a111111111
46415,harshil,111
46416,harshil,111111111111111111111111111111111111111111@1111111111111111111111111111a1111111111111111111a111111111
46417,harshil,1
46418,harshil,1
46419,harshil,1
46420,harshil,111111111111111111111111111111111111111111@1111111111111111111111111111a1111111111111111111a111111111
46421,harshil,111
46422,harshil,111111111111111111111111111111111111111111@1111111111111111111111111111a1111111111111111111a111111111
46423,harshil,1
46424,harshil,1
46425,harshil,1
46426,harshil,111111111111111111111111111111111111111111@1111111111111111111111111111a1111111111111111111a111111111
46427,harshil,111
46428,harshil,111111111111111111111111111111111111111111@1111111111111111111111111111a1111111111111111111a111111111
46429,harshil,1
46430,harshil,1
46431,harshil,1
46432,harshil,111111111111111111111111111111111111111111@1111111111111111111111111111a1111111111111111111a111111111
46433,harshil,111
46434,harshil,111111111111111111111111111111111111111111@1111111111111111111111111111a1111111111111111111a111111111
46435,harshil,1
46436,harshil,1
46437,harshil,1
46438,harshil,111111111111111111111111111111111111111111@1111111111111111111111111111a1111111111111111111a111111111
46439,harshil,111
46440,harshil,111111111111111111111111111111111111111111@1111111111111111111111111111a1111111111111111111a111111111
46441,harshil,1
46442,harshil,1
46443,harshil,1
46444,harshil,111111111111111111111111111111111111111111@1111111111111111111111111111a1111111111111111111a111111111
46445,harshil,111
46446,harshil,111111111111111111111111111111111111111111@1111111111111111111111111111a1111111111111111111a111111111
46447,harshil,1
46448,harshil,1
46449,harshil,1
46450,harshil,111111111111111111111111111111111111111111@1111111111111111111111111111a1111111111111111111a111111111
46451,harshil,111
46452,harshil,111111111111111111111111111111111111111111@1111111111111111111111111111a1111111111111111111a111111111
46453,harshil,1
46454,harshil,1
46455,harshil,1
46456,harshil,111111111111111111111111111111111111111111@1111111111111111111111111111a1111111111111111111a111111111
46457,harshil,111
46458,harshil,111111111111111111111111111111111111111111@1111111111111111111111111111a1111111111111111111a111111111
46459,harshil,1
46460,harshil,1
46461,harshil,1
46462,harshil,111111111111111111111111111111111111111111@1111111111111111111111111111a1111111111111111111a111111111
46463,harshil,111
46464,harshil,111111111111111111111111111111111111111111@1111111111111111111111111111a1111111111111111111a111111111
46465,harshil,1
46466,harshil,1
46467,harshil,1
46468,harshil,111111111111111111111111111111111111111111@1111111111111111111111111111a1111111111111111111a111111111
46469,harshil,111
46470,harshil,111111111111111111111111111111111111111111@1111111111111111111111111111a1111111111111111111a111111111
46471,harshil,1
46472,harshil,1
46473,harshil,1
46474,harshil,111111111111111111111111111111111111111111@1111111111111111111111111111a1111111111111111111a111111111
46475,harshil,111
46476,harshil,111111111111111111111111111111111111111111@1111111111111111111111111111a1111111111111111111a111111111
46477,harshil,1
46478,harshil,1
46479,harshil,1
46480,harshil,111111111111111111111111111111111111111111@1111111111111111111111111111a1111111111111111111a111111111
46481,harshil,111
46482,harshil,111111111111111111111111111111111111111111@1111111111111111111111111111a1111111111111111111a111111111
46483,harshil,1
46484,harshil,1
46485,harshil,1
46486,harshil,111111111111111111111111111111111111111111@1111111111111111111111111111a1111111111111111111a111111111
46487,harshil,111
46488,harshil,111111111111111111111111111111111111111111@1111111111111111111111111111a1111111111111111111a111111111
46489,harshil,1
46490,harshil,1
46491,harshil,1
46492,harshil,111111111111111111111111111111111111111111@1111111111111111111111111111a1111111111111111111a111111111
46493,harshil,111
46494,harshil,111111111111111111111111111111111111111111@1111111111111111111111111111a1111111111111111111a111111111
46495,harshil,1
46496,harshil,1
46497,harshil,1
46498,harshil,111111111111111111111111111111111111111111@1111111111111111111111111111a1111111111111111111a111111111
46499,harshil,111
46500,harshil,111111111111111111111111111111111111111111@1111111111111111111111111111a1111111111111111111a111111111
46501,harshil,1
46502,harshil,1
46503,harshil,1
46504,harshil,111111111111111111111111111111111111111111@1111111111111111111111111111a1111111111111111111a111111111
46505,harshil,111
46506,harshil,111111111111111111111111111111111111111111@1111111111111111111111111111a1111111111111111111a111111111
46507,harshil,1
46508,harshil,1
46509,harshil,1
46510,harshil,111111111111111111111111111111111111111111@1111111111111111111111111111a1111111111111111111a111111111
46511,harshil,111
46512,harshil,111111111111111111111111111111111111111111@1111111111111111111111111111a1111111111111111111a111111111
46513,harshil,1
46514,harshil,1
46515,harshil,1
46516,harshil,111111111111111111111111111111111111111111@1111111111111111111111111111a1111111111111111111a111111111
46517,harshil,111
46518,harshil,111111111111111111111111111111111111111111@1111111111111111111111111111a1111111111111111111a111111111
46519,harshil,1
46520,harshil,1
46521,harshil,1
46522,harshil,111111111111111111111111111111111111111111@1111111111111111111111111111a1111111111111111111a111111111
46523,harshil,111
46524,harshil,111111111111111111111111111111111111111111@1111111111111111111111111111a1111111111111111111a111111111
46525,harshil,1
46526,harshil,1
46527,harshil,1
46528,harshil,111111111111111111111111111111111111111111@1111111111111111111111111111a1111111111111111111a111111111
46529,harshil,111
46530,harshil,111111111111111111111111111111111111111111@1111111111111111111111111111a1111111111111111111a111111111
46531,harshil,1
46532,harshil,1
46533,harshil,1
46534,harshil,111111111111111111111111111111111111111111@1111111111111111111111111111a1111111111111111111a111111111
46535,harshil,111
46536,harshil,111111111111111111111111111111111111111111@1111111111111111111111111111a1111111111111111111a111111111
46537,harshil,1
46538,harshil,1
46539,harshil,1
46540,harshil,111111111111111111111111111111111111111111@1111111111111111111111111111a1111111111111111111a111111111
46541,harshil,111
46542,harshil,111111111111111111111111111111111111111111@1111111111111111111111111111a1111111111111111111a111111111
46543,harshil,1
46544,harshil,1
46545,harshil,1
46546,harshil,111111111111111111111111111111111111111111@1111111111111111111111111111a1111111111111111111a111111111
46547,harshil,111
46548,harshil,111111111111111111111111111111111111111111@1111111111111111111111111111a1111111111111111111a111111111
46549,harshil,1
46550,harshil,1
46551,harshil,1
46552,harshil,111111111111111111111111111111111111111111@1111111111111111111111111111a1111111111111111111a111111111
46553,harshil,111
46554,harshil,111111111111111111111111111111111111111111@1111111111111111111111111111a1111111111111111111a111111111
46555,harshil,1
46556,harshil,1
46557,harshil,1
46558,harshil,111111111111111111111111111111111111111111@1111111111111111111111111111a1111111111111111111a111111111
46559,harshil,111
46560,harshil,111111111111111111111111111111111111111111@1111111111111111111111111111a1111111111111111111a111111111
46561,harshil,1
46562,harshil,1
46563,harshil,1
46564,harshil,111111111111111111111111111111111111111111@1111111111111111111111111111a1111111111111111111a111111111
46565,harshil,111
46566,harshil,111111111111111111111111111111111111111111@1111111111111111111111111111a1111111111111111111a111111111
46567,harshil,1
46568,harshil,1
46569,harshil,1
46570,harshil,111111111111111111111111111111111111111111@1111111111111111111111111111a1111111111111111111a111111111
46571,harshil,111
46572,harshil,111111111111111111111111111111111111111111@1111111111111111111111111111a1111111111111111111a111111111
46573,harshil,1
46574,harshil,1
46575,harshil,1
46576,harshil,111111111111111111111111111111111111111111@1111111111111111111111111111a1111111111111111111a111111111
46577,harshil,111
46578,harshil,111111111111111111111111111111111111111111@1111111111111111111111111111a1111111111111111111a111111111
46579,harshil,1
46580,harshil,1
46581,harshil,1
46582,harshil,111111111111111111111111111111111111111111@1111111111111111111111111111a1111111111111111111a111111111
46583,harshil,111
46584,harshil,111111111111111111111111111111111111111111@1111111111111111111111111111a1111111111111111111a111111111
46585,harshil,1
46586,harshil,1
46587,harshil,1
46588,harshil,111111111111111111111111111111111111111111@1111111111111111111111111111a1111111111111111111a111111111
46589,harshil,111
46590,harshil,111111111111111111111111111111111111111111@1111111111111111111111111111a1111111111111111111a111111111
46591,harshil,1
46592,harshil,1
46593,harshil,1
46594,harshil,111111111111111111111111111111111111111111@1111111111111111111111111111a1111111111111111111a111111111
46595,harshil,111
46596,harshil,111111111111111111111111111111111111111111@1111111111111111111111111111a1111111111111111111a111111111
46597,harshil,1
46598,harshil,1
46599,harshil,1
46600,harshil,111111111111111111111111111111111111111111@1111111111111111111111111111a1111111111111111111a111111111
46601,harshil,111
46602,harshil,111111111111111111111111111111111111111111@1111111111111111111111111111a1111111111111111111a111111111
46603,harshil,1
46604,harshil,1
46605,harshil,1
46606,harshil,111111111111111111111111111111111111111111@1111111111111111111111111111a1111111111111111111a111111111
46607,harshil,111
46608,harshil,111111111111111111111111111111111111111111@1111111111111111111111111111a1111111111111111111a111111111
46609,harshil,1
46610,harshil,1
46611,harshil,1
46612,harshil,111111111111111111111111111111111111111111@1111111111111111111111111111a1111111111111111111a111111111
46613,harshil,111
46614,harshil,111111111111111111111111111111111111111111@1111111111111111111111111111a1111111111111111111a111111111
46615,harshil,1
46616,harshil,1
46617,harshil,1
46618,harshil,111111111111111111111111111111111111111111@1111111111111111111111111111a1111111111111111111a111111111
46619,harshil,111
46620,harshil,111111111111111111111111111111111111111111@1111111111111111111111111111a1111111111111111111a111111111
46621,harshil,1
46622,harshil,1
46623,harshil,1
46624,harshil,111111111111111111111111111111111111111111@1111111111111111111111111111a1111111111111111111a111111111
46625,harshil,111
46626,harshil,111111111111111111111111111111111111111111@1111111111111111111111111111a1111111111111111111a111111111
46627,harshil,1
46628,harshil,1
46629,harshil,1
46630,harshil,111111111111111111111111111111111111111111@1111111111111111111111111111a1111111111111111111a111111111
46631,harshil,111
46632,harshil,111111111111111111111111111111111111111111@1111111111111111111111111111a1111111111111111111a111111111
46633,harshil,1
46634,harshil,1
46635,harshil,1
46636,harshil,111111111111111111111111111111111111111111@1111111111111111111111111111a1111111111111111111a111111111
46637,harshil,111
46638,harshil,111111111111111111111111111111111111111111@1111111111111111111111111111a1111111111111111111a111111111
46639,harshil,1
46640,harshil,1
46641,harshil,1
46642,harshil,111111111111111111111111111111111111111111@1111111111111111111111111111a1111111111111111111a111111111
46643,harshil,111
46644,harshil,111111111111111111111111111111111111111111@1111111111111111111111111111a1111111111111111111a111111111
46645,harshil,1
46646,harshil,1
46647,harshil,1
46648,harshil,111111111111111111111111111111111111111111@1111111111111111111111111111a1111111111111111111a111111111
46649,harshil,111
46650,harshil,111111111111111111111111111111111111111111@1111111111111111111111111111a1111111111111111111a111111111
46651,harshil,1
46652,harshil,1
46653,harshil,1
46654,harshil,111111111111111111111111111111111111111111@1111111111111111111111111111a1111111111111111111a111111111
46655,harshil,111
46656,harshil,111111111111111111111111111111111111111111@1111111111111111111111111111a1111111111111111111a111111111
46657,harshil,1
46658,harshil,1
46659,harshil,1
46660,harshil,111111111111111111111111111111111111111111@1111111111111111111111111111a1111111111111111111a111111111
46661,harshil,111
46662,harshil,111111111111111111111111111111111111111111@1111111111111111111111111111a1111111111111111111a111111111
46663,harshil,1
46664,harshil,1
46665,harshil,1
46666,harshil,111111111111111111111111111111111111111111@1111111111111111111111111111a1111111111111111111a111111111
46667,harshil,111
46668,harshil,111111111111111111111111111111111111111111@1111111111111111111111111111a1111111111111111111a111111111
46669,harshil,1
46670,harshil,1
46671,harshil,1
46672,harshil,111111111111111111111111111111111111111111@1111111111111111111111111111a1111111111111111111a111111111
46673,harshil,111
46674,harshil,111111111111111111111111111111111111111111@1111111111111111111111111111a1111111111111111111a111111111
46675,harshil,1
46676,harshil,1
46677,harshil,1
46678,harshil,111111111111111111111111111111111111111111@1111111111111111111111111111a1111111111111111111a111111111
46679,harshil,111
46680,harshil,111111111111111111111111111111111111111111@1111111111111111111111111111a1111111111111111111a111111111
46681,harshil,1
46682,harshil,1
46683,harshil,1
46684,harshil,111111111111111111111111111111111111111111@1111111111111111111111111111a1111111111111111111a111111111
46685,harshil,111
46686,harshil,111111111111111111111111111111111111111111@1111111111111111111111111111a1111111111111111111a111111111
46687,harshil,1
46688,harshil,1
46689,harshil,1
46690,harshil,111111111111111111111111111111111111111111@1111111111111111111111111111a1111111111111111111a111111111
46691,harshil,111
46692,harshil,111111111111111111111111111111111111111111@1111111111111111111111111111a1111111111111111111a111111111
46693,harshil,1
46694,harshil,1
46695,harshil,1
46696,harshil,111111111111111111111111111111111111111111@1111111111111111111111111111a1111111111111111111a111111111
46697,harshil,111
46698,harshil,111111111111111111111111111111111111111111@1111111111111111111111111111a1111111111111111111a111111111
46699,harshil,1
46700,harshil,1
46701,harshil,1
46702,harshil,111111111111111111111111111111111111111111@1111111111111111111111111111a1111111111111111111a111111111
46703,harshil,111
46704,harshil,111111111111111111111111111111111111111111@1111111111111111111111111111a1111111111111111111a111111111
46705,harshil,1
46706,harshil,1
46707,harshil,1
46708,harshil,111111111111111111111111111111111111111111@1111111111111111111111111111a1111111111111111111a111111111
46709,harshil,111
46710,harshil,111111111111111111111111111111111111111111@1111111111111111111111111111a1111111111111111111a111111111
46711,harshil,1
46712,harshil,1
46713,harshil,1
46714,harshil,111111111111111111111111111111111111111111@1111111111111111111111111111a1111111111111111111a111111111
46715,harshil,111
46716,harshil,111111111111111111111111111111111111111111@1111111111111111111111111111a1111111111111111111a111111111
46717,harshil,1
46718,harshil,1
46719,harshil,1
46720,harshil,111111111111111111111111111111111111111111@1111111111111111111111111111a1111111111111111111a111111111
46721,harshil,111
46722,harshil,111111111111111111111111111111111111111111@1111111111111111111111111111a1111111111111111111a111111111
46723,harshil,1
46724,harshil,1
46725,harshil,1
46726,harshil,111111111111111111111111111111111111111111@1111111111111111111111111111a1111111111111111111a111111111
46727,harshil,111
46728,harshil,111111111111111111111111111111111111111111@1111111111111111111111111111a1111111111111111111a111111111
46729,harshil,1
46730,harshil,1
46731,harshil,1
46732,harshil,111111111111111111111111111111111111111111@1111111111111111111111111111a1111111111111111111a111111111
46733,harshil,111
46734,harshil,111111111111111111111111111111111111111111@1111111111111111111111111111a1111111111111111111a111111111
46735,harshil,1
46736,harshil,1
46737,harshil,1
46738,harshil,111111111111111111111111111111111111111111@1111111111111111111111111111a1111111111111111111a111111111
46739,harshil,111
46740,harshil,111111111111111111111111111111111111111111@1111111111111111111111111111a1111111111111111111a111111111
46741,harshil,1
46742,harshil,1
46743,harshil,1
46744,harshil,111111111111111111111111111111111111111111@1111111111111111111111111111a1111111111111111111a111111111
46745,harshil,111
46746,harshil,111111111111111111111111111111111111111111@1111111111111111111111111111a1111111111111111111a111111111
46747,harshil,1
46748,harshil,1
46749,harshil,1
46750,harshil,111111111111111111111111111111111111111111@1111111111111111111111111111a1111111111111111111a111111111
46751,harshil,111
46752,harshil,111111111111111111111111111111111111111111@1111111111111111111111111111a1111111111111111111a111111111
46753,harshil,1
46754,harshil,1
46755,harshil,1
46756,harshil,111111111111111111111111111111111111111111@1111111111111111111111111111a1111111111111111111a111111111
46757,harshil,111
46758,harshil,111111111111111111111111111111111111111111@1111111111111111111111111111a1111111111111111111a111111111
46759,harshil,1
46760,harshil,1
46761,harshil,1
46762,harshil,111111111111111111111111111111111111111111@1111111111111111111111111111a1111111111111111111a111111111
46763,harshil,111
46764,harshil,111111111111111111111111111111111111111111@1111111111111111111111111111a1111111111111111111a111111111
46765,harshil,1
46766,harshil,1
46767,harshil,1
46768,harshil,111111111111111111111111111111111111111111@1111111111111111111111111111a1111111111111111111a111111111
46769,harshil,111
46770,harshil,111111111111111111111111111111111111111111@1111111111111111111111111111a1111111111111111111a111111111
46771,harshil,1
46772,harshil,1
46773,harshil,1
46774,harshil,111111111111111111111111111111111111111111@1111111111111111111111111111a1111111111111111111a111111111
46775,harshil,111
46776,harshil,111111111111111111111111111111111111111111@1111111111111111111111111111a1111111111111111111a111111111
46777,harshil,1
46778,harshil,1
46779,harshil,1
46780,harshil,111111111111111111111111111111111111111111@1111111111111111111111111111a1111111111111111111a111111111
46781,harshil,111
46782,harshil,111111111111111111111111111111111111111111@1111111111111111111111111111a1111111111111111111a111111111
46783,harshil,1
46784,harshil,1
46785,harshil,1
46786,harshil,111111111111111111111111111111111111111111@1111111111111111111111111111a1111111111111111111a111111111
46787,harshil,111
46788,harshil,111111111111111111111111111111111111111111@1111111111111111111111111111a1111111111111111111a111111111
46789,harshil,1
46790,harshil,1
46791,harshil,1
46792,harshil,111111111111111111111111111111111111111111@1111111111111111111111111111a1111111111111111111a111111111
46793,harshil,111
46794,harshil,111111111111111111111111111111111111111111@1111111111111111111111111111a1111111111111111111a111111111
46795,harshil,1
46796,harshil,1
46797,harshil,1
46798,harshil,111111111111111111111111111111111111111111@1111111111111111111111111111a1111111111111111111a111111111
46799,harshil,111
46800,harshil,111111111111111111111111111111111111111111@1111111111111111111111111111a1111111111111111111a111111111
46801,harshil,1
46802,harshil,1
46803,harshil,1
46804,harshil,111111111111111111111111111111111111111111@1111111111111111111111111111a1111111111111111111a111111111
46805,harshil,111
46806,harshil,111111111111111111111111111111111111111111@1111111111111111111111111111a1111111111111111111a111111111
46807,harshil,1
46808,harshil,1
46809,harshil,1
46810,harshil,111111111111111111111111111111111111111111@1111111111111111111111111111a1111111111111111111a111111111
46811,harshil,111
46812,harshil,111111111111111111111111111111111111111111@1111111111111111111111111111a1111111111111111111a111111111
46813,harshil,1
46814,harshil,1
46815,harshil,1
46816,harshil,111111111111111111111111111111111111111111@1111111111111111111111111111a1111111111111111111a111111111
46817,harshil,111
46818,harshil,111111111111111111111111111111111111111111@1111111111111111111111111111a1111111111111111111a111111111
46819,harshil,1
46820,harshil,1
46821,harshil,1
46822,harshil,111111111111111111111111111111111111111111@1111111111111111111111111111a1111111111111111111a111111111
46823,harshil,111
46824,harshil,111111111111111111111111111111111111111111@1111111111111111111111111111a1111111111111111111a111111111
46825,harshil,1
46826,harshil,1
46827,harshil,1
46828,harshil,111111111111111111111111111111111111111111@1111111111111111111111111111a1111111111111111111a111111111
46829,harshil,111
46830,harshil,111111111111111111111111111111111111111111@1111111111111111111111111111a1111111111111111111a111111111
46831,harshil,1
46832,harshil,1
46833,harshil,1
46834,harshil,111111111111111111111111111111111111111111@1111111111111111111111111111a1111111111111111111a111111111
46835,harshil,111
46836,harshil,111111111111111111111111111111111111111111@1111111111111111111111111111a1111111111111111111a111111111
46837,harshil,1
46838,harshil,1
46839,harshil,1
46840,harshil,111111111111111111111111111111111111111111@1111111111111111111111111111a1111111111111111111a111111111
46841,harshil,111
46842,harshil,111111111111111111111111111111111111111111@1111111111111111111111111111a1111111111111111111a111111111
46843,harshil,1
46844,harshil,1
46845,harshil,1
46846,harshil,111111111111111111111111111111111111111111@1111111111111111111111111111a1111111111111111111a111111111
46847,harshil,111
46848,harshil,111111111111111111111111111111111111111111@1111111111111111111111111111a1111111111111111111a111111111
46849,harshil,1
46850,harshil,1
46851,harshil,1
46852,harshil,111111111111111111111111111111111111111111@1111111111111111111111111111a1111111111111111111a111111111
46853,harshil,111
46854,harshil,111111111111111111111111111111111111111111@1111111111111111111111111111a1111111111111111111a111111111
46855,harshil,1
46856,harshil,1
46857,harshil,1
46858,harshil,111111111111111111111111111111111111111111@1111111111111111111111111111a1111111111111111111a111111111
46859,harshil,111
46860,harshil,111111111111111111111111111111111111111111@1111111111111111111111111111a1111111111111111111a111111111
46861,harshil,1
46862,harshil,1
46863,harshil,1
46864,harshil,111111111111111111111111111111111111111111@1111111111111111111111111111a1111111111111111111a111111111
46865,harshil,111
46866,harshil,111111111111111111111111111111111111111111@1111111111111111111111111111a1111111111111111111a111111111
46867,harshil,1
46868,harshil,1
46869,harshil,1
46870,harshil,111111111111111111111111111111111111111111@1111111111111111111111111111a1111111111111111111a111111111
46871,harshil,111
46872,harshil,111111111111111111111111111111111111111111@1111111111111111111111111111a1111111111111111111a111111111
46873,harshil,1
46874,harshil,1
46875,harshil,1
46876,harshil,111111111111111111111111111111111111111111@1111111111111111111111111111a1111111111111111111a111111111
46877,harshil,111
46878,harshil,111111111111111111111111111111111111111111@1111111111111111111111111111a1111111111111111111a111111111
46879,harshil,1
46880,harshil,1
46881,harshil,1
46882,harshil,111111111111111111111111111111111111111111@1111111111111111111111111111a1111111111111111111a111111111
46883,harshil,111
46884,harshil,111111111111111111111111111111111111111111@1111111111111111111111111111a1111111111111111111a111111111
46885,harshil,1
46886,harshil,1
46887,harshil,1
46888,harshil,111111111111111111111111111111111111111111@1111111111111111111111111111a1111111111111111111a111111111
46889,harshil,111
46890,harshil,111111111111111111111111111111111111111111@1111111111111111111111111111a1111111111111111111a111111111
46891,harshil,1
46892,harshil,1
46893,harshil,1
46894,harshil,111111111111111111111111111111111111111111@1111111111111111111111111111a1111111111111111111a111111111
46895,harshil,111
46896,harshil,111111111111111111111111111111111111111111@1111111111111111111111111111a1111111111111111111a111111111
46897,harshil,1
46898,harshil,1
46899,harshil,1
46900,harshil,111111111111111111111111111111111111111111@1111111111111111111111111111a1111111111111111111a111111111
46901,harshil,111
46902,harshil,111111111111111111111111111111111111111111@1111111111111111111111111111a1111111111111111111a111111111
46903,harshil,1
46904,harshil,1
46905,harshil,1
46906,harshil,111111111111111111111111111111111111111111@1111111111111111111111111111a1111111111111111111a111111111
46907,harshil,111
46908,harshil,111111111111111111111111111111111111111111@1111111111111111111111111111a1111111111111111111a111111111
46909,harshil,1
46910,harshil,1
46911,harshil,1
46912,harshil,111111111111111111111111111111111111111111@1111111111111111111111111111a1111111111111111111a111111111
46913,harshil,111
46914,harshil,111111111111111111111111111111111111111111@1111111111111111111111111111a1111111111111111111a111111111
46915,harshil,1
46916,harshil,1
46917,harshil,1
46918,harshil,111111111111111111111111111111111111111111@1111111111111111111111111111a1111111111111111111a111111111
46919,harshil,111
46920,harshil,111111111111111111111111111111111111111111@1111111111111111111111111111a1111111111111111111a111111111
46921,harshil,1
46922,harshil,1
46923,harshil,1
46924,harshil,111111111111111111111111111111111111111111@1111111111111111111111111111a1111111111111111111a111111111
46925,harshil,111
46926,harshil,111111111111111111111111111111111111111111@1111111111111111111111111111a1111111111111111111a111111111
46927,harshil,1
46928,harshil,1
46929,harshil,1
46930,harshil,111111111111111111111111111111111111111111@1111111111111111111111111111a1111111111111111111a111111111
46931,harshil,111
46932,harshil,111111111111111111111111111111111111111111@1111111111111111111111111111a1111111111111111111a111111111
46933,harshil,1
46934,harshil,1
46935,harshil,1
46936,harshil,111111111111111111111111111111111111111111@1111111111111111111111111111a1111111111111111111a111111111
46937,harshil,111
46938,harshil,111111111111111111111111111111111111111111@1111111111111111111111111111a1111111111111111111a111111111
46939,harshil,1
46940,harshil,1
46941,harshil,1
46942,harshil,111111111111111111111111111111111111111111@1111111111111111111111111111a1111111111111111111a111111111
46943,harshil,111
46944,harshil,111111111111111111111111111111111111111111@1111111111111111111111111111a1111111111111111111a111111111
46945,harshil,1
46946,harshil,1
46947,harshil,1
46948,harshil,111111111111111111111111111111111111111111@1111111111111111111111111111a1111111111111111111a111111111
46949,harshil,111
46950,harshil,111111111111111111111111111111111111111111@1111111111111111111111111111a1111111111111111111a111111111
46951,harshil,1
46952,harshil,1
46953,harshil,1
46954,harshil,111111111111111111111111111111111111111111@1111111111111111111111111111a1111111111111111111a111111111
46955,harshil,111
46956,harshil,111111111111111111111111111111111111111111@1111111111111111111111111111a1111111111111111111a111111111
46957,harshil,1
46958,harshil,1
46959,harshil,1
46960,harshil,111111111111111111111111111111111111111111@1111111111111111111111111111a1111111111111111111a111111111
46961,harshil,111
46962,harshil,111111111111111111111111111111111111111111@1111111111111111111111111111a1111111111111111111a111111111
46963,harshil,1
46964,harshil,1
46965,harshil,1
46966,harshil,111111111111111111111111111111111111111111@1111111111111111111111111111a1111111111111111111a111111111
46967,harshil,111
46968,harshil,111111111111111111111111111111111111111111@1111111111111111111111111111a1111111111111111111a111111111
46969,harshil,1
46970,harshil,1
46971,harshil,1
46972,harshil,111111111111111111111111111111111111111111@1111111111111111111111111111a1111111111111111111a111111111
46973,harshil,111
46974,harshil,111111111111111111111111111111111111111111@1111111111111111111111111111a1111111111111111111a111111111
46975,harshil,1
46976,harshil,1
46977,harshil,1
46978,harshil,111111111111111111111111111111111111111111@1111111111111111111111111111a1111111111111111111a111111111
46979,harshil,111
46980,harshil,111111111111111111111111111111111111111111@1111111111111111111111111111a1111111111111111111a111111111
46981,harshil,1
46982,harshil,1
46983,harshil,1
46984,harshil,111111111111111111111111111111111111111111@1111111111111111111111111111a1111111111111111111a111111111
46985,harshil,111
46986,harshil,111111111111111111111111111111111111111111@1111111111111111111111111111a1111111111111111111a111111111
46987,harshil,1
46988,harshil,1
46989,harshil,1
46990,harshil,111111111111111111111111111111111111111111@1111111111111111111111111111a1111111111111111111a111111111
46991,harshil,111
46992,harshil,111111111111111111111111111111111111111111@1111111111111111111111111111a1111111111111111111a111111111
46993,harshil,1
46994,harshil,1
46995,harshil,1
46996,harshil,111111111111111111111111111111111111111111@1111111111111111111111111111a1111111111111111111a111111111
46997,harshil,111
46998,harshil,111111111111111111111111111111111111111111@1111111111111111111111111111a1111111111111111111a111111111
46999,harshil,1
47000,harshil,1
47001,harshil,1
47002,harshil,111111111111111111111111111111111111111111@1111111111111111111111111111a1111111111111111111a111111111
47003,harshil,111
47004,harshil,111111111111111111111111111111111111111111@1111111111111111111111111111a1111111111111111111a111111111
47005,harshil,1
47006,harshil,1
47007,harshil,1
47008,harshil,111111111111111111111111111111111111111111@1111111111111111111111111111a1111111111111111111a111111111
47009,harshil,111
47010,harshil,111111111111111111111111111111111111111111@1111111111111111111111111111a1111111111111111111a111111111
47011,harshil,1
47012,harshil,1
47013,harshil,1
47014,harshil,111111111111111111111111111111111111111111@1111111111111111111111111111a1111111111111111111a111111111
47015,harshil,111
47016,harshil,111111111111111111111111111111111111111111@1111111111111111111111111111a1111111111111111111a111111111
47017,harshil,1
47018,harshil,1
47019,harshil,1
47020,harshil,111111111111111111111111111111111111111111@1111111111111111111111111111a1111111111111111111a111111111
47021,harshil,111
47022,harshil,111111111111111111111111111111111111111111@1111111111111111111111111111a1111111111111111111a111111111
47023,harshil,1
47024,harshil,1
47025,harshil,1
47026,harshil,111111111111111111111111111111111111111111@1111111111111111111111111111a1111111111111111111a111111111
47027,harshil,111
47028,harshil,111111111111111111111111111111111111111111@1111111111111111111111111111a1111111111111111111a111111111
47029,harshil,1
47030,harshil,1
47031,harshil,1
47032,harshil,111111111111111111111111111111111111111111@1111111111111111111111111111a1111111111111111111a111111111
47033,harshil,111
47034,harshil,111111111111111111111111111111111111111111@1111111111111111111111111111a1111111111111111111a111111111
47035,harshil,1
47036,harshil,1
47037,harshil,1
47038,harshil,111111111111111111111111111111111111111111@1111111111111111111111111111a1111111111111111111a111111111
47039,harshil,111
47040,harshil,111111111111111111111111111111111111111111@1111111111111111111111111111a1111111111111111111a111111111
47041,harshil,1
47042,harshil,1
47043,harshil,1
47044,harshil,111111111111111111111111111111111111111111@1111111111111111111111111111a1111111111111111111a111111111
47045,harshil,111
47046,harshil,111111111111111111111111111111111111111111@1111111111111111111111111111a1111111111111111111a111111111
47047,harshil,1
47048,harshil,1
47049,harshil,1
47050,harshil,111111111111111111111111111111111111111111@1111111111111111111111111111a1111111111111111111a111111111
47051,harshil,111
47052,harshil,111111111111111111111111111111111111111111@1111111111111111111111111111a1111111111111111111a111111111
47053,harshil,1
47054,harshil,1
47055,harshil,1
47056,harshil,111111111111111111111111111111111111111111@1111111111111111111111111111a1111111111111111111a111111111
47057,harshil,111
47058,harshil,111111111111111111111111111111111111111111@1111111111111111111111111111a1111111111111111111a111111111
47059,harshil,1
47060,harshil,1
47061,harshil,1
47062,harshil,111111111111111111111111111111111111111111@1111111111111111111111111111a1111111111111111111a111111111
47063,harshil,111
47064,harshil,111111111111111111111111111111111111111111@1111111111111111111111111111a1111111111111111111a111111111
47065,harshil,1
47066,harshil,1
47067,harshil,1
47068,harshil,111111111111111111111111111111111111111111@1111111111111111111111111111a1111111111111111111a111111111
47069,harshil,111
47070,harshil,111111111111111111111111111111111111111111@1111111111111111111111111111a1111111111111111111a111111111
47071,harshil,1
47072,harshil,1
47073,harshil,1
47074,harshil,111111111111111111111111111111111111111111@1111111111111111111111111111a1111111111111111111a111111111
47075,harshil,111
47076,harshil,111111111111111111111111111111111111111111@1111111111111111111111111111a1111111111111111111a111111111
47077,harshil,1
47078,harshil,1
47079,harshil,1
47080,harshil,111111111111111111111111111111111111111111@1111111111111111111111111111a1111111111111111111a111111111
47081,harshil,111
47082,harshil,111111111111111111111111111111111111111111@1111111111111111111111111111a1111111111111111111a111111111
47083,harshil,1
47084,harshil,1
47085,harshil,1
47086,harshil,111111111111111111111111111111111111111111@1111111111111111111111111111a1111111111111111111a111111111
47087,harshil,111
47088,harshil,111111111111111111111111111111111111111111@1111111111111111111111111111a1111111111111111111a111111111
47089,harshil,1
47090,harshil,1
47091,harshil,1
47092,harshil,111111111111111111111111111111111111111111@1111111111111111111111111111a1111111111111111111a111111111
47093,harshil,111
47094,harshil,111111111111111111111111111111111111111111@1111111111111111111111111111a1111111111111111111a111111111
47095,harshil,1
47096,harshil,1
47097,harshil,1
47098,harshil,111111111111111111111111111111111111111111@1111111111111111111111111111a1111111111111111111a111111111
47099,harshil,111
47100,harshil,111111111111111111111111111111111111111111@1111111111111111111111111111a1111111111111111111a111111111
47101,harshil,1
47102,harshil,1
47103,harshil,1
47104,harshil,111111111111111111111111111111111111111111@1111111111111111111111111111a1111111111111111111a111111111
47105,harshil,111
47106,harshil,111111111111111111111111111111111111111111@1111111111111111111111111111a1111111111111111111a111111111
47107,harshil,1
47108,harshil,1
47109,harshil,1
47110,harshil,111111111111111111111111111111111111111111@1111111111111111111111111111a1111111111111111111a111111111
47111,harshil,111
47112,harshil,111111111111111111111111111111111111111111@1111111111111111111111111111a1111111111111111111a111111111
47113,harshil,1
47114,harshil,1
47115,harshil,1
47116,harshil,111111111111111111111111111111111111111111@1111111111111111111111111111a1111111111111111111a111111111
47117,harshil,111
47118,harshil,111111111111111111111111111111111111111111@1111111111111111111111111111a1111111111111111111a111111111
47119,harshil,1
47120,harshil,1
47121,harshil,1
47122,harshil,111111111111111111111111111111111111111111@1111111111111111111111111111a1111111111111111111a111111111
47123,harshil,111
47124,harshil,111111111111111111111111111111111111111111@1111111111111111111111111111a1111111111111111111a111111111
47125,harshil,1
47126,harshil,1
47127,harshil,1
47128,harshil,111111111111111111111111111111111111111111@1111111111111111111111111111a1111111111111111111a111111111
47129,harshil,111
47130,harshil,111111111111111111111111111111111111111111@1111111111111111111111111111a1111111111111111111a111111111
47131,harshil,1
47132,harshil,1
47133,harshil,1
47134,harshil,111111111111111111111111111111111111111111@1111111111111111111111111111a1111111111111111111a111111111
47135,harshil,111
47136,harshil,111111111111111111111111111111111111111111@1111111111111111111111111111a1111111111111111111a111111111
47137,harshil,1
47138,harshil,1
47139,harshil,1
47140,harshil,111111111111111111111111111111111111111111@1111111111111111111111111111a1111111111111111111a111111111
47141,harshil,111
47142,harshil,111111111111111111111111111111111111111111@1111111111111111111111111111a1111111111111111111a111111111
47143,harshil,1
47144,harshil,1
47145,harshil,1
47146,harshil,111111111111111111111111111111111111111111@1111111111111111111111111111a1111111111111111111a111111111
47147,harshil,111
47148,harshil,111111111111111111111111111111111111111111@1111111111111111111111111111a1111111111111111111a111111111
47149,harshil,1
47150,harshil,1
47151,harshil,1
47152,harshil,111111111111111111111111111111111111111111@1111111111111111111111111111a1111111111111111111a111111111
47153,harshil,111
47154,harshil,111111111111111111111111111111111111111111@1111111111111111111111111111a1111111111111111111a111111111
47155,harshil,1
47156,harshil,1
47157,harshil,1
47158,harshil,111111111111111111111111111111111111111111@1111111111111111111111111111a1111111111111111111a111111111
47159,harshil,111
47160,harshil,111111111111111111111111111111111111111111@1111111111111111111111111111a1111111111111111111a111111111
47161,harshil,1
47162,harshil,1
47163,harshil,1
47164,harshil,111111111111111111111111111111111111111111@1111111111111111111111111111a1111111111111111111a111111111
47165,harshil,111
47166,harshil,111111111111111111111111111111111111111111@1111111111111111111111111111a1111111111111111111a111111111
47167,harshil,1
47168,harshil,1
47169,harshil,1
47170,harshil,111111111111111111111111111111111111111111@1111111111111111111111111111a1111111111111111111a111111111
47171,harshil,111
47172,harshil,111111111111111111111111111111111111111111@1111111111111111111111111111a1111111111111111111a111111111
47173,harshil,1
47174,harshil,1
47175,harshil,1
47176,harshil,111111111111111111111111111111111111111111@1111111111111111111111111111a1111111111111111111a111111111
47177,harshil,111
47178,harshil,111111111111111111111111111111111111111111@1111111111111111111111111111a1111111111111111111a111111111
47179,harshil,1
47180,harshil,1
47181,harshil,1
47182,harshil,111111111111111111111111111111111111111111@1111111111111111111111111111a1111111111111111111a111111111
47183,harshil,111
47184,harshil,111111111111111111111111111111111111111111@1111111111111111111111111111a1111111111111111111a111111111
47185,harshil,1
47186,harshil,1
47187,harshil,1
47188,harshil,111111111111111111111111111111111111111111@1111111111111111111111111111a1111111111111111111a111111111
47189,harshil,111
47190,harshil,111111111111111111111111111111111111111111@1111111111111111111111111111a1111111111111111111a111111111
47191,harshil,1
47192,harshil,1
47193,harshil,1
47194,harshil,111111111111111111111111111111111111111111@1111111111111111111111111111a1111111111111111111a111111111
47195,harshil,111
47196,harshil,111111111111111111111111111111111111111111@1111111111111111111111111111a1111111111111111111a111111111
47197,harshil,1
47198,harshil,1
47199,harshil,1
47200,harshil,111111111111111111111111111111111111111111@1111111111111111111111111111a1111111111111111111a111111111
47201,harshil,111
47202,harshil,111111111111111111111111111111111111111111@1111111111111111111111111111a1111111111111111111a111111111
47203,harshil,1
47204,harshil,1
47205,harshil,1
47206,harshil,111111111111111111111111111111111111111111@1111111111111111111111111111a1111111111111111111a111111111
47207,harshil,111
47208,harshil,111111111111111111111111111111111111111111@1111111111111111111111111111a1111111111111111111a111111111
47209,harshil,1
47210,harshil,1
47211,harshil,1
47212,harshil,111111111111111111111111111111111111111111@1111111111111111111111111111a1111111111111111111a111111111
47213,harshil,111
47214,harshil,111111111111111111111111111111111111111111@1111111111111111111111111111a1111111111111111111a111111111
47215,harshil,1
47216,harshil,1
47217,harshil,1
47218,harshil,111111111111111111111111111111111111111111@1111111111111111111111111111a1111111111111111111a111111111
47219,harshil,111
47220,harshil,111111111111111111111111111111111111111111@1111111111111111111111111111a1111111111111111111a111111111
47221,harshil,1
47222,harshil,1
47223,harshil,1
47224,harshil,111111111111111111111111111111111111111111@1111111111111111111111111111a1111111111111111111a111111111
47225,harshil,111
47226,harshil,111111111111111111111111111111111111111111@1111111111111111111111111111a1111111111111111111a111111111
47227,harshil,1
47228,harshil,1
47229,harshil,1
47230,harshil,111111111111111111111111111111111111111111@1111111111111111111111111111a1111111111111111111a111111111
47231,harshil,111
47232,harshil,111111111111111111111111111111111111111111@1111111111111111111111111111a1111111111111111111a111111111
47233,harshil,1
47234,harshil,1
47235,harshil,1
47236,harshil,111111111111111111111111111111111111111111@1111111111111111111111111111a1111111111111111111a111111111
47237,harshil,111
47238,harshil,111111111111111111111111111111111111111111@1111111111111111111111111111a1111111111111111111a111111111
47239,harshil,1
47240,harshil,1
47241,harshil,1
47242,harshil,111111111111111111111111111111111111111111@1111111111111111111111111111a1111111111111111111a111111111
47243,harshil,111
47244,harshil,111111111111111111111111111111111111111111@1111111111111111111111111111a1111111111111111111a111111111
47245,harshil,1
47246,harshil,1
47247,harshil,1
47248,harshil,111111111111111111111111111111111111111111@1111111111111111111111111111a1111111111111111111a111111111
47249,harshil,111
47250,harshil,111111111111111111111111111111111111111111@1111111111111111111111111111a1111111111111111111a111111111
47251,harshil,1
47252,harshil,1
47253,harshil,1
47254,harshil,111111111111111111111111111111111111111111@1111111111111111111111111111a1111111111111111111a111111111
47255,harshil,111
47256,harshil,111111111111111111111111111111111111111111@1111111111111111111111111111a1111111111111111111a111111111
47257,harshil,1
47258,harshil,1
47259,harshil,1
47260,harshil,111111111111111111111111111111111111111111@1111111111111111111111111111a1111111111111111111a111111111
47261,harshil,111
47262,harshil,111111111111111111111111111111111111111111@1111111111111111111111111111a1111111111111111111a111111111
47263,harshil,1
47264,harshil,1
47265,harshil,1
47266,harshil,111111111111111111111111111111111111111111@1111111111111111111111111111a1111111111111111111a111111111
47267,harshil,111
47268,harshil,111111111111111111111111111111111111111111@1111111111111111111111111111a1111111111111111111a111111111
47269,harshil,1
47270,harshil,1
47271,harshil,1
47272,harshil,111111111111111111111111111111111111111111@1111111111111111111111111111a1111111111111111111a111111111
47273,harshil,111
47274,harshil,111111111111111111111111111111111111111111@1111111111111111111111111111a1111111111111111111a111111111
47275,harshil,1
47276,harshil,1
47277,harshil,1
47278,harshil,111111111111111111111111111111111111111111@1111111111111111111111111111a1111111111111111111a111111111
47279,harshil,111
47280,harshil,111111111111111111111111111111111111111111@1111111111111111111111111111a1111111111111111111a111111111
47281,harshil,1
47282,harshil,1
47283,harshil,1
47284,harshil,111111111111111111111111111111111111111111@1111111111111111111111111111a1111111111111111111a111111111
47285,harshil,111
47286,harshil,111111111111111111111111111111111111111111@1111111111111111111111111111a1111111111111111111a111111111
47287,harshil,1
47288,harshil,1
47289,harshil,1
47290,harshil,111111111111111111111111111111111111111111@1111111111111111111111111111a1111111111111111111a111111111
47291,harshil,111
47292,harshil,111111111111111111111111111111111111111111@1111111111111111111111111111a1111111111111111111a111111111
47293,harshil,1
47294,harshil,1
47295,harshil,1
47296,harshil,111111111111111111111111111111111111111111@1111111111111111111111111111a1111111111111111111a111111111
47297,harshil,111
47298,harshil,111111111111111111111111111111111111111111@1111111111111111111111111111a1111111111111111111a111111111
47299,harshil,1
47300,harshil,1
47301,harshil,1
47302,harshil,111111111111111111111111111111111111111111@1111111111111111111111111111a1111111111111111111a111111111
47303,harshil,111
47304,harshil,111111111111111111111111111111111111111111@1111111111111111111111111111a1111111111111111111a111111111
47305,harshil,1
47306,harshil,1
47307,harshil,1
47308,harshil,111111111111111111111111111111111111111111@1111111111111111111111111111a1111111111111111111a111111111
47309,harshil,111
47310,harshil,111111111111111111111111111111111111111111@1111111111111111111111111111a1111111111111111111a111111111
47311,harshil,1
47312,harshil,1
47313,harshil,1
47314,harshil,111111111111111111111111111111111111111111@1111111111111111111111111111a1111111111111111111a111111111
47315,harshil,111
47316,harshil,111111111111111111111111111111111111111111@1111111111111111111111111111a1111111111111111111a111111111
47317,harshil,1
47318,harshil,1
47319,harshil,1
47320,harshil,111111111111111111111111111111111111111111@1111111111111111111111111111a1111111111111111111a111111111
47321,harshil,111
47322,harshil,111111111111111111111111111111111111111111@1111111111111111111111111111a1111111111111111111a111111111
47323,harshil,1
47324,harshil,1
47325,harshil,1
47326,harshil,111111111111111111111111111111111111111111@1111111111111111111111111111a1111111111111111111a111111111
47327,harshil,111
47328,harshil,111111111111111111111111111111111111111111@1111111111111111111111111111a1111111111111111111a111111111
47329,harshil,1
47330,harshil,1
47331,harshil,1
47332,harshil,111111111111111111111111111111111111111111@1111111111111111111111111111a1111111111111111111a111111111
47333,harshil,111
47334,harshil,111111111111111111111111111111111111111111@1111111111111111111111111111a1111111111111111111a111111111
47335,harshil,1
47336,harshil,1
47337,harshil,1
47338,harshil,111111111111111111111111111111111111111111@1111111111111111111111111111a1111111111111111111a111111111
47339,harshil,111
47340,harshil,111111111111111111111111111111111111111111@1111111111111111111111111111a1111111111111111111a111111111
47341,harshil,1
47342,harshil,1
47343,harshil,1
47344,harshil,111111111111111111111111111111111111111111@1111111111111111111111111111a1111111111111111111a111111111
47345,harshil,111
47346,harshil,111111111111111111111111111111111111111111@1111111111111111111111111111a1111111111111111111a111111111
47347,harshil,1
47348,harshil,1
47349,harshil,1
47350,harshil,111111111111111111111111111111111111111111@1111111111111111111111111111a1111111111111111111a111111111
47351,harshil,111
47352,harshil,111111111111111111111111111111111111111111@1111111111111111111111111111a1111111111111111111a111111111
47353,harshil,1
47354,harshil,1
47355,harshil,1
47356,harshil,111111111111111111111111111111111111111111@1111111111111111111111111111a1111111111111111111a111111111
47357,harshil,111
47358,harshil,111111111111111111111111111111111111111111@1111111111111111111111111111a1111111111111111111a111111111
47359,harshil,1
47360,harshil,1
47361,harshil,1
47362,harshil,111111111111111111111111111111111111111111@1111111111111111111111111111a1111111111111111111a111111111
47363,harshil,111
47364,harshil,111111111111111111111111111111111111111111@1111111111111111111111111111a1111111111111111111a111111111
47365,harshil,1
47366,harshil,1
47367,harshil,1
47368,harshil,111111111111111111111111111111111111111111@1111111111111111111111111111a1111111111111111111a111111111
47369,harshil,111
47370,harshil,111111111111111111111111111111111111111111@1111111111111111111111111111a1111111111111111111a111111111
47371,harshil,1
47372,harshil,1
47373,harshil,1
47374,harshil,111111111111111111111111111111111111111111@1111111111111111111111111111a1111111111111111111a111111111
47375,harshil,111
47376,harshil,111111111111111111111111111111111111111111@1111111111111111111111111111a1111111111111111111a111111111
47377,harshil,1
47378,harshil,1
47379,harshil,1
47380,harshil,111111111111111111111111111111111111111111@1111111111111111111111111111a1111111111111111111a111111111
47381,harshil,111
47382,harshil,111111111111111111111111111111111111111111@1111111111111111111111111111a1111111111111111111a111111111
47383,harshil,1
47384,harshil,1
47385,harshil,1
47386,harshil,111111111111111111111111111111111111111111@1111111111111111111111111111a1111111111111111111a111111111
47387,harshil,111
47388,harshil,111111111111111111111111111111111111111111@1111111111111111111111111111a1111111111111111111a111111111
47389,harshil,1
47390,harshil,1
47391,harshil,1
47392,harshil,111111111111111111111111111111111111111111@1111111111111111111111111111a1111111111111111111a111111111
47393,harshil,111
47394,harshil,111111111111111111111111111111111111111111@1111111111111111111111111111a1111111111111111111a111111111
47395,harshil,1
47396,harshil,1
47397,harshil,1
47398,harshil,111111111111111111111111111111111111111111@1111111111111111111111111111a1111111111111111111a111111111
47399,harshil,111
47400,harshil,111111111111111111111111111111111111111111@1111111111111111111111111111a1111111111111111111a111111111
47401,harshil,1
47402,harshil,1
47403,harshil,1
47404,harshil,111111111111111111111111111111111111111111@1111111111111111111111111111a1111111111111111111a111111111
47405,harshil,111
47406,harshil,111111111111111111111111111111111111111111@1111111111111111111111111111a1111111111111111111a111111111
47407,harshil,1
47408,harshil,1
47409,harshil,1
47410,harshil,111111111111111111111111111111111111111111@1111111111111111111111111111a1111111111111111111a111111111
47411,harshil,111
47412,harshil,111111111111111111111111111111111111111111@1111111111111111111111111111a1111111111111111111a111111111
47413,harshil,1
47414,harshil,1
47415,harshil,1
47416,harshil,111111111111111111111111111111111111111111@1111111111111111111111111111a1111111111111111111a111111111
47417,harshil,111
47418,harshil,111111111111111111111111111111111111111111@1111111111111111111111111111a1111111111111111111a111111111
47419,harshil,1
47420,harshil,1
47421,harshil,1
47422,harshil,111111111111111111111111111111111111111111@1111111111111111111111111111a1111111111111111111a111111111
47423,harshil,111
47424,harshil,111111111111111111111111111111111111111111@1111111111111111111111111111a1111111111111111111a111111111
47425,harshil,1
47426,harshil,1
47427,harshil,1
47428,harshil,111111111111111111111111111111111111111111@1111111111111111111111111111a1111111111111111111a111111111
47429,harshil,111
47430,harshil,111111111111111111111111111111111111111111@1111111111111111111111111111a1111111111111111111a111111111
47431,harshil,1
47432,harshil,1
47433,harshil,1
47434,harshil,111111111111111111111111111111111111111111@1111111111111111111111111111a1111111111111111111a111111111
47435,harshil,111
47436,harshil,111111111111111111111111111111111111111111@1111111111111111111111111111a1111111111111111111a111111111
47437,harshil,1
47438,harshil,1
47439,harshil,1
47440,harshil,111111111111111111111111111111111111111111@1111111111111111111111111111a1111111111111111111a111111111
47441,harshil,111
47442,harshil,111111111111111111111111111111111111111111@1111111111111111111111111111a1111111111111111111a111111111
47443,harshil,1
47444,harshil,1
47445,harshil,1
47446,harshil,111111111111111111111111111111111111111111@1111111111111111111111111111a1111111111111111111a111111111
47447,harshil,111
47448,harshil,111111111111111111111111111111111111111111@1111111111111111111111111111a1111111111111111111a111111111
47449,harshil,1
47450,harshil,1
47451,harshil,1
47452,harshil,111111111111111111111111111111111111111111@1111111111111111111111111111a1111111111111111111a111111111
47453,harshil,111
47454,harshil,111111111111111111111111111111111111111111@1111111111111111111111111111a1111111111111111111a111111111
47455,harshil,1
47456,harshil,1
47457,harshil,1
47458,harshil,111111111111111111111111111111111111111111@1111111111111111111111111111a1111111111111111111a111111111
47459,harshil,111
47460,harshil,111111111111111111111111111111111111111111@1111111111111111111111111111a1111111111111111111a111111111
47461,harshil,1
47462,harshil,1
47463,harshil,1
47464,harshil,111111111111111111111111111111111111111111@1111111111111111111111111111a1111111111111111111a111111111
47465,harshil,111
47466,harshil,111111111111111111111111111111111111111111@1111111111111111111111111111a1111111111111111111a111111111
47467,harshil,1
47468,harshil,1
47469,harshil,1
47470,harshil,111111111111111111111111111111111111111111@1111111111111111111111111111a1111111111111111111a111111111
47471,harshil,111
47472,harshil,111111111111111111111111111111111111111111@1111111111111111111111111111a1111111111111111111a111111111
47473,harshil,1
47474,harshil,1
47475,harshil,1
47476,harshil,111111111111111111111111111111111111111111@1111111111111111111111111111a1111111111111111111a111111111
47477,harshil,111
47478,harshil,111111111111111111111111111111111111111111@1111111111111111111111111111a1111111111111111111a111111111
47479,harshil,1
47480,harshil,1
47481,harshil,1
47482,harshil,111111111111111111111111111111111111111111@1111111111111111111111111111a1111111111111111111a111111111
47483,harshil,111
47484,harshil,111111111111111111111111111111111111111111@1111111111111111111111111111a1111111111111111111a111111111
47485,harshil,1
47486,harshil,1
47487,harshil,1
47488,harshil,111111111111111111111111111111111111111111@1111111111111111111111111111a1111111111111111111a111111111
47489,harshil,111
47490,harshil,111111111111111111111111111111111111111111@1111111111111111111111111111a1111111111111111111a111111111
47491,harshil,1
47492,harshil,1
47493,harshil,1
47494,harshil,111111111111111111111111111111111111111111@1111111111111111111111111111a1111111111111111111a111111111
47495,harshil,111
47496,harshil,111111111111111111111111111111111111111111@1111111111111111111111111111a1111111111111111111a111111111
47497,harshil,1
47498,harshil,1
47499,harshil,1
47500,harshil,111111111111111111111111111111111111111111@1111111111111111111111111111a1111111111111111111a111111111
47501,harshil,111
47502,harshil,111111111111111111111111111111111111111111@1111111111111111111111111111a1111111111111111111a111111111
47503,harshil,1
47504,harshil,1
47505,harshil,1
47506,harshil,111111111111111111111111111111111111111111@1111111111111111111111111111a1111111111111111111a111111111
47507,harshil,111
47508,harshil,111111111111111111111111111111111111111111@1111111111111111111111111111a1111111111111111111a111111111
47509,harshil,1
47510,harshil,1
47511,harshil,1
47512,harshil,111111111111111111111111111111111111111111@1111111111111111111111111111a1111111111111111111a111111111
47513,harshil,111
47514,harshil,111111111111111111111111111111111111111111@1111111111111111111111111111a1111111111111111111a111111111
47515,harshil,1
47516,harshil,1
47517,harshil,1
47518,harshil,111111111111111111111111111111111111111111@1111111111111111111111111111a1111111111111111111a111111111
47519,harshil,111
47520,harshil,111111111111111111111111111111111111111111@1111111111111111111111111111a1111111111111111111a111111111
47521,harshil,1
47522,harshil,1
47523,harshil,1
47524,harshil,111111111111111111111111111111111111111111@1111111111111111111111111111a1111111111111111111a111111111
47525,harshil,111
47526,harshil,111111111111111111111111111111111111111111@1111111111111111111111111111a1111111111111111111a111111111
47527,harshil,1
47528,harshil,1
47529,harshil,1
47530,harshil,111111111111111111111111111111111111111111@1111111111111111111111111111a1111111111111111111a111111111
47531,harshil,111
47532,harshil,111111111111111111111111111111111111111111@1111111111111111111111111111a1111111111111111111a111111111
47533,harshil,1
47534,harshil,1
47535,harshil,1
47536,harshil,111111111111111111111111111111111111111111@1111111111111111111111111111a1111111111111111111a111111111
47537,harshil,111
47538,harshil,111111111111111111111111111111111111111111@1111111111111111111111111111a1111111111111111111a111111111
47539,harshil,1
47540,harshil,1
47541,harshil,1
47542,harshil,111111111111111111111111111111111111111111@1111111111111111111111111111a1111111111111111111a111111111
47543,harshil,111
47544,harshil,111111111111111111111111111111111111111111@1111111111111111111111111111a1111111111111111111a111111111
47545,harshil,1
47546,harshil,1
47547,harshil,1
47548,harshil,111111111111111111111111111111111111111111@1111111111111111111111111111a1111111111111111111a111111111
47549,harshil,111
47550,harshil,111111111111111111111111111111111111111111@1111111111111111111111111111a1111111111111111111a111111111
47551,harshil,1
47552,harshil,1
47553,harshil,1
47554,harshil,111111111111111111111111111111111111111111@1111111111111111111111111111a1111111111111111111a111111111
47555,harshil,111
47556,harshil,111111111111111111111111111111111111111111@1111111111111111111111111111a1111111111111111111a111111111
47557,harshil,1
47558,harshil,1
47559,harshil,1
47560,harshil,111111111111111111111111111111111111111111@1111111111111111111111111111a1111111111111111111a111111111
47561,harshil,111
47562,harshil,111111111111111111111111111111111111111111@1111111111111111111111111111a1111111111111111111a111111111
47563,harshil,1
47564,harshil,1
47565,harshil,1
47566,harshil,111111111111111111111111111111111111111111@1111111111111111111111111111a1111111111111111111a111111111
47567,harshil,111
47568,harshil,111111111111111111111111111111111111111111@1111111111111111111111111111a1111111111111111111a111111111
47569,harshil,1
47570,harshil,1
47571,harshil,1
47572,harshil,111111111111111111111111111111111111111111@1111111111111111111111111111a1111111111111111111a111111111
47573,harshil,111
47574,harshil,111111111111111111111111111111111111111111@1111111111111111111111111111a1111111111111111111a111111111
47575,harshil,1
47576,harshil,1
47577,harshil,1
47578,harshil,111111111111111111111111111111111111111111@1111111111111111111111111111a1111111111111111111a111111111
47579,harshil,111
47580,harshil,111111111111111111111111111111111111111111@1111111111111111111111111111a1111111111111111111a111111111
47581,harshil,1
47582,harshil,1
47583,harshil,1
47584,harshil,111111111111111111111111111111111111111111@1111111111111111111111111111a1111111111111111111a111111111
47585,harshil,111
47586,harshil,111111111111111111111111111111111111111111@1111111111111111111111111111a1111111111111111111a111111111
47587,harshil,1
47588,harshil,1
47589,harshil,1
47590,harshil,111111111111111111111111111111111111111111@1111111111111111111111111111a1111111111111111111a111111111
47591,harshil,111
47592,harshil,111111111111111111111111111111111111111111@1111111111111111111111111111a1111111111111111111a111111111
47593,harshil,1
47594,harshil,1
47595,harshil,1
47596,harshil,111111111111111111111111111111111111111111@1111111111111111111111111111a1111111111111111111a111111111
47597,harshil,111
47598,harshil,111111111111111111111111111111111111111111@1111111111111111111111111111a1111111111111111111a111111111
47599,harshil,1
47600,harshil,1
47601,harshil,1
47602,harshil,111111111111111111111111111111111111111111@1111111111111111111111111111a1111111111111111111a111111111
47603,harshil,111
47604,harshil,111111111111111111111111111111111111111111@1111111111111111111111111111a1111111111111111111a111111111
47605,harshil,1
47606,harshil,1
47607,harshil,1
47608,harshil,111111111111111111111111111111111111111111@1111111111111111111111111111a1111111111111111111a111111111
47609,harshil,111
47610,harshil,111111111111111111111111111111111111111111@1111111111111111111111111111a1111111111111111111a111111111
47611,harshil,1
47612,harshil,1
47613,harshil,1
47614,harshil,111111111111111111111111111111111111111111@1111111111111111111111111111a1111111111111111111a111111111
47615,harshil,111
47616,harshil,111111111111111111111111111111111111111111@1111111111111111111111111111a1111111111111111111a111111111
47617,harshil,1
47618,harshil,1
47619,harshil,1
47620,harshil,111111111111111111111111111111111111111111@1111111111111111111111111111a1111111111111111111a111111111
47621,harshil,111
47622,harshil,111111111111111111111111111111111111111111@1111111111111111111111111111a1111111111111111111a111111111
47623,harshil,1
47624,harshil,1
47625,harshil,1
47626,harshil,111111111111111111111111111111111111111111@1111111111111111111111111111a1111111111111111111a111111111
47627,harshil,111
47628,harshil,111111111111111111111111111111111111111111@1111111111111111111111111111a1111111111111111111a111111111
47629,harshil,1
47630,harshil,1
47631,harshil,1
47632,harshil,111111111111111111111111111111111111111111@1111111111111111111111111111a1111111111111111111a111111111
47633,harshil,111
47634,harshil,111111111111111111111111111111111111111111@1111111111111111111111111111a1111111111111111111a111111111
47635,harshil,1
47636,harshil,1
47637,harshil,1
47638,harshil,111111111111111111111111111111111111111111@1111111111111111111111111111a1111111111111111111a111111111
47639,harshil,111
47640,harshil,111111111111111111111111111111111111111111@1111111111111111111111111111a1111111111111111111a111111111
47641,harshil,1
47642,harshil,1
47643,harshil,1
47644,harshil,111111111111111111111111111111111111111111@1111111111111111111111111111a1111111111111111111a111111111
47645,harshil,111
47646,harshil,111111111111111111111111111111111111111111@1111111111111111111111111111a1111111111111111111a111111111
47647,harshil,1
47648,harshil,1
47649,harshil,1
47650,harshil,111111111111111111111111111111111111111111@1111111111111111111111111111a1111111111111111111a111111111
47651,harshil,111
47652,harshil,111111111111111111111111111111111111111111@1111111111111111111111111111a1111111111111111111a111111111
47653,harshil,1
47654,harshil,1
47655,harshil,1
47656,harshil,111111111111111111111111111111111111111111@1111111111111111111111111111a1111111111111111111a111111111
47657,harshil,111
47658,harshil,111111111111111111111111111111111111111111@1111111111111111111111111111a1111111111111111111a111111111
47659,harshil,1
47660,harshil,1
47661,harshil,1
47662,harshil,111111111111111111111111111111111111111111@1111111111111111111111111111a1111111111111111111a111111111
47663,harshil,111
47664,harshil,111111111111111111111111111111111111111111@1111111111111111111111111111a1111111111111111111a111111111
47665,harshil,1
47666,harshil,1
47667,harshil,1
47668,harshil,111111111111111111111111111111111111111111@1111111111111111111111111111a1111111111111111111a111111111
47669,harshil,111
47670,harshil,111111111111111111111111111111111111111111@1111111111111111111111111111a1111111111111111111a111111111
47671,harshil,1
47672,harshil,1
47673,harshil,1
47674,harshil,111111111111111111111111111111111111111111@1111111111111111111111111111a1111111111111111111a111111111
47675,harshil,111
47676,harshil,111111111111111111111111111111111111111111@1111111111111111111111111111a1111111111111111111a111111111
47677,harshil,1
47678,harshil,1
47679,harshil,1
47680,harshil,111111111111111111111111111111111111111111@1111111111111111111111111111a1111111111111111111a111111111
47681,harshil,111
47682,harshil,111111111111111111111111111111111111111111@1111111111111111111111111111a1111111111111111111a111111111
47683,harshil,1
47684,harshil,1
47685,harshil,1
47686,harshil,111111111111111111111111111111111111111111@1111111111111111111111111111a1111111111111111111a111111111
47687,harshil,111
47688,harshil,111111111111111111111111111111111111111111@1111111111111111111111111111a1111111111111111111a111111111
47689,harshil,1
47690,harshil,1
47691,harshil,1
47692,harshil,111111111111111111111111111111111111111111@1111111111111111111111111111a1111111111111111111a111111111
47693,harshil,111
47694,harshil,111111111111111111111111111111111111111111@1111111111111111111111111111a1111111111111111111a111111111
47695,harshil,1
47696,harshil,1
47697,harshil,1
47698,harshil,111111111111111111111111111111111111111111@1111111111111111111111111111a1111111111111111111a111111111
47699,harshil,111
47700,harshil,111111111111111111111111111111111111111111@1111111111111111111111111111a1111111111111111111a111111111
47701,harshil,1
47702,harshil,1
47703,harshil,1
47704,harshil,111111111111111111111111111111111111111111@1111111111111111111111111111a1111111111111111111a111111111
47705,harshil,111
47706,harshil,111111111111111111111111111111111111111111@1111111111111111111111111111a1111111111111111111a111111111
47707,harshil,1
47708,harshil,1
47709,harshil,1
47710,harshil,111111111111111111111111111111111111111111@1111111111111111111111111111a1111111111111111111a111111111
47711,harshil,111
47712,harshil,111111111111111111111111111111111111111111@1111111111111111111111111111a1111111111111111111a111111111
47713,harshil,1
47714,harshil,1
47715,harshil,1
47716,harshil,111111111111111111111111111111111111111111@1111111111111111111111111111a1111111111111111111a111111111
47717,harshil,111
47718,harshil,111111111111111111111111111111111111111111@1111111111111111111111111111a1111111111111111111a111111111
47719,harshil,1
47720,harshil,1
47721,harshil,1
47722,harshil,111111111111111111111111111111111111111111@1111111111111111111111111111a1111111111111111111a111111111
47723,harshil,111
47724,harshil,111111111111111111111111111111111111111111@1111111111111111111111111111a1111111111111111111a111111111
47725,harshil,1
47726,harshil,1
47727,harshil,1
47728,harshil,111111111111111111111111111111111111111111@1111111111111111111111111111a1111111111111111111a111111111
47729,harshil,111
47730,harshil,111111111111111111111111111111111111111111@1111111111111111111111111111a1111111111111111111a111111111
47731,harshil,1
47732,harshil,1
47733,harshil,1
47734,harshil,111111111111111111111111111111111111111111@1111111111111111111111111111a1111111111111111111a111111111
47735,harshil,111
47736,harshil,111111111111111111111111111111111111111111@1111111111111111111111111111a1111111111111111111a111111111
47737,harshil,1
47738,harshil,1
47739,harshil,1
47740,harshil,111111111111111111111111111111111111111111@1111111111111111111111111111a1111111111111111111a111111111
47741,harshil,111
47742,harshil,111111111111111111111111111111111111111111@1111111111111111111111111111a1111111111111111111a111111111
47743,harshil,1
47744,harshil,1
47745,harshil,1
47746,harshil,111111111111111111111111111111111111111111@1111111111111111111111111111a1111111111111111111a111111111
47747,harshil,111
47748,harshil,111111111111111111111111111111111111111111@1111111111111111111111111111a1111111111111111111a111111111
47749,harshil,1
47750,harshil,1
47751,harshil,1
47752,harshil,111111111111111111111111111111111111111111@1111111111111111111111111111a1111111111111111111a111111111
47753,harshil,111
47754,harshil,111111111111111111111111111111111111111111@1111111111111111111111111111a1111111111111111111a111111111
47755,harshil,1
47756,harshil,1
47757,harshil,1
47758,harshil,111111111111111111111111111111111111111111@1111111111111111111111111111a1111111111111111111a111111111
47759,harshil,111
47760,harshil,111111111111111111111111111111111111111111@1111111111111111111111111111a1111111111111111111a111111111
47761,harshil,1
47762,harshil,1
47763,harshil,1
47764,harshil,111111111111111111111111111111111111111111@1111111111111111111111111111a1111111111111111111a111111111
47765,harshil,111
47766,harshil,111111111111111111111111111111111111111111@1111111111111111111111111111a1111111111111111111a111111111
47767,harshil,1
47768,harshil,1
47769,harshil,1
47770,harshil,111111111111111111111111111111111111111111@1111111111111111111111111111a1111111111111111111a111111111
47771,harshil,111
47772,harshil,111111111111111111111111111111111111111111@1111111111111111111111111111a1111111111111111111a111111111
47773,harshil,1
47774,harshil,1
47775,harshil,1
47776,harshil,111111111111111111111111111111111111111111@1111111111111111111111111111a1111111111111111111a111111111
47777,harshil,111
47778,harshil,111111111111111111111111111111111111111111@1111111111111111111111111111a1111111111111111111a111111111
47779,harshil,1
47780,harshil,1
47781,harshil,1
47782,harshil,111111111111111111111111111111111111111111@1111111111111111111111111111a1111111111111111111a111111111
47783,harshil,111
47784,harshil,111111111111111111111111111111111111111111@1111111111111111111111111111a1111111111111111111a111111111
47785,harshil,1
47786,harshil,1
47787,harshil,1
47788,harshil,111111111111111111111111111111111111111111@1111111111111111111111111111a1111111111111111111a111111111
47789,harshil,111
47790,harshil,111111111111111111111111111111111111111111@1111111111111111111111111111a1111111111111111111a111111111
47791,harshil,1
47792,harshil,1
47793,harshil,1
47794,harshil,111111111111111111111111111111111111111111@1111111111111111111111111111a1111111111111111111a111111111
47795,harshil,111
47796,harshil,111111111111111111111111111111111111111111@1111111111111111111111111111a1111111111111111111a111111111
47797,harshil,1
47798,harshil,1
47799,harshil,1
47800,harshil,111111111111111111111111111111111111111111@1111111111111111111111111111a1111111111111111111a111111111
47801,harshil,111
47802,harshil,111111111111111111111111111111111111111111@1111111111111111111111111111a1111111111111111111a111111111
47803,harshil,1
47804,harshil,1
47805,harshil,1
47806,harshil,111111111111111111111111111111111111111111@1111111111111111111111111111a1111111111111111111a111111111
47807,harshil,111
47808,harshil,111111111111111111111111111111111111111111@1111111111111111111111111111a1111111111111111111a111111111
47809,harshil,1
47810,harshil,1
47811,harshil,1
47812,harshil,111111111111111111111111111111111111111111@1111111111111111111111111111a1111111111111111111a111111111
47813,harshil,111
47814,harshil,111111111111111111111111111111111111111111@1111111111111111111111111111a1111111111111111111a111111111
47815,harshil,1
47816,harshil,1
47817,harshil,1
47818,harshil,111111111111111111111111111111111111111111@1111111111111111111111111111a1111111111111111111a111111111
47819,harshil,111
47820,harshil,111111111111111111111111111111111111111111@1111111111111111111111111111a1111111111111111111a111111111
47821,harshil,1
47822,harshil,1
47823,harshil,1
47824,harshil,111111111111111111111111111111111111111111@1111111111111111111111111111a1111111111111111111a111111111
47825,harshil,111
47826,harshil,111111111111111111111111111111111111111111@1111111111111111111111111111a1111111111111111111a111111111
47827,harshil,1
47828,harshil,1
47829,harshil,1
47830,harshil,111111111111111111111111111111111111111111@1111111111111111111111111111a1111111111111111111a111111111
47831,harshil,111
47832,harshil,111111111111111111111111111111111111111111@1111111111111111111111111111a1111111111111111111a111111111
47833,harshil,1
47834,harshil,1
47835,harshil,1
47836,harshil,111111111111111111111111111111111111111111@1111111111111111111111111111a1111111111111111111a111111111
47837,harshil,111
47838,harshil,111111111111111111111111111111111111111111@1111111111111111111111111111a1111111111111111111a111111111
47839,harshil,1
47840,harshil,1
47841,harshil,1
47842,harshil,111111111111111111111111111111111111111111@1111111111111111111111111111a1111111111111111111a111111111
47843,harshil,111
47844,harshil,111111111111111111111111111111111111111111@1111111111111111111111111111a1111111111111111111a111111111
47845,harshil,1
47846,harshil,1
47847,harshil,1
47848,harshil,111111111111111111111111111111111111111111@1111111111111111111111111111a1111111111111111111a111111111
47849,harshil,111
47850,harshil,111111111111111111111111111111111111111111@1111111111111111111111111111a1111111111111111111a111111111
47851,harshil,1
47852,harshil,1
47853,harshil,1
47854,harshil,111111111111111111111111111111111111111111@1111111111111111111111111111a1111111111111111111a111111111
47855,harshil,111
47856,harshil,111111111111111111111111111111111111111111@1111111111111111111111111111a1111111111111111111a111111111
47857,harshil,1
47858,harshil,1
47859,harshil,1
47860,harshil,111111111111111111111111111111111111111111@1111111111111111111111111111a1111111111111111111a111111111
47861,harshil,111
47862,harshil,111111111111111111111111111111111111111111@1111111111111111111111111111a1111111111111111111a111111111
47863,harshil,1
47864,harshil,1
47865,harshil,1
47866,harshil,111111111111111111111111111111111111111111@1111111111111111111111111111a1111111111111111111a111111111
47867,harshil,111
47868,harshil,111111111111111111111111111111111111111111@1111111111111111111111111111a1111111111111111111a111111111
47869,harshil,1
47870,harshil,1
47871,harshil,1
47872,harshil,111111111111111111111111111111111111111111@1111111111111111111111111111a1111111111111111111a111111111
47873,harshil,111
47874,harshil,111111111111111111111111111111111111111111@1111111111111111111111111111a1111111111111111111a111111111
47875,harshil,1
47876,harshil,1
47877,harshil,1
47878,harshil,111111111111111111111111111111111111111111@1111111111111111111111111111a1111111111111111111a111111111
47879,harshil,111
47880,harshil,111111111111111111111111111111111111111111@1111111111111111111111111111a1111111111111111111a111111111
47881,harshil,1
47882,harshil,1
47883,harshil,1
47884,harshil,111111111111111111111111111111111111111111@1111111111111111111111111111a1111111111111111111a111111111
47885,harshil,111
47886,harshil,111111111111111111111111111111111111111111@1111111111111111111111111111a1111111111111111111a111111111
47887,harshil,1
47888,harshil,1
47889,harshil,1
47890,harshil,111111111111111111111111111111111111111111@1111111111111111111111111111a1111111111111111111a111111111
47891,harshil,111
47892,harshil,111111111111111111111111111111111111111111@1111111111111111111111111111a1111111111111111111a111111111
47893,harshil,1
47894,harshil,1
47895,harshil,1
47896,harshil,111111111111111111111111111111111111111111@1111111111111111111111111111a1111111111111111111a111111111
47897,harshil,111
47898,harshil,111111111111111111111111111111111111111111@1111111111111111111111111111a1111111111111111111a111111111
47899,harshil,1
47900,harshil,1
47901,harshil,1
47902,harshil,111111111111111111111111111111111111111111@1111111111111111111111111111a1111111111111111111a111111111
47903,harshil,111
47904,harshil,111111111111111111111111111111111111111111@1111111111111111111111111111a1111111111111111111a111111111
47905,harshil,1
47906,harshil,1
47907,harshil,1
47908,harshil,111111111111111111111111111111111111111111@1111111111111111111111111111a1111111111111111111a111111111
47909,harshil,111
47910,harshil,111111111111111111111111111111111111111111@1111111111111111111111111111a1111111111111111111a111111111
47911,harshil,1
47912,harshil,1
47913,harshil,1
47914,harshil,111111111111111111111111111111111111111111@1111111111111111111111111111a1111111111111111111a111111111
47915,harshil,111
47916,harshil,111111111111111111111111111111111111111111@1111111111111111111111111111a1111111111111111111a111111111
47917,harshil,1
47918,harshil,1
47919,harshil,1
47920,harshil,111111111111111111111111111111111111111111@1111111111111111111111111111a1111111111111111111a111111111
47921,harshil,111
47922,harshil,111111111111111111111111111111111111111111@1111111111111111111111111111a1111111111111111111a111111111
47923,harshil,1
47924,harshil,1
47925,harshil,1
47926,harshil,111111111111111111111111111111111111111111@1111111111111111111111111111a1111111111111111111a111111111
47927,harshil,111
47928,harshil,111111111111111111111111111111111111111111@1111111111111111111111111111a1111111111111111111a111111111
47929,harshil,1
47930,harshil,1
47931,harshil,1
47932,harshil,111111111111111111111111111111111111111111@1111111111111111111111111111a1111111111111111111a111111111
47933,harshil,111
47934,harshil,111111111111111111111111111111111111111111@1111111111111111111111111111a1111111111111111111a111111111
47935,harshil,1
47936,harshil,1
47937,harshil,1
47938,harshil,111111111111111111111111111111111111111111@1111111111111111111111111111a1111111111111111111a111111111
47939,harshil,111
47940,harshil,111111111111111111111111111111111111111111@1111111111111111111111111111a1111111111111111111a111111111
47941,harshil,1
47942,harshil,1
47943,harshil,1
47944,harshil,111111111111111111111111111111111111111111@1111111111111111111111111111a1111111111111111111a111111111
47945,harshil,111
47946,harshil,111111111111111111111111111111111111111111@1111111111111111111111111111a1111111111111111111a111111111
47947,harshil,1
47948,harshil,1
47949,harshil,1
47950,harshil,111111111111111111111111111111111111111111@1111111111111111111111111111a1111111111111111111a111111111
47951,harshil,111
47952,harshil,111111111111111111111111111111111111111111@1111111111111111111111111111a1111111111111111111a111111111
47953,harshil,1
47954,harshil,1
47955,harshil,1
47956,harshil,111111111111111111111111111111111111111111@1111111111111111111111111111a1111111111111111111a111111111
47957,harshil,111
47958,harshil,111111111111111111111111111111111111111111@1111111111111111111111111111a1111111111111111111a111111111
47959,harshil,1
47960,harshil,1
47961,harshil,1
47962,harshil,111111111111111111111111111111111111111111@1111111111111111111111111111a1111111111111111111a111111111
47963,harshil,111
47964,harshil,111111111111111111111111111111111111111111@1111111111111111111111111111a1111111111111111111a111111111
47965,harshil,1
47966,harshil,1
47967,harshil,1
47968,harshil,111111111111111111111111111111111111111111@1111111111111111111111111111a1111111111111111111a111111111
47969,harshil,111
47970,harshil,111111111111111111111111111111111111111111@1111111111111111111111111111a1111111111111111111a111111111
47971,harshil,1
47972,harshil,1
47973,harshil,1
47974,harshil,111111111111111111111111111111111111111111@1111111111111111111111111111a1111111111111111111a111111111
47975,harshil,111
47976,harshil,111111111111111111111111111111111111111111@1111111111111111111111111111a1111111111111111111a111111111
47977,harshil,1
47978,harshil,1
47979,harshil,1
47980,harshil,111111111111111111111111111111111111111111@1111111111111111111111111111a1111111111111111111a111111111
47981,harshil,111
47982,harshil,111111111111111111111111111111111111111111@1111111111111111111111111111a1111111111111111111a111111111
47983,harshil,1
47984,harshil,1
47985,harshil,1
47986,harshil,111111111111111111111111111111111111111111@1111111111111111111111111111a1111111111111111111a111111111
47987,harshil,111
47988,harshil,111111111111111111111111111111111111111111@1111111111111111111111111111a1111111111111111111a111111111
47989,harshil,1
47990,harshil,1
47991,harshil,1
47992,harshil,111111111111111111111111111111111111111111@1111111111111111111111111111a1111111111111111111a111111111
47993,harshil,111
47994,harshil,111111111111111111111111111111111111111111@1111111111111111111111111111a1111111111111111111a111111111
47995,harshil,1
47996,harshil,1
47997,harshil,1
47998,harshil,111111111111111111111111111111111111111111@1111111111111111111111111111a1111111111111111111a111111111
47999,harshil,111
48000,harshil,111111111111111111111111111111111111111111@1111111111111111111111111111a1111111111111111111a111111111
48001,harshil,1
48002,harshil,1
48003,harshil,1
48004,harshil,111111111111111111111111111111111111111111@1111111111111111111111111111a1111111111111111111a111111111
48005,harshil,111
48006,harshil,111111111111111111111111111111111111111111@1111111111111111111111111111a1111111111111111111a111111111
48007,harshil,1
48008,harshil,1
48009,harshil,1
48010,harshil,111111111111111111111111111111111111111111@1111111111111111111111111111a1111111111111111111a111111111
48011,harshil,111
48012,harshil,111111111111111111111111111111111111111111@1111111111111111111111111111a1111111111111111111a111111111
48013,harshil,1
48014,harshil,1
48015,harshil,1
48016,harshil,111111111111111111111111111111111111111111@1111111111111111111111111111a1111111111111111111a111111111
48017,harshil,111
48018,harshil,111111111111111111111111111111111111111111@1111111111111111111111111111a1111111111111111111a111111111
48019,harshil,1
48020,harshil,1
48021,harshil,1
48022,harshil,111111111111111111111111111111111111111111@1111111111111111111111111111a1111111111111111111a111111111
48023,harshil,111
48024,harshil,111111111111111111111111111111111111111111@1111111111111111111111111111a1111111111111111111a111111111
48025,harshil,1
48026,harshil,1
48027,harshil,1
48028,harshil,111111111111111111111111111111111111111111@1111111111111111111111111111a1111111111111111111a111111111
48029,harshil,111
48030,harshil,111111111111111111111111111111111111111111@1111111111111111111111111111a1111111111111111111a111111111
48031,harshil,1
48032,harshil,1
48033,harshil,1
48034,harshil,111111111111111111111111111111111111111111@1111111111111111111111111111a1111111111111111111a111111111
48035,harshil,111
48036,harshil,111111111111111111111111111111111111111111@1111111111111111111111111111a1111111111111111111a111111111
48037,harshil,1
48038,harshil,1
48039,harshil,1
48040,harshil,111111111111111111111111111111111111111111@1111111111111111111111111111a1111111111111111111a111111111
48041,harshil,111
48042,harshil,111111111111111111111111111111111111111111@1111111111111111111111111111a1111111111111111111a111111111
48043,harshil,1
48044,harshil,1
48045,harshil,1
48046,harshil,111111111111111111111111111111111111111111@1111111111111111111111111111a1111111111111111111a111111111
48047,harshil,111
48048,harshil,111111111111111111111111111111111111111111@1111111111111111111111111111a1111111111111111111a111111111
48049,harshil,1
48050,harshil,1
48051,harshil,1
48052,harshil,111111111111111111111111111111111111111111@1111111111111111111111111111a1111111111111111111a111111111
48053,harshil,111
48054,harshil,111111111111111111111111111111111111111111@1111111111111111111111111111a1111111111111111111a111111111
48055,harshil,1
48056,harshil,1
48057,harshil,1
48058,harshil,111111111111111111111111111111111111111111@1111111111111111111111111111a1111111111111111111a111111111
48059,harshil,111
48060,harshil,111111111111111111111111111111111111111111@1111111111111111111111111111a1111111111111111111a111111111
48061,harshil,1
48062,harshil,1
48063,harshil,1
48064,harshil,111111111111111111111111111111111111111111@1111111111111111111111111111a1111111111111111111a111111111
48065,harshil,111
48066,harshil,111111111111111111111111111111111111111111@1111111111111111111111111111a1111111111111111111a111111111
48067,harshil,1
48068,harshil,1
48069,harshil,1
48070,harshil,111111111111111111111111111111111111111111@1111111111111111111111111111a1111111111111111111a111111111
48071,harshil,111
48072,harshil,111111111111111111111111111111111111111111@1111111111111111111111111111a1111111111111111111a111111111
48073,harshil,1
48074,harshil,1
48075,harshil,1
48076,harshil,111111111111111111111111111111111111111111@1111111111111111111111111111a1111111111111111111a111111111
48077,harshil,111
48078,harshil,111111111111111111111111111111111111111111@1111111111111111111111111111a1111111111111111111a111111111
48079,harshil,1
48080,harshil,1
48081,harshil,1
48082,harshil,111111111111111111111111111111111111111111@1111111111111111111111111111a1111111111111111111a111111111
48083,harshil,111
48084,harshil,111111111111111111111111111111111111111111@1111111111111111111111111111a1111111111111111111a111111111
48085,harshil,1
48086,harshil,1
48087,harshil,1
48088,harshil,111111111111111111111111111111111111111111@1111111111111111111111111111a1111111111111111111a111111111
48089,harshil,111
48090,harshil,111111111111111111111111111111111111111111@1111111111111111111111111111a1111111111111111111a111111111
48091,harshil,1
48092,harshil,1
48093,harshil,1
48094,harshil,111111111111111111111111111111111111111111@1111111111111111111111111111a1111111111111111111a111111111
48095,harshil,111
48096,harshil,111111111111111111111111111111111111111111@1111111111111111111111111111a1111111111111111111a111111111
48097,harshil,1
48098,harshil,1
48099,harshil,1
48100,harshil,111111111111111111111111111111111111111111@1111111111111111111111111111a1111111111111111111a111111111
48101,harshil,111
48102,harshil,111111111111111111111111111111111111111111@1111111111111111111111111111a1111111111111111111a111111111
48103,harshil,1
48104,harshil,1
48105,harshil,1
48106,harshil,111111111111111111111111111111111111111111@1111111111111111111111111111a1111111111111111111a111111111
48107,harshil,111
48108,harshil,111111111111111111111111111111111111111111@1111111111111111111111111111a1111111111111111111a111111111
48109,harshil,1
48110,harshil,1
48111,harshil,1
48112,harshil,111111111111111111111111111111111111111111@1111111111111111111111111111a1111111111111111111a111111111
48113,harshil,111
48114,harshil,111111111111111111111111111111111111111111@1111111111111111111111111111a1111111111111111111a111111111
48115,harshil,1
48116,harshil,1
48117,harshil,1
48118,harshil,111111111111111111111111111111111111111111@1111111111111111111111111111a1111111111111111111a111111111
48119,harshil,111
48120,harshil,111111111111111111111111111111111111111111@1111111111111111111111111111a1111111111111111111a111111111
48121,harshil,1
48122,harshil,1
48123,harshil,1
48124,harshil,111111111111111111111111111111111111111111@1111111111111111111111111111a1111111111111111111a111111111
48125,harshil,111
48126,harshil,111111111111111111111111111111111111111111@1111111111111111111111111111a1111111111111111111a111111111
48127,harshil,1
48128,harshil,1
48129,harshil,1
48130,harshil,111111111111111111111111111111111111111111@1111111111111111111111111111a1111111111111111111a111111111
48131,harshil,111
48132,harshil,111111111111111111111111111111111111111111@1111111111111111111111111111a1111111111111111111a111111111
48133,harshil,1
48134,harshil,1
48135,harshil,1
48136,harshil,111111111111111111111111111111111111111111@1111111111111111111111111111a1111111111111111111a111111111
48137,harshil,111
48138,harshil,111111111111111111111111111111111111111111@1111111111111111111111111111a1111111111111111111a111111111
48139,harshil,1
48140,harshil,1
48141,harshil,1
48142,harshil,111111111111111111111111111111111111111111@1111111111111111111111111111a1111111111111111111a111111111
48143,harshil,111
48144,harshil,111111111111111111111111111111111111111111@1111111111111111111111111111a1111111111111111111a111111111
48145,harshil,1
48146,harshil,1
48147,harshil,1
48148,harshil,111111111111111111111111111111111111111111@1111111111111111111111111111a1111111111111111111a111111111
48149,harshil,111
48150,harshil,111111111111111111111111111111111111111111@1111111111111111111111111111a1111111111111111111a111111111
48151,harshil,1
48152,harshil,1
48153,harshil,1
48154,harshil,111111111111111111111111111111111111111111@1111111111111111111111111111a1111111111111111111a111111111
48155,harshil,111
48156,harshil,111111111111111111111111111111111111111111@1111111111111111111111111111a1111111111111111111a111111111
48157,harshil,1
48158,harshil,1
48159,harshil,1
48160,harshil,111111111111111111111111111111111111111111@1111111111111111111111111111a1111111111111111111a111111111
48161,harshil,111
48162,harshil,111111111111111111111111111111111111111111@1111111111111111111111111111a1111111111111111111a111111111
48163,harshil,1
48164,harshil,1
48165,harshil,1
48166,harshil,111111111111111111111111111111111111111111@1111111111111111111111111111a1111111111111111111a111111111
48167,harshil,111
48168,harshil,111111111111111111111111111111111111111111@1111111111111111111111111111a1111111111111111111a111111111
48169,harshil,1
48170,harshil,1
48171,harshil,1
48172,harshil,111111111111111111111111111111111111111111@1111111111111111111111111111a1111111111111111111a111111111
48173,harshil,111
48174,harshil,111111111111111111111111111111111111111111@1111111111111111111111111111a1111111111111111111a111111111
48175,harshil,1
48176,harshil,1
48177,harshil,1
48178,harshil,111111111111111111111111111111111111111111@1111111111111111111111111111a1111111111111111111a111111111
48179,harshil,111
48180,harshil,111111111111111111111111111111111111111111@1111111111111111111111111111a1111111111111111111a111111111
48181,harshil,1
48182,harshil,1
48183,harshil,1
48184,harshil,111111111111111111111111111111111111111111@1111111111111111111111111111a1111111111111111111a111111111
48185,harshil,111
48186,harshil,111111111111111111111111111111111111111111@1111111111111111111111111111a1111111111111111111a111111111
48187,harshil,1
48188,harshil,1
48189,harshil,1
48190,harshil,111111111111111111111111111111111111111111@1111111111111111111111111111a1111111111111111111a111111111
48191,harshil,111
48192,harshil,111111111111111111111111111111111111111111@1111111111111111111111111111a1111111111111111111a111111111
48193,harshil,1
48194,harshil,1
48195,harshil,1
48196,harshil,111111111111111111111111111111111111111111@1111111111111111111111111111a1111111111111111111a111111111
48197,harshil,111
48198,harshil,111111111111111111111111111111111111111111@1111111111111111111111111111a1111111111111111111a111111111
48199,harshil,1
48200,harshil,1
48201,harshil,1
48202,harshil,111111111111111111111111111111111111111111@1111111111111111111111111111a1111111111111111111a111111111
48203,harshil,111
48204,harshil,111111111111111111111111111111111111111111@1111111111111111111111111111a1111111111111111111a111111111
48205,harshil,1
48206,harshil,1
48207,harshil,1
48208,harshil,111111111111111111111111111111111111111111@1111111111111111111111111111a1111111111111111111a111111111
48209,harshil,111
48210,harshil,111111111111111111111111111111111111111111@1111111111111111111111111111a1111111111111111111a111111111
48211,harshil,1
48212,harshil,1
48213,harshil,1
48214,harshil,111111111111111111111111111111111111111111@1111111111111111111111111111a1111111111111111111a111111111
48215,harshil,111
48216,harshil,111111111111111111111111111111111111111111@1111111111111111111111111111a1111111111111111111a111111111
48217,harshil,1
48218,harshil,1
48219,harshil,1
48220,harshil,111111111111111111111111111111111111111111@1111111111111111111111111111a1111111111111111111a111111111
48221,harshil,111
48222,harshil,111111111111111111111111111111111111111111@1111111111111111111111111111a1111111111111111111a111111111
48223,harshil,1
48224,harshil,1
48225,harshil,1
48226,harshil,111111111111111111111111111111111111111111@1111111111111111111111111111a1111111111111111111a111111111
48227,harshil,111
48228,harshil,111111111111111111111111111111111111111111@1111111111111111111111111111a1111111111111111111a111111111
48229,harshil,1
48230,harshil,1
48231,harshil,1
48232,harshil,111111111111111111111111111111111111111111@1111111111111111111111111111a1111111111111111111a111111111
48233,harshil,111
48234,harshil,111111111111111111111111111111111111111111@1111111111111111111111111111a1111111111111111111a111111111
48235,harshil,1
48236,harshil,1
48237,harshil,1
48238,harshil,111111111111111111111111111111111111111111@1111111111111111111111111111a1111111111111111111a111111111
48239,harshil,111
48240,harshil,111111111111111111111111111111111111111111@1111111111111111111111111111a1111111111111111111a111111111
48241,harshil,1
48242,harshil,1
48243,harshil,1
48244,harshil,111111111111111111111111111111111111111111@1111111111111111111111111111a1111111111111111111a111111111
48245,harshil,111
48246,harshil,111111111111111111111111111111111111111111@1111111111111111111111111111a1111111111111111111a111111111
48247,harshil,1
48248,harshil,1
48249,harshil,1
48250,harshil,111111111111111111111111111111111111111111@1111111111111111111111111111a1111111111111111111a111111111
48251,harshil,111
48252,harshil,111111111111111111111111111111111111111111@1111111111111111111111111111a1111111111111111111a111111111
48253,harshil,1
48254,harshil,1
48255,harshil,1
48256,harshil,111111111111111111111111111111111111111111@1111111111111111111111111111a1111111111111111111a111111111
48257,harshil,111
48258,harshil,111111111111111111111111111111111111111111@1111111111111111111111111111a1111111111111111111a111111111
48259,harshil,1
48260,harshil,1
48261,harshil,1
48262,harshil,111111111111111111111111111111111111111111@1111111111111111111111111111a1111111111111111111a111111111
48263,harshil,111
48264,harshil,111111111111111111111111111111111111111111@1111111111111111111111111111a1111111111111111111a111111111
48265,harshil,1
48266,harshil,1
48267,harshil,1
48268,harshil,111111111111111111111111111111111111111111@1111111111111111111111111111a1111111111111111111a111111111
48269,harshil,111
48270,harshil,111111111111111111111111111111111111111111@1111111111111111111111111111a1111111111111111111a111111111
48271,harshil,1
48272,harshil,1
48273,harshil,1
48274,harshil,111111111111111111111111111111111111111111@1111111111111111111111111111a1111111111111111111a111111111
48275,harshil,111
48276,harshil,111111111111111111111111111111111111111111@1111111111111111111111111111a1111111111111111111a111111111
48277,harshil,1
48278,harshil,1
48279,harshil,1
48280,harshil,111111111111111111111111111111111111111111@1111111111111111111111111111a1111111111111111111a111111111
48281,harshil,111
48282,harshil,111111111111111111111111111111111111111111@1111111111111111111111111111a1111111111111111111a111111111
48283,harshil,1
48284,harshil,1
48285,harshil,1
48286,harshil,111111111111111111111111111111111111111111@1111111111111111111111111111a1111111111111111111a111111111
48287,harshil,111
48288,harshil,111111111111111111111111111111111111111111@1111111111111111111111111111a1111111111111111111a111111111
48289,harshil,1
48290,harshil,1
48291,harshil,1
48292,harshil,111111111111111111111111111111111111111111@1111111111111111111111111111a1111111111111111111a111111111
48293,harshil,111
48294,harshil,111111111111111111111111111111111111111111@1111111111111111111111111111a1111111111111111111a111111111
48295,harshil,1
48296,harshil,1
48297,harshil,1
48298,harshil,111111111111111111111111111111111111111111@1111111111111111111111111111a1111111111111111111a111111111
48299,harshil,111
48300,harshil,111111111111111111111111111111111111111111@1111111111111111111111111111a1111111111111111111a111111111
48301,harshil,1
48302,harshil,1
48303,harshil,1
48304,harshil,111111111111111111111111111111111111111111@1111111111111111111111111111a1111111111111111111a111111111
48305,harshil,111
48306,harshil,111111111111111111111111111111111111111111@1111111111111111111111111111a1111111111111111111a111111111
48307,harshil,1
48308,harshil,1
48309,harshil,1
48310,harshil,111111111111111111111111111111111111111111@1111111111111111111111111111a1111111111111111111a111111111
48311,harshil,111
48312,harshil,111111111111111111111111111111111111111111@1111111111111111111111111111a1111111111111111111a111111111
48313,harshil,1
48314,harshil,1
48315,harshil,1
48316,harshil,111111111111111111111111111111111111111111@1111111111111111111111111111a1111111111111111111a111111111
48317,harshil,111
48318,harshil,111111111111111111111111111111111111111111@1111111111111111111111111111a1111111111111111111a111111111
48319,harshil,1
48320,harshil,1
48321,harshil,1
48322,harshil,111111111111111111111111111111111111111111@1111111111111111111111111111a1111111111111111111a111111111
48323,harshil,111
48324,harshil,111111111111111111111111111111111111111111@1111111111111111111111111111a1111111111111111111a111111111
48325,harshil,1
48326,harshil,1
48327,harshil,1
48328,harshil,111111111111111111111111111111111111111111@1111111111111111111111111111a1111111111111111111a111111111
48329,harshil,111
48330,harshil,111111111111111111111111111111111111111111@1111111111111111111111111111a1111111111111111111a111111111
48331,harshil,1
48332,harshil,1
48333,harshil,1
48334,harshil,111111111111111111111111111111111111111111@1111111111111111111111111111a1111111111111111111a111111111
48335,harshil,111
48336,harshil,111111111111111111111111111111111111111111@1111111111111111111111111111a1111111111111111111a111111111
48337,harshil,1
48338,harshil,1
48339,harshil,1
48340,harshil,111111111111111111111111111111111111111111@1111111111111111111111111111a1111111111111111111a111111111
48341,harshil,111
48342,harshil,111111111111111111111111111111111111111111@1111111111111111111111111111a1111111111111111111a111111111
48343,harshil,1
48344,harshil,1
48345,harshil,1
48346,harshil,111111111111111111111111111111111111111111@1111111111111111111111111111a1111111111111111111a111111111
48347,harshil,111
48348,harshil,111111111111111111111111111111111111111111@1111111111111111111111111111a1111111111111111111a111111111
48349,harshil,1
48350,harshil,1
48351,harshil,1
48352,harshil,111111111111111111111111111111111111111111@1111111111111111111111111111a1111111111111111111a111111111
48353,harshil,111
48354,harshil,111111111111111111111111111111111111111111@1111111111111111111111111111a1111111111111111111a111111111
48355,harshil,1
48356,harshil,1
48357,harshil,1
48358,harshil,111111111111111111111111111111111111111111@1111111111111111111111111111a1111111111111111111a111111111
48359,harshil,111
48360,harshil,111111111111111111111111111111111111111111@1111111111111111111111111111a1111111111111111111a111111111
48361,harshil,1
48362,harshil,1
48363,harshil,1
48364,harshil,111111111111111111111111111111111111111111@1111111111111111111111111111a1111111111111111111a111111111
48365,harshil,111
48366,harshil,111111111111111111111111111111111111111111@1111111111111111111111111111a1111111111111111111a111111111
48367,harshil,1
48368,harshil,1
48369,harshil,1
48370,harshil,111111111111111111111111111111111111111111@1111111111111111111111111111a1111111111111111111a111111111
48371,harshil,111
48372,harshil,111111111111111111111111111111111111111111@1111111111111111111111111111a1111111111111111111a111111111
48373,harshil,1
48374,harshil,1
48375,harshil,1
48376,harshil,111111111111111111111111111111111111111111@1111111111111111111111111111a1111111111111111111a111111111
48377,harshil,111
48378,harshil,111111111111111111111111111111111111111111@1111111111111111111111111111a1111111111111111111a111111111
48379,harshil,1
48380,harshil,1
48381,harshil,1
48382,harshil,111111111111111111111111111111111111111111@1111111111111111111111111111a1111111111111111111a111111111
48383,harshil,111
48384,harshil,111111111111111111111111111111111111111111@1111111111111111111111111111a1111111111111111111a111111111
48385,harshil,1
48386,harshil,1
48387,harshil,1
48388,harshil,111111111111111111111111111111111111111111@1111111111111111111111111111a1111111111111111111a111111111
48389,harshil,111
48390,harshil,111111111111111111111111111111111111111111@1111111111111111111111111111a1111111111111111111a111111111
48391,harshil,1
48392,harshil,1
48393,harshil,1
48394,harshil,111111111111111111111111111111111111111111@1111111111111111111111111111a1111111111111111111a111111111
48395,harshil,111
48396,harshil,111111111111111111111111111111111111111111@1111111111111111111111111111a1111111111111111111a111111111
48397,harshil,1
48398,harshil,1
48399,harshil,1
48400,harshil,111111111111111111111111111111111111111111@1111111111111111111111111111a1111111111111111111a111111111
48401,harshil,111
48402,harshil,111111111111111111111111111111111111111111@1111111111111111111111111111a1111111111111111111a111111111
48403,harshil,1
48404,harshil,1
48405,harshil,1
48406,harshil,111111111111111111111111111111111111111111@1111111111111111111111111111a1111111111111111111a111111111
48407,harshil,111
48408,harshil,111111111111111111111111111111111111111111@1111111111111111111111111111a1111111111111111111a111111111
48409,harshil,1
48410,harshil,1
48411,harshil,1
48412,harshil,111111111111111111111111111111111111111111@1111111111111111111111111111a1111111111111111111a111111111
48413,harshil,111
48414,harshil,111111111111111111111111111111111111111111@1111111111111111111111111111a1111111111111111111a111111111
48415,harshil,1
48416,harshil,1
48417,harshil,1
48418,harshil,111111111111111111111111111111111111111111@1111111111111111111111111111a1111111111111111111a111111111
48419,harshil,111
48420,harshil,111111111111111111111111111111111111111111@1111111111111111111111111111a1111111111111111111a111111111
48421,harshil,1
48422,harshil,1
48423,harshil,1
48424,harshil,111111111111111111111111111111111111111111@1111111111111111111111111111a1111111111111111111a111111111
48425,harshil,111
48426,harshil,111111111111111111111111111111111111111111@1111111111111111111111111111a1111111111111111111a111111111
48427,harshil,1
48428,harshil,1
48429,harshil,1
48430,harshil,111111111111111111111111111111111111111111@1111111111111111111111111111a1111111111111111111a111111111
48431,harshil,111
48432,harshil,111111111111111111111111111111111111111111@1111111111111111111111111111a1111111111111111111a111111111
48433,harshil,1
48434,harshil,1
48435,harshil,1
48436,harshil,111111111111111111111111111111111111111111@1111111111111111111111111111a1111111111111111111a111111111
48437,harshil,111
48438,harshil,111111111111111111111111111111111111111111@1111111111111111111111111111a1111111111111111111a111111111
48439,harshil,1
48440,harshil,1
48441,harshil,1
48442,harshil,111111111111111111111111111111111111111111@1111111111111111111111111111a1111111111111111111a111111111
48443,harshil,111
48444,harshil,111111111111111111111111111111111111111111@1111111111111111111111111111a1111111111111111111a111111111
48445,harshil,1
48446,harshil,1
48447,harshil,1
48448,harshil,111111111111111111111111111111111111111111@1111111111111111111111111111a1111111111111111111a111111111
48449,harshil,111
48450,harshil,111111111111111111111111111111111111111111@1111111111111111111111111111a1111111111111111111a111111111
48451,harshil,1
48452,harshil,1
48453,harshil,1
48454,harshil,111111111111111111111111111111111111111111@1111111111111111111111111111a1111111111111111111a111111111
48455,harshil,111
48456,harshil,111111111111111111111111111111111111111111@1111111111111111111111111111a1111111111111111111a111111111
48457,harshil,1
48458,harshil,1
48459,harshil,1
48460,harshil,111111111111111111111111111111111111111111@1111111111111111111111111111a1111111111111111111a111111111
48461,harshil,111
48462,harshil,111111111111111111111111111111111111111111@1111111111111111111111111111a1111111111111111111a111111111
48463,harshil,1
48464,harshil,1
48465,harshil,1
48466,harshil,111111111111111111111111111111111111111111@1111111111111111111111111111a1111111111111111111a111111111
48467,harshil,111
48468,harshil,111111111111111111111111111111111111111111@1111111111111111111111111111a1111111111111111111a111111111
48469,harshil,1
48470,harshil,1
48471,harshil,1
48472,harshil,111111111111111111111111111111111111111111@1111111111111111111111111111a1111111111111111111a111111111
48473,harshil,111
48474,harshil,111111111111111111111111111111111111111111@1111111111111111111111111111a1111111111111111111a111111111
48475,harshil,1
48476,harshil,1
48477,harshil,1
48478,harshil,111111111111111111111111111111111111111111@1111111111111111111111111111a1111111111111111111a111111111
48479,harshil,111
48480,harshil,111111111111111111111111111111111111111111@1111111111111111111111111111a1111111111111111111a111111111
48481,harshil,1
48482,harshil,1
48483,harshil,1
48484,harshil,111111111111111111111111111111111111111111@1111111111111111111111111111a1111111111111111111a111111111
48485,harshil,111
48486,harshil,111111111111111111111111111111111111111111@1111111111111111111111111111a1111111111111111111a111111111
48487,harshil,1
48488,harshil,1
48489,harshil,1
48490,harshil,111111111111111111111111111111111111111111@1111111111111111111111111111a1111111111111111111a111111111
48491,harshil,111
48492,harshil,111111111111111111111111111111111111111111@1111111111111111111111111111a1111111111111111111a111111111
48493,harshil,1
48494,harshil,1
48495,harshil,1
48496,harshil,111111111111111111111111111111111111111111@1111111111111111111111111111a1111111111111111111a111111111
48497,harshil,111
48498,harshil,111111111111111111111111111111111111111111@1111111111111111111111111111a1111111111111111111a111111111
48499,harshil,1
48500,harshil,1
48501,harshil,1
48502,harshil,111111111111111111111111111111111111111111@1111111111111111111111111111a1111111111111111111a111111111
48503,harshil,111
48504,harshil,111111111111111111111111111111111111111111@1111111111111111111111111111a1111111111111111111a111111111
48505,harshil,1
48506,harshil,1
48507,harshil,1
48508,harshil,111111111111111111111111111111111111111111@1111111111111111111111111111a1111111111111111111a111111111
48509,harshil,111
48510,harshil,111111111111111111111111111111111111111111@1111111111111111111111111111a1111111111111111111a111111111
48511,harshil,1
48512,harshil,1
48513,harshil,1
48514,harshil,111111111111111111111111111111111111111111@1111111111111111111111111111a1111111111111111111a111111111
48515,harshil,111
48516,harshil,111111111111111111111111111111111111111111@1111111111111111111111111111a1111111111111111111a111111111
48517,harshil,1
48518,harshil,1
48519,harshil,1
48520,harshil,111111111111111111111111111111111111111111@1111111111111111111111111111a1111111111111111111a111111111
48521,harshil,111
48522,harshil,111111111111111111111111111111111111111111@1111111111111111111111111111a1111111111111111111a111111111
48523,harshil,1
48524,harshil,1
48525,harshil,1
48526,harshil,111111111111111111111111111111111111111111@1111111111111111111111111111a1111111111111111111a111111111
48527,harshil,111
48528,harshil,111111111111111111111111111111111111111111@1111111111111111111111111111a1111111111111111111a111111111
48529,harshil,1
48530,harshil,1
48531,harshil,1
48532,harshil,111111111111111111111111111111111111111111@1111111111111111111111111111a1111111111111111111a111111111
48533,harshil,111
48534,harshil,111111111111111111111111111111111111111111@1111111111111111111111111111a1111111111111111111a111111111
48535,harshil,1
48536,harshil,1
48537,harshil,1
48538,harshil,111111111111111111111111111111111111111111@1111111111111111111111111111a1111111111111111111a111111111
48539,harshil,111
48540,harshil,111111111111111111111111111111111111111111@1111111111111111111111111111a1111111111111111111a111111111
48541,harshil,1
48542,harshil,1
48543,harshil,1
48544,harshil,111111111111111111111111111111111111111111@1111111111111111111111111111a1111111111111111111a111111111
48545,harshil,111
48546,harshil,111111111111111111111111111111111111111111@1111111111111111111111111111a1111111111111111111a111111111
48547,harshil,1
48548,harshil,1
48549,harshil,1
48550,harshil,111111111111111111111111111111111111111111@1111111111111111111111111111a1111111111111111111a111111111
48551,harshil,111
48552,harshil,111111111111111111111111111111111111111111@1111111111111111111111111111a1111111111111111111a111111111
48553,harshil,1
48554,harshil,1
48555,harshil,1
48556,harshil,111111111111111111111111111111111111111111@1111111111111111111111111111a1111111111111111111a111111111
48557,harshil,111
48558,harshil,111111111111111111111111111111111111111111@1111111111111111111111111111a1111111111111111111a111111111
48559,harshil,1
48560,harshil,1
48561,harshil,1
48562,harshil,111111111111111111111111111111111111111111@1111111111111111111111111111a1111111111111111111a111111111
48563,harshil,111
48564,harshil,111111111111111111111111111111111111111111@1111111111111111111111111111a1111111111111111111a111111111
48565,harshil,1
48566,harshil,1
48567,harshil,1
48568,harshil,111111111111111111111111111111111111111111@1111111111111111111111111111a1111111111111111111a111111111
48569,harshil,111
48570,harshil,111111111111111111111111111111111111111111@1111111111111111111111111111a1111111111111111111a111111111
48571,harshil,1
48572,harshil,1
48573,harshil,1
48574,harshil,111111111111111111111111111111111111111111@1111111111111111111111111111a1111111111111111111a111111111
48575,harshil,111
48576,harshil,111111111111111111111111111111111111111111@1111111111111111111111111111a1111111111111111111a111111111
48577,harshil,1
48578,harshil,1
48579,harshil,1
48580,harshil,111111111111111111111111111111111111111111@1111111111111111111111111111a1111111111111111111a111111111
48581,harshil,111
48582,harshil,111111111111111111111111111111111111111111@1111111111111111111111111111a1111111111111111111a111111111
48583,harshil,1
48584,harshil,1
48585,harshil,1
48586,harshil,111111111111111111111111111111111111111111@1111111111111111111111111111a1111111111111111111a111111111
48587,harshil,111
48588,harshil,111111111111111111111111111111111111111111@1111111111111111111111111111a1111111111111111111a111111111
48589,harshil,1
48590,harshil,1
48591,harshil,1
48592,harshil,111111111111111111111111111111111111111111@1111111111111111111111111111a1111111111111111111a111111111
48593,harshil,111
48594,harshil,111111111111111111111111111111111111111111@1111111111111111111111111111a1111111111111111111a111111111
48595,harshil,1
48596,harshil,1
48597,harshil,1
48598,harshil,111111111111111111111111111111111111111111@1111111111111111111111111111a1111111111111111111a111111111
48599,harshil,111
48600,harshil,111111111111111111111111111111111111111111@1111111111111111111111111111a1111111111111111111a111111111
48601,harshil,1
48602,harshil,1
48603,harshil,1
48604,harshil,111111111111111111111111111111111111111111@1111111111111111111111111111a1111111111111111111a111111111
48605,harshil,111
48606,harshil,111111111111111111111111111111111111111111@1111111111111111111111111111a1111111111111111111a111111111
48607,harshil,1
48608,harshil,1
48609,harshil,1
48610,harshil,111111111111111111111111111111111111111111@1111111111111111111111111111a1111111111111111111a111111111
48611,harshil,111
48612,harshil,111111111111111111111111111111111111111111@1111111111111111111111111111a1111111111111111111a111111111
48613,harshil,1
48614,harshil,1
48615,harshil,1
48616,harshil,111111111111111111111111111111111111111111@1111111111111111111111111111a1111111111111111111a111111111
48617,harshil,111
48618,harshil,111111111111111111111111111111111111111111@1111111111111111111111111111a1111111111111111111a111111111
48619,harshil,1
48620,harshil,1
48621,harshil,1
48622,harshil,111111111111111111111111111111111111111111@1111111111111111111111111111a1111111111111111111a111111111
48623,harshil,111
48624,harshil,111111111111111111111111111111111111111111@1111111111111111111111111111a1111111111111111111a111111111
48625,harshil,1
48626,harshil,1
48627,harshil,1
48628,harshil,111111111111111111111111111111111111111111@1111111111111111111111111111a1111111111111111111a111111111
48629,harshil,111
48630,harshil,111111111111111111111111111111111111111111@1111111111111111111111111111a1111111111111111111a111111111
48631,harshil,1
48632,harshil,1
48633,harshil,1
48634,harshil,111111111111111111111111111111111111111111@1111111111111111111111111111a1111111111111111111a111111111
48635,harshil,111
48636,harshil,111111111111111111111111111111111111111111@1111111111111111111111111111a1111111111111111111a111111111
48637,harshil,1
48638,harshil,1
48639,harshil,1
48640,harshil,111111111111111111111111111111111111111111@1111111111111111111111111111a1111111111111111111a111111111
48641,harshil,111
48642,harshil,111111111111111111111111111111111111111111@1111111111111111111111111111a1111111111111111111a111111111
48643,harshil,1
48644,harshil,1
48645,harshil,1
48646,harshil,111111111111111111111111111111111111111111@1111111111111111111111111111a1111111111111111111a111111111
48647,harshil,111
48648,harshil,111111111111111111111111111111111111111111@1111111111111111111111111111a1111111111111111111a111111111
48649,harshil,1
48650,harshil,1
48651,harshil,1
48652,harshil,111111111111111111111111111111111111111111@1111111111111111111111111111a1111111111111111111a111111111
48653,harshil,111
48654,harshil,111111111111111111111111111111111111111111@1111111111111111111111111111a1111111111111111111a111111111
48655,harshil,1
48656,harshil,1
48657,harshil,1
48658,harshil,111111111111111111111111111111111111111111@1111111111111111111111111111a1111111111111111111a111111111
48659,harshil,111
48660,harshil,111111111111111111111111111111111111111111@1111111111111111111111111111a1111111111111111111a111111111
48661,harshil,1
48662,harshil,1
48663,harshil,1
48664,harshil,111111111111111111111111111111111111111111@1111111111111111111111111111a1111111111111111111a111111111
48665,harshil,111
48666,harshil,111111111111111111111111111111111111111111@1111111111111111111111111111a1111111111111111111a111111111
48667,harshil,1
48668,harshil,1
48669,harshil,1
48670,harshil,111111111111111111111111111111111111111111@1111111111111111111111111111a1111111111111111111a111111111
48671,harshil,111
48672,harshil,111111111111111111111111111111111111111111@1111111111111111111111111111a1111111111111111111a111111111
48673,harshil,1
48674,harshil,1
48675,harshil,1
48676,harshil,111111111111111111111111111111111111111111@1111111111111111111111111111a1111111111111111111a111111111
48677,harshil,111
48678,harshil,111111111111111111111111111111111111111111@1111111111111111111111111111a1111111111111111111a111111111
48679,harshil,1
48680,harshil,1
48681,harshil,1
48682,harshil,111111111111111111111111111111111111111111@1111111111111111111111111111a1111111111111111111a111111111
48683,harshil,111
48684,harshil,111111111111111111111111111111111111111111@1111111111111111111111111111a1111111111111111111a111111111
48685,harshil,1
48686,harshil,1
48687,harshil,1
48688,harshil,111111111111111111111111111111111111111111@1111111111111111111111111111a1111111111111111111a111111111
48689,harshil,111
48690,harshil,111111111111111111111111111111111111111111@1111111111111111111111111111a1111111111111111111a111111111
48691,harshil,1
48692,harshil,1
48693,harshil,1
48694,harshil,111111111111111111111111111111111111111111@1111111111111111111111111111a1111111111111111111a111111111
48695,harshil,111
48696,harshil,111111111111111111111111111111111111111111@1111111111111111111111111111a1111111111111111111a111111111
48697,harshil,1
48698,harshil,1
48699,harshil,1
48700,harshil,111111111111111111111111111111111111111111@1111111111111111111111111111a1111111111111111111a111111111
48701,harshil,111
48702,harshil,111111111111111111111111111111111111111111@1111111111111111111111111111a1111111111111111111a111111111
48703,harshil,1
48704,harshil,1
48705,harshil,1
48706,harshil,111111111111111111111111111111111111111111@1111111111111111111111111111a1111111111111111111a111111111
48707,harshil,111
48708,harshil,111111111111111111111111111111111111111111@1111111111111111111111111111a1111111111111111111a111111111
48709,harshil,1
48710,harshil,1
48711,harshil,1
48712,harshil,111111111111111111111111111111111111111111@1111111111111111111111111111a1111111111111111111a111111111
48713,harshil,111
48714,harshil,111111111111111111111111111111111111111111@1111111111111111111111111111a1111111111111111111a111111111
48715,harshil,1
48716,harshil,1
48717,harshil,1
48718,harshil,111111111111111111111111111111111111111111@1111111111111111111111111111a1111111111111111111a111111111
48719,harshil,111
48720,harshil,111111111111111111111111111111111111111111@1111111111111111111111111111a1111111111111111111a111111111
48721,harshil,1
48722,harshil,1
48723,harshil,1
48724,harshil,111111111111111111111111111111111111111111@1111111111111111111111111111a1111111111111111111a111111111
48725,harshil,111
48726,harshil,111111111111111111111111111111111111111111@1111111111111111111111111111a1111111111111111111a111111111
48727,harshil,1
48728,harshil,1
48729,harshil,1
48730,harshil,111111111111111111111111111111111111111111@1111111111111111111111111111a1111111111111111111a111111111
48731,harshil,111
48732,harshil,111111111111111111111111111111111111111111@1111111111111111111111111111a1111111111111111111a111111111
48733,harshil,1
48734,harshil,1
48735,harshil,1
48736,harshil,111111111111111111111111111111111111111111@1111111111111111111111111111a1111111111111111111a111111111
48737,harshil,111
48738,harshil,111111111111111111111111111111111111111111@1111111111111111111111111111a1111111111111111111a111111111
48739,harshil,1
48740,harshil,1
48741,harshil,1
48742,harshil,111111111111111111111111111111111111111111@1111111111111111111111111111a1111111111111111111a111111111
48743,harshil,111
48744,harshil,111111111111111111111111111111111111111111@1111111111111111111111111111a1111111111111111111a111111111
48745,harshil,1
48746,harshil,1
48747,harshil,1
48748,harshil,111111111111111111111111111111111111111111@1111111111111111111111111111a1111111111111111111a111111111
48749,harshil,111
48750,harshil,111111111111111111111111111111111111111111@1111111111111111111111111111a1111111111111111111a111111111
48751,harshil,1
48752,harshil,1
48753,harshil,1
48754,harshil,111111111111111111111111111111111111111111@1111111111111111111111111111a1111111111111111111a111111111
48755,harshil,111
48756,harshil,111111111111111111111111111111111111111111@1111111111111111111111111111a1111111111111111111a111111111
48757,harshil,1
48758,harshil,1
48759,harshil,1
48760,harshil,111111111111111111111111111111111111111111@1111111111111111111111111111a1111111111111111111a111111111
48761,harshil,111
48762,harshil,111111111111111111111111111111111111111111@1111111111111111111111111111a1111111111111111111a111111111
48763,harshil,1
48764,harshil,1
48765,harshil,1
48766,harshil,111111111111111111111111111111111111111111@1111111111111111111111111111a1111111111111111111a111111111
48767,harshil,111
48768,harshil,111111111111111111111111111111111111111111@1111111111111111111111111111a1111111111111111111a111111111
48769,harshil,1
48770,harshil,1
48771,harshil,1
48772,harshil,111111111111111111111111111111111111111111@1111111111111111111111111111a1111111111111111111a111111111
48773,harshil,111
48774,harshil,111111111111111111111111111111111111111111@1111111111111111111111111111a1111111111111111111a111111111
48775,harshil,1
48776,harshil,1
48777,harshil,1
48778,harshil,111111111111111111111111111111111111111111@1111111111111111111111111111a1111111111111111111a111111111
48779,harshil,111
48780,harshil,111111111111111111111111111111111111111111@1111111111111111111111111111a1111111111111111111a111111111
48781,harshil,1
48782,harshil,1
48783,harshil,1
48784,harshil,111111111111111111111111111111111111111111@1111111111111111111111111111a1111111111111111111a111111111
48785,harshil,111
48786,harshil,111111111111111111111111111111111111111111@1111111111111111111111111111a1111111111111111111a111111111
48787,harshil,1
48788,harshil,1
48789,harshil,1
48790,harshil,111111111111111111111111111111111111111111@1111111111111111111111111111a1111111111111111111a111111111
48791,harshil,111
48792,harshil,111111111111111111111111111111111111111111@1111111111111111111111111111a1111111111111111111a111111111
48793,harshil,1
48794,harshil,1
48795,harshil,1
48796,harshil,111111111111111111111111111111111111111111@1111111111111111111111111111a1111111111111111111a111111111
48797,harshil,111
48798,harshil,111111111111111111111111111111111111111111@1111111111111111111111111111a1111111111111111111a111111111
48799,harshil,1
48800,harshil,1
48801,harshil,1
48802,harshil,111111111111111111111111111111111111111111@1111111111111111111111111111a1111111111111111111a111111111
48803,harshil,111
48804,harshil,111111111111111111111111111111111111111111@1111111111111111111111111111a1111111111111111111a111111111
48805,harshil,1
48806,harshil,1
48807,harshil,1
48808,harshil,111111111111111111111111111111111111111111@1111111111111111111111111111a1111111111111111111a111111111
48809,harshil,111
48810,harshil,111111111111111111111111111111111111111111@1111111111111111111111111111a1111111111111111111a111111111
48811,harshil,1
48812,harshil,1
48813,harshil,1
48814,harshil,111111111111111111111111111111111111111111@1111111111111111111111111111a1111111111111111111a111111111
48815,harshil,111
48816,harshil,111111111111111111111111111111111111111111@1111111111111111111111111111a1111111111111111111a111111111
48817,harshil,1
48818,harshil,1
48819,harshil,1
48820,harshil,111111111111111111111111111111111111111111@1111111111111111111111111111a1111111111111111111a111111111
48821,harshil,111
48822,harshil,111111111111111111111111111111111111111111@1111111111111111111111111111a1111111111111111111a111111111
48823,harshil,1
48824,harshil,1
48825,harshil,1
48826,harshil,111111111111111111111111111111111111111111@1111111111111111111111111111a1111111111111111111a111111111
48827,harshil,111
48828,harshil,111111111111111111111111111111111111111111@1111111111111111111111111111a1111111111111111111a111111111
48829,harshil,1
48830,harshil,1
48831,harshil,1
48832,harshil,111111111111111111111111111111111111111111@1111111111111111111111111111a1111111111111111111a111111111
48833,harshil,111
48834,harshil,111111111111111111111111111111111111111111@1111111111111111111111111111a1111111111111111111a111111111
48835,harshil,1
48836,harshil,1
48837,harshil,1
48838,harshil,111111111111111111111111111111111111111111@1111111111111111111111111111a1111111111111111111a111111111
48839,harshil,111
48840,harshil,111111111111111111111111111111111111111111@1111111111111111111111111111a1111111111111111111a111111111
48841,harshil,1
48842,harshil,1
48843,harshil,1
48844,harshil,111111111111111111111111111111111111111111@1111111111111111111111111111a1111111111111111111a111111111
48845,harshil,111
48846,harshil,111111111111111111111111111111111111111111@1111111111111111111111111111a1111111111111111111a111111111
48847,harshil,1
48848,harshil,1
48849,harshil,1
48850,harshil,111111111111111111111111111111111111111111@1111111111111111111111111111a1111111111111111111a111111111
48851,harshil,111
48852,harshil,111111111111111111111111111111111111111111@1111111111111111111111111111a1111111111111111111a111111111
48853,harshil,1
48854,harshil,1
48855,harshil,1
48856,harshil,111111111111111111111111111111111111111111@1111111111111111111111111111a1111111111111111111a111111111
48857,harshil,111
48858,harshil,111111111111111111111111111111111111111111@1111111111111111111111111111a1111111111111111111a111111111
48859,harshil,1
48860,harshil,1
48861,harshil,1
48862,harshil,111111111111111111111111111111111111111111@1111111111111111111111111111a1111111111111111111a111111111
48863,harshil,111
48864,harshil,111111111111111111111111111111111111111111@1111111111111111111111111111a1111111111111111111a111111111
48865,harshil,1
48866,harshil,1
48867,harshil,1
48868,harshil,111111111111111111111111111111111111111111@1111111111111111111111111111a1111111111111111111a111111111
48869,harshil,111
48870,harshil,111111111111111111111111111111111111111111@1111111111111111111111111111a1111111111111111111a111111111
48871,harshil,1
48872,harshil,1
48873,harshil,1
48874,harshil,111111111111111111111111111111111111111111@1111111111111111111111111111a1111111111111111111a111111111
48875,harshil,111
48876,harshil,111111111111111111111111111111111111111111@1111111111111111111111111111a1111111111111111111a111111111
48877,harshil,1
48878,harshil,1
48879,harshil,1
48880,harshil,111111111111111111111111111111111111111111@1111111111111111111111111111a1111111111111111111a111111111
48881,harshil,111
48882,harshil,111111111111111111111111111111111111111111@1111111111111111111111111111a1111111111111111111a111111111
48883,harshil,1
48884,harshil,1
48885,harshil,1
48886,harshil,111111111111111111111111111111111111111111@1111111111111111111111111111a1111111111111111111a111111111
48887,harshil,111
48888,harshil,111111111111111111111111111111111111111111@1111111111111111111111111111a1111111111111111111a111111111
48889,harshil,1
48890,harshil,1
48891,harshil,1
48892,harshil,111111111111111111111111111111111111111111@1111111111111111111111111111a1111111111111111111a111111111
48893,harshil,111
48894,harshil,111111111111111111111111111111111111111111@1111111111111111111111111111a1111111111111111111a111111111
48895,harshil,1
48896,harshil,1
48897,harshil,1
48898,harshil,111111111111111111111111111111111111111111@1111111111111111111111111111a1111111111111111111a111111111
48899,harshil,111
48900,harshil,111111111111111111111111111111111111111111@1111111111111111111111111111a1111111111111111111a111111111
48901,harshil,1
48902,harshil,1
48903,harshil,1
48904,harshil,111111111111111111111111111111111111111111@1111111111111111111111111111a1111111111111111111a111111111
48905,harshil,111
48906,harshil,111111111111111111111111111111111111111111@1111111111111111111111111111a1111111111111111111a111111111
48907,harshil,1
48908,harshil,1
48909,harshil,1
48910,harshil,111111111111111111111111111111111111111111@1111111111111111111111111111a1111111111111111111a111111111
48911,harshil,111
48912,harshil,111111111111111111111111111111111111111111@1111111111111111111111111111a1111111111111111111a111111111
48913,harshil,1
48914,harshil,1
48915,harshil,1
48916,harshil,111111111111111111111111111111111111111111@1111111111111111111111111111a1111111111111111111a111111111
48917,harshil,111
48918,harshil,111111111111111111111111111111111111111111@1111111111111111111111111111a1111111111111111111a111111111
48919,harshil,1
48920,harshil,1
48921,harshil,1
48922,harshil,111111111111111111111111111111111111111111@1111111111111111111111111111a1111111111111111111a111111111
48923,harshil,111
48924,harshil,111111111111111111111111111111111111111111@1111111111111111111111111111a1111111111111111111a111111111
48925,harshil,1
48926,harshil,1
48927,harshil,1
48928,harshil,111111111111111111111111111111111111111111@1111111111111111111111111111a1111111111111111111a111111111
48929,harshil,111
48930,harshil,111111111111111111111111111111111111111111@1111111111111111111111111111a1111111111111111111a111111111
48931,harshil,1
48932,harshil,1
48933,harshil,1
48934,harshil,111111111111111111111111111111111111111111@1111111111111111111111111111a1111111111111111111a111111111
48935,harshil,111
48936,harshil,111111111111111111111111111111111111111111@1111111111111111111111111111a1111111111111111111a111111111
48937,harshil,1
48938,harshil,1
48939,harshil,1
48940,harshil,111111111111111111111111111111111111111111@1111111111111111111111111111a1111111111111111111a111111111
48941,harshil,111
48942,harshil,111111111111111111111111111111111111111111@1111111111111111111111111111a1111111111111111111a111111111
48943,harshil,1
48944,harshil,1
48945,harshil,1
48946,harshil,111111111111111111111111111111111111111111@1111111111111111111111111111a1111111111111111111a111111111
48947,harshil,111
48948,harshil,111111111111111111111111111111111111111111@1111111111111111111111111111a1111111111111111111a111111111
48949,harshil,1
48950,harshil,1
48951,harshil,1
48952,harshil,111111111111111111111111111111111111111111@1111111111111111111111111111a1111111111111111111a111111111
48953,harshil,111
48954,harshil,111111111111111111111111111111111111111111@1111111111111111111111111111a1111111111111111111a111111111
48955,harshil,1
48956,harshil,1
48957,harshil,1
48958,harshil,111111111111111111111111111111111111111111@1111111111111111111111111111a1111111111111111111a111111111
48959,harshil,111
48960,harshil,111111111111111111111111111111111111111111@1111111111111111111111111111a1111111111111111111a111111111
48961,harshil,1
48962,harshil,1
48963,harshil,1
48964,harshil,111111111111111111111111111111111111111111@1111111111111111111111111111a1111111111111111111a111111111
48965,harshil,111
48966,harshil,111111111111111111111111111111111111111111@1111111111111111111111111111a1111111111111111111a111111111
48967,harshil,1
48968,harshil,1
48969,harshil,1
48970,harshil,111111111111111111111111111111111111111111@1111111111111111111111111111a1111111111111111111a111111111
48971,harshil,111
48972,harshil,111111111111111111111111111111111111111111@1111111111111111111111111111a1111111111111111111a111111111
48973,harshil,1
48974,harshil,1
48975,harshil,1
48976,harshil,111111111111111111111111111111111111111111@1111111111111111111111111111a1111111111111111111a111111111
48977,harshil,111
48978,harshil,111111111111111111111111111111111111111111@1111111111111111111111111111a1111111111111111111a111111111
48979,harshil,1
48980,harshil,1
48981,harshil,1
48982,harshil,111111111111111111111111111111111111111111@1111111111111111111111111111a1111111111111111111a111111111
48983,harshil,111
48984,harshil,111111111111111111111111111111111111111111@1111111111111111111111111111a1111111111111111111a111111111
48985,harshil,1
48986,harshil,1
48987,harshil,1
48988,harshil,111111111111111111111111111111111111111111@1111111111111111111111111111a1111111111111111111a111111111
48989,harshil,111
48990,harshil,111111111111111111111111111111111111111111@1111111111111111111111111111a1111111111111111111a111111111
48991,harshil,1
48992,harshil,1
48993,harshil,1
48994,harshil,111111111111111111111111111111111111111111@1111111111111111111111111111a1111111111111111111a111111111
48995,harshil,111
48996,harshil,111111111111111111111111111111111111111111@1111111111111111111111111111a1111111111111111111a111111111
48997,harshil,1
48998,harshil,1
48999,harshil,1
49000,harshil,111111111111111111111111111111111111111111@1111111111111111111111111111a1111111111111111111a111111111
49001,harshil,111
49002,harshil,111111111111111111111111111111111111111111@1111111111111111111111111111a1111111111111111111a111111111
49003,harshil,1
49004,harshil,1
49005,harshil,1
49006,harshil,111111111111111111111111111111111111111111@1111111111111111111111111111a1111111111111111111a111111111
49007,harshil,111
49008,harshil,111111111111111111111111111111111111111111@1111111111111111111111111111a1111111111111111111a111111111
49009,harshil,1
49010,harshil,1
49011,harshil,1
49012,harshil,111111111111111111111111111111111111111111@1111111111111111111111111111a1111111111111111111a111111111
49013,harshil,111
49014,harshil,111111111111111111111111111111111111111111@1111111111111111111111111111a1111111111111111111a111111111
49015,harshil,1
49016,harshil,1
49017,harshil,1
49018,harshil,111111111111111111111111111111111111111111@1111111111111111111111111111a1111111111111111111a111111111
49019,harshil,111
49020,harshil,111111111111111111111111111111111111111111@1111111111111111111111111111a1111111111111111111a111111111
49021,harshil,1
49022,harshil,1
49023,harshil,1
49024,harshil,111111111111111111111111111111111111111111@1111111111111111111111111111a1111111111111111111a111111111
49025,harshil,111
49026,harshil,111111111111111111111111111111111111111111@1111111111111111111111111111a1111111111111111111a111111111
49027,harshil,1
49028,harshil,1
49029,harshil,1
49030,harshil,111111111111111111111111111111111111111111@1111111111111111111111111111a1111111111111111111a111111111
49031,harshil,111
49032,harshil,111111111111111111111111111111111111111111@1111111111111111111111111111a1111111111111111111a111111111
49033,harshil,1
49034,harshil,1
49035,harshil,1
49036,harshil,111111111111111111111111111111111111111111@1111111111111111111111111111a1111111111111111111a111111111
49037,harshil,111
49038,harshil,111111111111111111111111111111111111111111@1111111111111111111111111111a1111111111111111111a111111111
49039,harshil,1
49040,harshil,1
49041,harshil,1
49042,harshil,111111111111111111111111111111111111111111@1111111111111111111111111111a1111111111111111111a111111111
49043,harshil,111
49044,harshil,111111111111111111111111111111111111111111@1111111111111111111111111111a1111111111111111111a111111111
49045,harshil,1
49046,harshil,1
49047,harshil,1
49048,harshil,111111111111111111111111111111111111111111@1111111111111111111111111111a1111111111111111111a111111111
49049,harshil,111
49050,harshil,111111111111111111111111111111111111111111@1111111111111111111111111111a1111111111111111111a111111111
49051,harshil,1
49052,harshil,1
49053,harshil,1
49054,harshil,111111111111111111111111111111111111111111@1111111111111111111111111111a1111111111111111111a111111111
49055,harshil,111
49056,harshil,111111111111111111111111111111111111111111@1111111111111111111111111111a1111111111111111111a111111111
49057,harshil,1
49058,harshil,1
49059,harshil,1
49060,harshil,111111111111111111111111111111111111111111@1111111111111111111111111111a1111111111111111111a111111111
49061,harshil,111
49062,harshil,111111111111111111111111111111111111111111@1111111111111111111111111111a1111111111111111111a111111111
49063,harshil,1
49064,harshil,1
49065,harshil,1
49066,harshil,111111111111111111111111111111111111111111@1111111111111111111111111111a1111111111111111111a111111111
49067,harshil,111
49068,harshil,111111111111111111111111111111111111111111@1111111111111111111111111111a1111111111111111111a111111111
49069,harshil,1
49070,harshil,1
49071,harshil,1
49072,harshil,111111111111111111111111111111111111111111@1111111111111111111111111111a1111111111111111111a111111111
49073,harshil,111
49074,harshil,111111111111111111111111111111111111111111@1111111111111111111111111111a1111111111111111111a111111111
49075,harshil,1
49076,harshil,1
49077,harshil,1
49078,harshil,111111111111111111111111111111111111111111@1111111111111111111111111111a1111111111111111111a111111111
49079,harshil,111
49080,harshil,111111111111111111111111111111111111111111@1111111111111111111111111111a1111111111111111111a111111111
49081,harshil,1
49082,harshil,1
49083,harshil,1
49084,harshil,111111111111111111111111111111111111111111@1111111111111111111111111111a1111111111111111111a111111111
49085,harshil,111
49086,harshil,111111111111111111111111111111111111111111@1111111111111111111111111111a1111111111111111111a111111111
49087,harshil,1
49088,harshil,1
49089,harshil,1
49090,harshil,111111111111111111111111111111111111111111@1111111111111111111111111111a1111111111111111111a111111111
49091,harshil,111
49092,harshil,111111111111111111111111111111111111111111@1111111111111111111111111111a1111111111111111111a111111111
49093,harshil,1
49094,harshil,1
49095,harshil,1
49096,harshil,111111111111111111111111111111111111111111@1111111111111111111111111111a1111111111111111111a111111111
49097,harshil,111
49098,harshil,111111111111111111111111111111111111111111@1111111111111111111111111111a1111111111111111111a111111111
49099,harshil,1
49100,harshil,1
49101,harshil,1
49102,harshil,111111111111111111111111111111111111111111@1111111111111111111111111111a1111111111111111111a111111111
49103,harshil,111
49104,harshil,111111111111111111111111111111111111111111@1111111111111111111111111111a1111111111111111111a111111111
49105,harshil,1
49106,harshil,1
49107,harshil,1
49108,harshil,111111111111111111111111111111111111111111@1111111111111111111111111111a1111111111111111111a111111111
49109,harshil,111
49110,harshil,111111111111111111111111111111111111111111@1111111111111111111111111111a1111111111111111111a111111111
49111,harshil,1
49112,harshil,1
49113,harshil,1
49114,harshil,111111111111111111111111111111111111111111@1111111111111111111111111111a1111111111111111111a111111111
49115,harshil,111
49116,harshil,111111111111111111111111111111111111111111@1111111111111111111111111111a1111111111111111111a111111111
49117,harshil,1
49118,harshil,1
49119,harshil,1
49120,harshil,111111111111111111111111111111111111111111@1111111111111111111111111111a1111111111111111111a111111111
49121,harshil,111
49122,harshil,111111111111111111111111111111111111111111@1111111111111111111111111111a1111111111111111111a111111111
49123,harshil,1
49124,harshil,1
49125,harshil,1
49126,harshil,111111111111111111111111111111111111111111@1111111111111111111111111111a1111111111111111111a111111111
49127,harshil,111
49128,harshil,111111111111111111111111111111111111111111@1111111111111111111111111111a1111111111111111111a111111111
49129,harshil,1
49130,harshil,1
49131,harshil,1
49132,harshil,111111111111111111111111111111111111111111@1111111111111111111111111111a1111111111111111111a111111111
49133,harshil,111
49134,harshil,111111111111111111111111111111111111111111@1111111111111111111111111111a1111111111111111111a111111111
49135,harshil,1
49136,harshil,1
49137,harshil,1
49138,harshil,111111111111111111111111111111111111111111@1111111111111111111111111111a1111111111111111111a111111111
49139,harshil,111
49140,harshil,111111111111111111111111111111111111111111@1111111111111111111111111111a1111111111111111111a111111111
49141,harshil,1
49142,harshil,1
49143,harshil,1
49144,harshil,111111111111111111111111111111111111111111@1111111111111111111111111111a1111111111111111111a111111111
49145,harshil,111
49146,harshil,111111111111111111111111111111111111111111@1111111111111111111111111111a1111111111111111111a111111111
49147,harshil,1
49148,harshil,1
49149,harshil,1
49150,harshil,111111111111111111111111111111111111111111@1111111111111111111111111111a1111111111111111111a111111111
49151,harshil,111
49152,harshil,111111111111111111111111111111111111111111@1111111111111111111111111111a1111111111111111111a111111111
49153,harshil,1
49154,harshil,1
49155,harshil,1
49156,harshil,111111111111111111111111111111111111111111@1111111111111111111111111111a1111111111111111111a111111111
49157,harshil,111
49158,harshil,111111111111111111111111111111111111111111@1111111111111111111111111111a1111111111111111111a111111111
49159,harshil,1
49160,harshil,1
49161,harshil,1
49162,harshil,111111111111111111111111111111111111111111@1111111111111111111111111111a1111111111111111111a111111111
49163,harshil,111
49164,harshil,111111111111111111111111111111111111111111@1111111111111111111111111111a1111111111111111111a111111111
49165,harshil,1
49166,harshil,1
49167,harshil,1
49168,harshil,111111111111111111111111111111111111111111@1111111111111111111111111111a1111111111111111111a111111111
49169,harshil,111
49170,harshil,111111111111111111111111111111111111111111@1111111111111111111111111111a1111111111111111111a111111111
49171,harshil,1
49172,harshil,1
49173,harshil,1
49174,harshil,111111111111111111111111111111111111111111@1111111111111111111111111111a1111111111111111111a111111111
49175,harshil,111
49176,harshil,111111111111111111111111111111111111111111@1111111111111111111111111111a1111111111111111111a111111111
49177,harshil,1
49178,harshil,1
49179,harshil,1
49180,harshil,111111111111111111111111111111111111111111@1111111111111111111111111111a1111111111111111111a111111111
49181,harshil,111
49182,harshil,111111111111111111111111111111111111111111@1111111111111111111111111111a1111111111111111111a111111111
49183,harshil,1
49184,harshil,1
49185,harshil,1
49186,harshil,111111111111111111111111111111111111111111@1111111111111111111111111111a1111111111111111111a111111111
49187,harshil,111
49188,harshil,111111111111111111111111111111111111111111@1111111111111111111111111111a1111111111111111111a111111111
49189,harshil,1
49190,harshil,1
49191,harshil,1
49192,harshil,111111111111111111111111111111111111111111@1111111111111111111111111111a1111111111111111111a111111111
49193,harshil,111
49194,harshil,111111111111111111111111111111111111111111@1111111111111111111111111111a1111111111111111111a111111111
49195,harshil,1
49196,harshil,1
49197,harshil,1
49198,harshil,111111111111111111111111111111111111111111@1111111111111111111111111111a1111111111111111111a111111111
49199,harshil,111
49200,harshil,111111111111111111111111111111111111111111@1111111111111111111111111111a1111111111111111111a111111111
49201,harshil,1
49202,harshil,1
49203,harshil,1
49204,harshil,111111111111111111111111111111111111111111@1111111111111111111111111111a1111111111111111111a111111111
49205,harshil,111
49206,harshil,111111111111111111111111111111111111111111@1111111111111111111111111111a1111111111111111111a111111111
49207,harshil,1
49208,harshil,1
49209,harshil,1
49210,harshil,111111111111111111111111111111111111111111@1111111111111111111111111111a1111111111111111111a111111111
49211,harshil,111
49212,harshil,111111111111111111111111111111111111111111@1111111111111111111111111111a1111111111111111111a111111111
49213,harshil,1
49214,harshil,1
49215,harshil,1
49216,harshil,111111111111111111111111111111111111111111@1111111111111111111111111111a1111111111111111111a111111111
49217,harshil,111
49218,harshil,111111111111111111111111111111111111111111@1111111111111111111111111111a1111111111111111111a111111111
49219,harshil,1
49220,harshil,1
49221,harshil,1
49222,harshil,111111111111111111111111111111111111111111@1111111111111111111111111111a1111111111111111111a111111111
49223,harshil,111
49224,harshil,111111111111111111111111111111111111111111@1111111111111111111111111111a1111111111111111111a111111111
49225,harshil,1
49226,harshil,1
49227,harshil,1
49228,harshil,111111111111111111111111111111111111111111@1111111111111111111111111111a1111111111111111111a111111111
49229,harshil,111
49230,harshil,111111111111111111111111111111111111111111@1111111111111111111111111111a1111111111111111111a111111111
49231,harshil,1
49232,harshil,1
49233,harshil,1
49234,harshil,111111111111111111111111111111111111111111@1111111111111111111111111111a1111111111111111111a111111111
49235,harshil,111
49236,harshil,111111111111111111111111111111111111111111@1111111111111111111111111111a1111111111111111111a111111111
49237,harshil,1
49238,harshil,1
49239,harshil,1
49240,harshil,111111111111111111111111111111111111111111@1111111111111111111111111111a1111111111111111111a111111111
49241,harshil,111
49242,harshil,111111111111111111111111111111111111111111@1111111111111111111111111111a1111111111111111111a111111111
49243,harshil,1
49244,harshil,1
49245,harshil,1
49246,harshil,111111111111111111111111111111111111111111@1111111111111111111111111111a1111111111111111111a111111111
49247,harshil,111
49248,harshil,111111111111111111111111111111111111111111@1111111111111111111111111111a1111111111111111111a111111111
49249,harshil,1
49250,harshil,1
49251,harshil,1
49252,harshil,111111111111111111111111111111111111111111@1111111111111111111111111111a1111111111111111111a111111111
49253,harshil,111
49254,harshil,111111111111111111111111111111111111111111@1111111111111111111111111111a1111111111111111111a111111111
49255,harshil,1
49256,harshil,1
49257,harshil,1
49258,harshil,111111111111111111111111111111111111111111@1111111111111111111111111111a1111111111111111111a111111111
49259,harshil,111
49260,harshil,111111111111111111111111111111111111111111@1111111111111111111111111111a1111111111111111111a111111111
49261,harshil,1
49262,harshil,1
49263,harshil,1
49264,harshil,111111111111111111111111111111111111111111@1111111111111111111111111111a1111111111111111111a111111111
49265,harshil,111
49266,harshil,111111111111111111111111111111111111111111@1111111111111111111111111111a1111111111111111111a111111111
49267,harshil,1
49268,harshil,1
49269,harshil,1
49270,harshil,111111111111111111111111111111111111111111@1111111111111111111111111111a1111111111111111111a111111111
49271,harshil,111
49272,harshil,111111111111111111111111111111111111111111@1111111111111111111111111111a1111111111111111111a111111111
49273,harshil,1
49274,harshil,1
49275,harshil,1
49276,harshil,111111111111111111111111111111111111111111@1111111111111111111111111111a1111111111111111111a111111111
49277,harshil,111
49278,harshil,111111111111111111111111111111111111111111@1111111111111111111111111111a1111111111111111111a111111111
49279,harshil,1
49280,harshil,1
49281,harshil,1
49282,harshil,111111111111111111111111111111111111111111@1111111111111111111111111111a1111111111111111111a111111111
49283,harshil,111
49284,harshil,111111111111111111111111111111111111111111@1111111111111111111111111111a1111111111111111111a111111111
49285,harshil,1
49286,harshil,1
49287,harshil,1
49288,harshil,111111111111111111111111111111111111111111@1111111111111111111111111111a1111111111111111111a111111111
49289,harshil,111
49290,harshil,111111111111111111111111111111111111111111@1111111111111111111111111111a1111111111111111111a111111111
49291,harshil,1
49292,harshil,1
49293,harshil,1
49294,harshil,111111111111111111111111111111111111111111@1111111111111111111111111111a1111111111111111111a111111111
49295,harshil,111
49296,harshil,111111111111111111111111111111111111111111@1111111111111111111111111111a1111111111111111111a111111111
49297,harshil,1
49298,harshil,1
49299,harshil,1
49300,harshil,111111111111111111111111111111111111111111@1111111111111111111111111111a1111111111111111111a111111111
49301,harshil,111
49302,harshil,111111111111111111111111111111111111111111@1111111111111111111111111111a1111111111111111111a111111111
49303,harshil,1
49304,harshil,1
49305,harshil,1
49306,harshil,111111111111111111111111111111111111111111@1111111111111111111111111111a1111111111111111111a111111111
49307,harshil,111
49308,harshil,111111111111111111111111111111111111111111@1111111111111111111111111111a1111111111111111111a111111111
49309,harshil,1
49310,harshil,1
49311,harshil,1
49312,harshil,111111111111111111111111111111111111111111@1111111111111111111111111111a1111111111111111111a111111111
49313,harshil,111
49314,harshil,111111111111111111111111111111111111111111@1111111111111111111111111111a1111111111111111111a111111111
49315,harshil,1
49316,harshil,1
49317,harshil,1
49318,harshil,111111111111111111111111111111111111111111@1111111111111111111111111111a1111111111111111111a111111111
49319,harshil,111
49320,harshil,111111111111111111111111111111111111111111@1111111111111111111111111111a1111111111111111111a111111111
49321,harshil,1
49322,harshil,1
49323,harshil,1
49324,harshil,111111111111111111111111111111111111111111@1111111111111111111111111111a1111111111111111111a111111111
49325,harshil,111
49326,harshil,111111111111111111111111111111111111111111@1111111111111111111111111111a1111111111111111111a111111111
49327,harshil,1
49328,harshil,1
49329,harshil,1
49330,harshil,111111111111111111111111111111111111111111@1111111111111111111111111111a1111111111111111111a111111111
49331,harshil,111
49332,harshil,111111111111111111111111111111111111111111@1111111111111111111111111111a1111111111111111111a111111111
49333,harshil,1
49334,harshil,1
49335,harshil,1
49336,harshil,111111111111111111111111111111111111111111@1111111111111111111111111111a1111111111111111111a111111111
49337,harshil,111
49338,harshil,111111111111111111111111111111111111111111@1111111111111111111111111111a1111111111111111111a111111111
49339,harshil,1
49340,harshil,1
49341,harshil,1
49342,harshil,111111111111111111111111111111111111111111@1111111111111111111111111111a1111111111111111111a111111111
49343,harshil,111
49344,harshil,111111111111111111111111111111111111111111@1111111111111111111111111111a1111111111111111111a111111111
49345,harshil,1
49346,harshil,1
49347,harshil,1
49348,harshil,111111111111111111111111111111111111111111@1111111111111111111111111111a1111111111111111111a111111111
49349,harshil,111
49350,harshil,111111111111111111111111111111111111111111@1111111111111111111111111111a1111111111111111111a111111111
49351,harshil,1
49352,harshil,1
49353,harshil,1
49354,harshil,111111111111111111111111111111111111111111@1111111111111111111111111111a1111111111111111111a111111111
49355,harshil,111
49356,harshil,111111111111111111111111111111111111111111@1111111111111111111111111111a1111111111111111111a111111111
49357,harshil,1
49358,harshil,1
49359,harshil,1
49360,harshil,111111111111111111111111111111111111111111@1111111111111111111111111111a1111111111111111111a111111111
49361,harshil,111
49362,harshil,111111111111111111111111111111111111111111@1111111111111111111111111111a1111111111111111111a111111111
49363,harshil,1
49364,harshil,1
49365,harshil,1
49366,harshil,111111111111111111111111111111111111111111@1111111111111111111111111111a1111111111111111111a111111111
49367,harshil,111
49368,harshil,111111111111111111111111111111111111111111@1111111111111111111111111111a1111111111111111111a111111111
49369,harshil,1
49370,harshil,1
49371,harshil,1
49372,harshil,111111111111111111111111111111111111111111@1111111111111111111111111111a1111111111111111111a111111111
49373,harshil,111
49374,harshil,111111111111111111111111111111111111111111@1111111111111111111111111111a1111111111111111111a111111111
49375,harshil,1
49376,harshil,1
49377,harshil,1
49378,harshil,111111111111111111111111111111111111111111@1111111111111111111111111111a1111111111111111111a111111111
49379,harshil,111
49380,harshil,111111111111111111111111111111111111111111@1111111111111111111111111111a1111111111111111111a111111111
49381,harshil,1
49382,harshil,1
49383,harshil,1
49384,harshil,111111111111111111111111111111111111111111@1111111111111111111111111111a1111111111111111111a111111111
49385,harshil,111
49386,harshil,111111111111111111111111111111111111111111@1111111111111111111111111111a1111111111111111111a111111111
49387,harshil,1
49388,harshil,1
49389,harshil,1
49390,harshil,111111111111111111111111111111111111111111@1111111111111111111111111111a1111111111111111111a111111111
49391,harshil,111
49392,harshil,111111111111111111111111111111111111111111@1111111111111111111111111111a1111111111111111111a111111111
49393,harshil,1
49394,harshil,1
49395,harshil,1
49396,harshil,111111111111111111111111111111111111111111@1111111111111111111111111111a1111111111111111111a111111111
49397,harshil,111
49398,harshil,111111111111111111111111111111111111111111@1111111111111111111111111111a1111111111111111111a111111111
49399,harshil,1
49400,harshil,1
49401,harshil,1
49402,harshil,111111111111111111111111111111111111111111@1111111111111111111111111111a1111111111111111111a111111111
49403,harshil,111
49404,harshil,111111111111111111111111111111111111111111@1111111111111111111111111111a1111111111111111111a111111111
49405,harshil,1
49406,harshil,1
49407,harshil,1
49408,harshil,111111111111111111111111111111111111111111@1111111111111111111111111111a1111111111111111111a111111111
49409,harshil,111
49410,harshil,111111111111111111111111111111111111111111@1111111111111111111111111111a1111111111111111111a111111111
49411,harshil,1
49412,harshil,1
49413,harshil,1
49414,harshil,111111111111111111111111111111111111111111@1111111111111111111111111111a1111111111111111111a111111111
49415,harshil,111
49416,harshil,111111111111111111111111111111111111111111@1111111111111111111111111111a1111111111111111111a111111111
49417,harshil,1
49418,harshil,1
49419,harshil,1
49420,harshil,111111111111111111111111111111111111111111@1111111111111111111111111111a1111111111111111111a111111111
49421,harshil,111
49422,harshil,111111111111111111111111111111111111111111@1111111111111111111111111111a1111111111111111111a111111111
49423,harshil,1
49424,harshil,1
49425,harshil,1
49426,harshil,111111111111111111111111111111111111111111@1111111111111111111111111111a1111111111111111111a111111111
49427,harshil,111
49428,harshil,111111111111111111111111111111111111111111@1111111111111111111111111111a1111111111111111111a111111111
49429,harshil,1
49430,harshil,1
49431,harshil,1
49432,harshil,111111111111111111111111111111111111111111@1111111111111111111111111111a1111111111111111111a111111111
49433,harshil,111
49434,harshil,111111111111111111111111111111111111111111@1111111111111111111111111111a1111111111111111111a111111111
49435,harshil,1
49436,harshil,1
49437,harshil,1
49438,harshil,111111111111111111111111111111111111111111@1111111111111111111111111111a1111111111111111111a111111111
49439,harshil,111
49440,harshil,111111111111111111111111111111111111111111@1111111111111111111111111111a1111111111111111111a111111111
49441,harshil,1
49442,harshil,1
49443,harshil,1
49444,harshil,111111111111111111111111111111111111111111@1111111111111111111111111111a1111111111111111111a111111111
49445,harshil,111
49446,harshil,111111111111111111111111111111111111111111@1111111111111111111111111111a1111111111111111111a111111111
49447,harshil,1
49448,harshil,1
49449,harshil,1
49450,harshil,111111111111111111111111111111111111111111@1111111111111111111111111111a1111111111111111111a111111111
49451,harshil,111
49452,harshil,111111111111111111111111111111111111111111@1111111111111111111111111111a1111111111111111111a111111111
49453,harshil,1
49454,harshil,1
49455,harshil,1
49456,harshil,111111111111111111111111111111111111111111@1111111111111111111111111111a1111111111111111111a111111111
49457,harshil,111
49458,harshil,111111111111111111111111111111111111111111@1111111111111111111111111111a1111111111111111111a111111111
49459,harshil,1
49460,harshil,1
49461,harshil,1
49462,harshil,111111111111111111111111111111111111111111@1111111111111111111111111111a1111111111111111111a111111111
49463,harshil,111
49464,harshil,111111111111111111111111111111111111111111@1111111111111111111111111111a1111111111111111111a111111111
49465,harshil,1
49466,harshil,1
49467,harshil,1
49468,harshil,111111111111111111111111111111111111111111@1111111111111111111111111111a1111111111111111111a111111111
49469,harshil,111
49470,harshil,111111111111111111111111111111111111111111@1111111111111111111111111111a1111111111111111111a111111111
49471,harshil,1
49472,harshil,1
49473,harshil,1
49474,harshil,111111111111111111111111111111111111111111@1111111111111111111111111111a1111111111111111111a111111111
49475,harshil,111
49476,harshil,111111111111111111111111111111111111111111@1111111111111111111111111111a1111111111111111111a111111111
49477,harshil,1
49478,harshil,1
49479,harshil,1
49480,harshil,111111111111111111111111111111111111111111@1111111111111111111111111111a1111111111111111111a111111111
49481,harshil,111
49482,harshil,111111111111111111111111111111111111111111@1111111111111111111111111111a1111111111111111111a111111111
49483,harshil,1
49484,harshil,1
49485,harshil,1
49486,harshil,111111111111111111111111111111111111111111@1111111111111111111111111111a1111111111111111111a111111111
49487,harshil,111
49488,harshil,111111111111111111111111111111111111111111@1111111111111111111111111111a1111111111111111111a111111111
49489,harshil,1
49490,harshil,1
49491,harshil,1
49492,harshil,111111111111111111111111111111111111111111@1111111111111111111111111111a1111111111111111111a111111111
49493,harshil,111
49494,harshil,111111111111111111111111111111111111111111@1111111111111111111111111111a1111111111111111111a111111111
49495,harshil,1
49496,harshil,1
49497,harshil,1
49498,harshil,111111111111111111111111111111111111111111@1111111111111111111111111111a1111111111111111111a111111111
49499,harshil,111
49500,harshil,111111111111111111111111111111111111111111@1111111111111111111111111111a1111111111111111111a111111111
49501,harshil,1
49502,harshil,1
49503,harshil,1
49504,harshil,111111111111111111111111111111111111111111@1111111111111111111111111111a1111111111111111111a111111111
49505,harshil,111
49506,harshil,111111111111111111111111111111111111111111@1111111111111111111111111111a1111111111111111111a111111111
49507,harshil,1
49508,harshil,1
49509,harshil,1
49510,harshil,111111111111111111111111111111111111111111@1111111111111111111111111111a1111111111111111111a111111111
49511,harshil,111
49512,harshil,111111111111111111111111111111111111111111@1111111111111111111111111111a1111111111111111111a111111111
49513,harshil,1
49514,harshil,1
49515,harshil,1
49516,harshil,111111111111111111111111111111111111111111@1111111111111111111111111111a1111111111111111111a111111111
49517,harshil,111
49518,harshil,111111111111111111111111111111111111111111@1111111111111111111111111111a1111111111111111111a111111111
49519,harshil,1
49520,harshil,1
49521,harshil,1
49522,harshil,111111111111111111111111111111111111111111@1111111111111111111111111111a1111111111111111111a111111111
49523,harshil,111
49524,harshil,111111111111111111111111111111111111111111@1111111111111111111111111111a1111111111111111111a111111111
49525,harshil,1
49526,harshil,1
49527,harshil,1
49528,harshil,111111111111111111111111111111111111111111@1111111111111111111111111111a1111111111111111111a111111111
49529,harshil,111
49530,harshil,111111111111111111111111111111111111111111@1111111111111111111111111111a1111111111111111111a111111111
49531,harshil,1
49532,harshil,1
49533,harshil,1
49534,harshil,111111111111111111111111111111111111111111@1111111111111111111111111111a1111111111111111111a111111111
49535,harshil,111
49536,harshil,111111111111111111111111111111111111111111@1111111111111111111111111111a1111111111111111111a111111111
49537,harshil,1
49538,harshil,1
49539,harshil,1
49540,harshil,111111111111111111111111111111111111111111@1111111111111111111111111111a1111111111111111111a111111111
49541,harshil,111
49542,harshil,111111111111111111111111111111111111111111@1111111111111111111111111111a1111111111111111111a111111111
49543,harshil,1
49544,harshil,1
49545,harshil,1
49546,harshil,111111111111111111111111111111111111111111@1111111111111111111111111111a1111111111111111111a111111111
49547,harshil,111
49548,harshil,111111111111111111111111111111111111111111@1111111111111111111111111111a1111111111111111111a111111111
49549,harshil,1
49550,harshil,1
49551,harshil,1
49552,harshil,111111111111111111111111111111111111111111@1111111111111111111111111111a1111111111111111111a111111111
49553,harshil,111
49554,harshil,111111111111111111111111111111111111111111@1111111111111111111111111111a1111111111111111111a111111111
49555,harshil,1
49556,harshil,1
49557,harshil,1
49558,harshil,111111111111111111111111111111111111111111@1111111111111111111111111111a1111111111111111111a111111111
49559,harshil,111
49560,harshil,111111111111111111111111111111111111111111@1111111111111111111111111111a1111111111111111111a111111111
49561,harshil,1
49562,harshil,1
49563,harshil,1
49564,harshil,111111111111111111111111111111111111111111@1111111111111111111111111111a1111111111111111111a111111111
49565,harshil,111
49566,harshil,111111111111111111111111111111111111111111@1111111111111111111111111111a1111111111111111111a111111111
49567,harshil,1
49568,harshil,1
49569,harshil,1
49570,harshil,111111111111111111111111111111111111111111@1111111111111111111111111111a1111111111111111111a111111111
49571,harshil,111
49572,harshil,111111111111111111111111111111111111111111@1111111111111111111111111111a1111111111111111111a111111111
49573,harshil,1
49574,harshil,1
49575,harshil,1
49576,harshil,111111111111111111111111111111111111111111@1111111111111111111111111111a1111111111111111111a111111111
49577,harshil,111
49578,harshil,111111111111111111111111111111111111111111@1111111111111111111111111111a1111111111111111111a111111111
49579,harshil,1
49580,harshil,1
49581,harshil,1
49582,harshil,111111111111111111111111111111111111111111@1111111111111111111111111111a1111111111111111111a111111111
49583,harshil,111
49584,harshil,111111111111111111111111111111111111111111@1111111111111111111111111111a1111111111111111111a111111111
49585,harshil,1
49586,harshil,1
49587,harshil,1
49588,harshil,111111111111111111111111111111111111111111@1111111111111111111111111111a1111111111111111111a111111111
49589,harshil,111
49590,harshil,111111111111111111111111111111111111111111@1111111111111111111111111111a1111111111111111111a111111111
49591,harshil,1
49592,harshil,1
49593,harshil,1
49594,harshil,111111111111111111111111111111111111111111@1111111111111111111111111111a1111111111111111111a111111111
49595,harshil,111
49596,harshil,111111111111111111111111111111111111111111@1111111111111111111111111111a1111111111111111111a111111111
49597,harshil,1
49598,harshil,1
49599,harshil,1
49600,harshil,111111111111111111111111111111111111111111@1111111111111111111111111111a1111111111111111111a111111111
49601,harshil,111
49602,harshil,111111111111111111111111111111111111111111@1111111111111111111111111111a1111111111111111111a111111111
49603,harshil,1
49604,harshil,1
49605,harshil,1
49606,harshil,111111111111111111111111111111111111111111@1111111111111111111111111111a1111111111111111111a111111111
49607,harshil,111
49608,harshil,111111111111111111111111111111111111111111@1111111111111111111111111111a1111111111111111111a111111111
49609,harshil,1
49610,harshil,1
49611,harshil,1
49612,harshil,111111111111111111111111111111111111111111@1111111111111111111111111111a1111111111111111111a111111111
49613,harshil,111
49614,harshil,111111111111111111111111111111111111111111@1111111111111111111111111111a1111111111111111111a111111111
49615,harshil,1
49616,harshil,1
49617,harshil,1
49618,harshil,111111111111111111111111111111111111111111@1111111111111111111111111111a1111111111111111111a111111111
49619,harshil,111
49620,harshil,111111111111111111111111111111111111111111@1111111111111111111111111111a1111111111111111111a111111111
49621,harshil,1
49622,harshil,1
49623,harshil,1
49624,harshil,111111111111111111111111111111111111111111@1111111111111111111111111111a1111111111111111111a111111111
49625,harshil,111
49626,harshil,111111111111111111111111111111111111111111@1111111111111111111111111111a1111111111111111111a111111111
49627,harshil,1
49628,harshil,1
49629,harshil,1
49630,harshil,111111111111111111111111111111111111111111@1111111111111111111111111111a1111111111111111111a111111111
49631,harshil,111
49632,harshil,111111111111111111111111111111111111111111@1111111111111111111111111111a1111111111111111111a111111111
49633,harshil,1
49634,harshil,1
49635,harshil,1
49636,harshil,111111111111111111111111111111111111111111@1111111111111111111111111111a1111111111111111111a111111111
49637,harshil,111
49638,harshil,111111111111111111111111111111111111111111@1111111111111111111111111111a1111111111111111111a111111111
49639,harshil,1
49640,harshil,1
49641,harshil,1
49642,harshil,111111111111111111111111111111111111111111@1111111111111111111111111111a1111111111111111111a111111111
49643,harshil,111
49644,harshil,111111111111111111111111111111111111111111@1111111111111111111111111111a1111111111111111111a111111111
49645,harshil,1
49646,harshil,1
49647,harshil,1
49648,harshil,111111111111111111111111111111111111111111@1111111111111111111111111111a1111111111111111111a111111111
49649,harshil,111
49650,harshil,111111111111111111111111111111111111111111@1111111111111111111111111111a1111111111111111111a111111111
49651,harshil,1
49652,harshil,1
49653,harshil,1
49654,harshil,111111111111111111111111111111111111111111@1111111111111111111111111111a1111111111111111111a111111111
49655,harshil,111
49656,harshil,111111111111111111111111111111111111111111@1111111111111111111111111111a1111111111111111111a111111111
49657,harshil,1
49658,harshil,1
49659,harshil,1
49660,harshil,111111111111111111111111111111111111111111@1111111111111111111111111111a1111111111111111111a111111111
49661,harshil,111
49662,harshil,111111111111111111111111111111111111111111@1111111111111111111111111111a1111111111111111111a111111111
49663,harshil,1
49664,harshil,1
49665,harshil,1
49666,harshil,111111111111111111111111111111111111111111@1111111111111111111111111111a1111111111111111111a111111111
49667,harshil,111
49668,harshil,111111111111111111111111111111111111111111@1111111111111111111111111111a1111111111111111111a111111111
49669,harshil,1
49670,harshil,1
49671,harshil,1
49672,harshil,111111111111111111111111111111111111111111@1111111111111111111111111111a1111111111111111111a111111111
49673,harshil,111
49674,harshil,111111111111111111111111111111111111111111@1111111111111111111111111111a1111111111111111111a111111111
49675,harshil,1
49676,harshil,1
49677,harshil,1
49678,harshil,111111111111111111111111111111111111111111@1111111111111111111111111111a1111111111111111111a111111111
49679,harshil,111
49680,harshil,111111111111111111111111111111111111111111@1111111111111111111111111111a1111111111111111111a111111111
49681,harshil,1
49682,harshil,1
49683,harshil,1
49684,harshil,111111111111111111111111111111111111111111@1111111111111111111111111111a1111111111111111111a111111111
49685,harshil,111
49686,harshil,111111111111111111111111111111111111111111@1111111111111111111111111111a1111111111111111111a111111111
49687,harshil,1
49688,harshil,1
49689,harshil,1
49690,harshil,111111111111111111111111111111111111111111@1111111111111111111111111111a1111111111111111111a111111111
49691,harshil,111
49692,harshil,111111111111111111111111111111111111111111@1111111111111111111111111111a1111111111111111111a111111111
49693,harshil,1
49694,harshil,1
49695,harshil,1
49696,harshil,111111111111111111111111111111111111111111@1111111111111111111111111111a1111111111111111111a111111111
49697,harshil,111
49698,harshil,111111111111111111111111111111111111111111@1111111111111111111111111111a1111111111111111111a111111111
49699,harshil,1
49700,harshil,1
49701,harshil,1
49702,harshil,111111111111111111111111111111111111111111@1111111111111111111111111111a1111111111111111111a111111111
49703,harshil,111
49704,harshil,111111111111111111111111111111111111111111@1111111111111111111111111111a1111111111111111111a111111111
49705,harshil,1
49706,harshil,1
49707,harshil,1
49708,harshil,111111111111111111111111111111111111111111@1111111111111111111111111111a1111111111111111111a111111111
49709,harshil,111
49710,harshil,111111111111111111111111111111111111111111@1111111111111111111111111111a1111111111111111111a111111111
49711,harshil,1
49712,harshil,1
49713,harshil,1
49714,harshil,111111111111111111111111111111111111111111@1111111111111111111111111111a1111111111111111111a111111111
49715,harshil,111
49716,harshil,111111111111111111111111111111111111111111@1111111111111111111111111111a1111111111111111111a111111111
49717,harshil,1
49718,harshil,1
49719,harshil,1
49720,harshil,111111111111111111111111111111111111111111@1111111111111111111111111111a1111111111111111111a111111111
49721,harshil,111
49722,harshil,111111111111111111111111111111111111111111@1111111111111111111111111111a1111111111111111111a111111111
49723,harshil,1
49724,harshil,1
49725,harshil,1
49726,harshil,111111111111111111111111111111111111111111@1111111111111111111111111111a1111111111111111111a111111111
49727,harshil,111
49728,harshil,111111111111111111111111111111111111111111@1111111111111111111111111111a1111111111111111111a111111111
49729,harshil,1
49730,harshil,1
49731,harshil,1
49732,harshil,111111111111111111111111111111111111111111@1111111111111111111111111111a1111111111111111111a111111111
49733,harshil,111
49734,harshil,111111111111111111111111111111111111111111@1111111111111111111111111111a1111111111111111111a111111111
49735,harshil,1
49736,harshil,1
49737,harshil,1
49738,harshil,111111111111111111111111111111111111111111@1111111111111111111111111111a1111111111111111111a111111111
49739,harshil,111
49740,harshil,111111111111111111111111111111111111111111@1111111111111111111111111111a1111111111111111111a111111111
49741,harshil,1
49742,harshil,1
49743,harshil,1
49744,harshil,111111111111111111111111111111111111111111@1111111111111111111111111111a1111111111111111111a111111111
49745,harshil,111
49746,harshil,111111111111111111111111111111111111111111@1111111111111111111111111111a1111111111111111111a111111111
49747,harshil,1
49748,harshil,1
49749,harshil,1
49750,harshil,111111111111111111111111111111111111111111@1111111111111111111111111111a1111111111111111111a111111111
49751,harshil,111
49752,harshil,111111111111111111111111111111111111111111@1111111111111111111111111111a1111111111111111111a111111111
49753,harshil,1
49754,harshil,1
49755,harshil,1
49756,harshil,111111111111111111111111111111111111111111@1111111111111111111111111111a1111111111111111111a111111111
49757,harshil,111
49758,harshil,111111111111111111111111111111111111111111@1111111111111111111111111111a1111111111111111111a111111111
49759,harshil,1
49760,harshil,1
49761,harshil,1
49762,harshil,111111111111111111111111111111111111111111@1111111111111111111111111111a1111111111111111111a111111111
49763,harshil,111
49764,harshil,111111111111111111111111111111111111111111@1111111111111111111111111111a1111111111111111111a111111111
49765,harshil,1
49766,harshil,1
49767,harshil,1
49768,harshil,111111111111111111111111111111111111111111@1111111111111111111111111111a1111111111111111111a111111111
49769,harshil,111
49770,harshil,111111111111111111111111111111111111111111@1111111111111111111111111111a1111111111111111111a111111111
49771,harshil,1
49772,harshil,1
49773,harshil,1
49774,harshil,111111111111111111111111111111111111111111@1111111111111111111111111111a1111111111111111111a111111111
49775,harshil,111
49776,harshil,111111111111111111111111111111111111111111@1111111111111111111111111111a1111111111111111111a111111111
49777,harshil,1
49778,harshil,1
49779,harshil,1
49780,harshil,111111111111111111111111111111111111111111@1111111111111111111111111111a1111111111111111111a111111111
49781,harshil,111
49782,harshil,111111111111111111111111111111111111111111@1111111111111111111111111111a1111111111111111111a111111111
49783,harshil,1
49784,harshil,1
49785,harshil,1
49786,harshil,111111111111111111111111111111111111111111@1111111111111111111111111111a1111111111111111111a111111111
49787,harshil,111
49788,harshil,111111111111111111111111111111111111111111@1111111111111111111111111111a1111111111111111111a111111111
49789,harshil,1
49790,harshil,1
49791,harshil,1
49792,harshil,111111111111111111111111111111111111111111@1111111111111111111111111111a1111111111111111111a111111111
49793,harshil,111
49794,harshil,111111111111111111111111111111111111111111@1111111111111111111111111111a1111111111111111111a111111111
49795,harshil,1
49796,harshil,1
49797,harshil,1
49798,harshil,111111111111111111111111111111111111111111@1111111111111111111111111111a1111111111111111111a111111111
49799,harshil,111
49800,harshil,111111111111111111111111111111111111111111@1111111111111111111111111111a1111111111111111111a111111111
49801,harshil,1
49802,harshil,1
49803,harshil,1
49804,harshil,111111111111111111111111111111111111111111@1111111111111111111111111111a1111111111111111111a111111111
49805,harshil,111
49806,harshil,111111111111111111111111111111111111111111@1111111111111111111111111111a1111111111111111111a111111111
49807,harshil,1
49808,harshil,1
49809,harshil,1
49810,harshil,111111111111111111111111111111111111111111@1111111111111111111111111111a1111111111111111111a111111111
49811,harshil,111
49812,harshil,111111111111111111111111111111111111111111@1111111111111111111111111111a1111111111111111111a111111111
49813,harshil,1
49814,harshil,1
49815,harshil,1
49816,harshil,111111111111111111111111111111111111111111@1111111111111111111111111111a1111111111111111111a111111111
49817,harshil,111
49818,harshil,111111111111111111111111111111111111111111@1111111111111111111111111111a1111111111111111111a111111111
49819,harshil,1
49820,harshil,1
49821,harshil,1
49822,harshil,111111111111111111111111111111111111111111@1111111111111111111111111111a1111111111111111111a111111111
49823,harshil,111
49824,harshil,111111111111111111111111111111111111111111@1111111111111111111111111111a1111111111111111111a111111111
49825,harshil,1
49826,harshil,1
49827,harshil,1
49828,harshil,111111111111111111111111111111111111111111@1111111111111111111111111111a1111111111111111111a111111111
49829,harshil,111
49830,harshil,111111111111111111111111111111111111111111@1111111111111111111111111111a1111111111111111111a111111111
49831,harshil,1
49832,harshil,1
49833,harshil,1
49834,harshil,111111111111111111111111111111111111111111@1111111111111111111111111111a1111111111111111111a111111111
49835,harshil,111
49836,harshil,111111111111111111111111111111111111111111@1111111111111111111111111111a1111111111111111111a111111111
49837,harshil,1
49838,harshil,1
49839,harshil,1
49840,harshil,111111111111111111111111111111111111111111@1111111111111111111111111111a1111111111111111111a111111111
49841,harshil,111
49842,harshil,111111111111111111111111111111111111111111@1111111111111111111111111111a1111111111111111111a111111111
49843,harshil,1
49844,harshil,1
49845,harshil,1
49846,harshil,111111111111111111111111111111111111111111@1111111111111111111111111111a1111111111111111111a111111111
49847,harshil,111
49848,harshil,111111111111111111111111111111111111111111@1111111111111111111111111111a1111111111111111111a111111111
49849,harshil,1
49850,harshil,1
49851,harshil,1
49852,harshil,111111111111111111111111111111111111111111@1111111111111111111111111111a1111111111111111111a111111111
49853,harshil,111
49854,harshil,111111111111111111111111111111111111111111@1111111111111111111111111111a1111111111111111111a111111111
49855,harshil,1
49856,harshil,1
49857,harshil,1
49858,harshil,111111111111111111111111111111111111111111@1111111111111111111111111111a1111111111111111111a111111111
49859,harshil,111
49860,harshil,111111111111111111111111111111111111111111@1111111111111111111111111111a1111111111111111111a111111111
49861,harshil,1
49862,harshil,1
49863,harshil,1
49864,harshil,111111111111111111111111111111111111111111@1111111111111111111111111111a1111111111111111111a111111111
49865,harshil,111
49866,harshil,111111111111111111111111111111111111111111@1111111111111111111111111111a1111111111111111111a111111111
49867,harshil,1
49868,harshil,1
49869,harshil,1
49870,harshil,111111111111111111111111111111111111111111@1111111111111111111111111111a1111111111111111111a111111111
49871,harshil,111
49872,harshil,111111111111111111111111111111111111111111@1111111111111111111111111111a1111111111111111111a111111111
49873,harshil,1
49874,harshil,1
49875,harshil,1
49876,harshil,111111111111111111111111111111111111111111@1111111111111111111111111111a1111111111111111111a111111111
49877,harshil,111
49878,harshil,111111111111111111111111111111111111111111@1111111111111111111111111111a1111111111111111111a111111111
49879,harshil,1
49880,harshil,1
49881,harshil,1
49882,harshil,111111111111111111111111111111111111111111@1111111111111111111111111111a1111111111111111111a111111111
49883,harshil,111
49884,harshil,111111111111111111111111111111111111111111@1111111111111111111111111111a1111111111111111111a111111111
49885,harshil,1
49886,harshil,1
49887,harshil,1
49888,harshil,111111111111111111111111111111111111111111@1111111111111111111111111111a1111111111111111111a111111111
49889,harshil,111
49890,harshil,111111111111111111111111111111111111111111@1111111111111111111111111111a1111111111111111111a111111111
49891,harshil,1
49892,harshil,1
49893,harshil,1
49894,harshil,111111111111111111111111111111111111111111@1111111111111111111111111111a1111111111111111111a111111111
49895,harshil,111
49896,harshil,1
49897,harshil,1
49898,harshil,1
49899,harshil,111
49900,harshil,111111111111111111111111111111111111111111@1111111111111111111111111111a1111111111111111111a111111111
49901,harshil,1
49902,harshil,1
49903,harshil,1
49904,harshil,111111111111111111111111111111111111111111@1111111111111111111111111111a1111111111111111111a111111111
49905,harshil,111
49906,harshil,111111111111111111111111111111111111111111@1111111111111111111111111111a1111111111111111111a111111111
49907,harshil,1
49908,harshil,1
49909,harshil,1
49910,harshil,111111111111111111111111111111111111111111@1111111111111111111111111111a1111111111111111111a111111111
49911,harshil,111
49912,harshil,111111111111111111111111111111111111111111@1111111111111111111111111111a1111111111111111111a111111111
49913,harshil,1
49914,harshil,1
49915,harshil,1
49916,harshil,111111111111111111111111111111111111111111@1111111111111111111111111111a1111111111111111111a111111111
49917,harshil,111
49918,harshil,1
49919,harshil,1
49920,harshil,1
49921,harshil,111
49922,harshil,111111111111111111111111111111111111111111@1111111111111111111111111111a1111111111111111111a111111111
49923,harshil,1
49924,harshil,1
49925,harshil,1
49926,harshil,111111111111111111111111111111111111111111@1111111111111111111111111111a1111111111111111111a111111111
49927,harshil,111
49928,harshil,111111111111111111111111111111111111111111@1111111111111111111111111111a1111111111111111111a111111111
49929,harshil,1
49930,harshil,1
49931,harshil,1
49932,harshil,111111111111111111111111111111111111111111@1111111111111111111111111111a1111111111111111111a111111111
49933,harshil,111
49934,harshil,111111111111111111111111111111111111111111@1111111111111111111111111111a1111111111111111111a111111111
49935,harshil,1
49936,harshil,1
49937,harshil,1
49938,harshil,111111111111111111111111111111111111111111@1111111111111111111111111111a1111111111111111111a111111111
49939,harshil,111
49940,harshil,1
49941,harshil,1
49942,harshil,1
49943,harshil,111
49944,harshil,111111111111111111111111111111111111111111@1111111111111111111111111111a1111111111111111111a111111111
49945,harshil,1
49946,harshil,1
49947,harshil,1
49948,harshil,111111111111111111111111111111111111111111@1111111111111111111111111111a1111111111111111111a111111111
49949,harshil,111
49950,harshil,111111111111111111111111111111111111111111@1111111111111111111111111111a1111111111111111111a111111111
49951,harshil,1
49952,harshil,1
49953,harshil,1
49954,harshil,111111111111111111111111111111111111111111@1111111111111111111111111111a1111111111111111111a111111111
49955,harshil,111
49956,harshil,111111111111111111111111111111111111111111@1111111111111111111111111111a1111111111111111111a111111111
49957,harshil,1
49958,harshil,1
49959,harshil,1
49960,harshil,111111111111111111111111111111111111111111@1111111111111111111111111111a1111111111111111111a111111111
49961,harshil,111
49962,harshil,1
49963,harshil,1
49964,harshil,1
49965,harshil,111
49966,harshil,111111111111111111111111111111111111111111@1111111111111111111111111111a1111111111111111111a111111111
49967,harshil,1
49968,harshil,1
49969,harshil,1
49970,harshil,111111111111111111111111111111111111111111@1111111111111111111111111111a1111111111111111111a111111111
49971,harshil,111
49972,harshil,111111111111111111111111111111111111111111@1111111111111111111111111111a1111111111111111111a111111111
49973,harshil,1
49974,harshil,1
49975,harshil,1
49976,harshil,111111111111111111111111111111111111111111@1111111111111111111111111111a1111111111111111111a111111111
49977,harshil,111
49978,harshil,111111111111111111111111111111111111111111@1111111111111111111111111111a1111111111111111111a111111111
49979,harshil,1
49980,harshil,1
49981,harshil,1
49982,harshil,111111111111111111111111111111111111111111@1111111111111111111111111111a1111111111111111111a111111111
49983,harshil,111
49984,harshil,1
49985,harshil,1
49986,harshil,1
49987,harshil,111
49988,harshil,111111111111111111111111111111111111111111@1111111111111111111111111111a1111111111111111111a111111111
49989,harshil,1
49990,harshil,1
49991,harshil,1
49992,harshil,111111111111111111111111111111111111111111@1111111111111111111111111111a1111111111111111111a111111111
49993,harshil,111
49994,harshil,111111111111111111111111111111111111111111@1111111111111111111111111111a1111111111111111111a111111111
49995,harshil,1
49996,harshil,1
49997,harshil,1
49998,harshil,111111111111111111111111111111111111111111@1111111111111111111111111111a1111111111111111111a111111111
